#CId	PlId	SegId	AorT	UorD	p0	p1
#BHT
1	0	0	0	0	0.0	9.02413784060305
1	0	1	0	0	0.0	8.424551143243798
1	0	2	0	0	0.0	9.700008084512811
1	0	3	0	0	0.0	8.738787931286561
1	0	4	0	0	0.0	9.158886339084722
1	0	5	0	0	0.0	9.002911473917532
1	0	6	0	0	0.0	9.511256164907063
1	0	7	0	0	0.0	7.599751557708854
1	0	8	0	0	0.0	9.317483780446631
1	0	9	0	0	0.0	8.365642548252735
1	0	10	0	0	0.0	8.949749748898263
1	0	11	0	0	0.0	8.078824674261579
1	0	12	0	0	0.0	9.48287400394164
1	0	13	0	0	0.0	8.38773776431706
1	0	14	0	0	0.0	9.400066731460084
1	0	15	0	0	0.0	7.918560831353739
1	0	16	0	0	0.0	8.90331880982533
1	0	17	0	0	0.0	8.56738629892707
1	0	18	0	0	0.0	8.997963362871044
1	0	19	0	0	0.0	8.19867348252865
1	0	20	0	0	0.0	8.776428464923963
1	0	21	0	0	0.0	8.686265526991617
1	0	22	0	0	0.0	8.776628561829783
1	0	23	0	0	0.0	7.719982880527455
1	0	24	0	0	0.0	8.994032265606384
1	0	25	0	0	0.0	8.703017289407368
1	0	26	0	0	0.0	9.015874118049009
1	0	27	0	0	0.0	8.271669710722334
1	0	28	0	0	0.0	8.879096499001106
1	0	29	0	0	0.0	8.995497357658811
1	0	30	0	0	0.0	8.833740633881053
1	0	31	0	0	0.0	8.352600442504224
1	0	32	0	0	0.0	9.080380304908243
1	0	33	0	0	0.0	8.748645622773322
1	0	34	0	0	0.0	8.904790159062472
1	0	35	0	0	0.0	8.32870638324286
1	0	36	0	0	0.0	9.063969356273768
1	0	37	0	0	0.0	8.566538794566691
1	0	38	0	0	0.0	8.798546624217346
1	0	39	0	0	0.0	8.321394203787074
1	0	40	0	0	0.0	9.064688403282334
1	0	41	0	0	0.0	8.439200237084018
1	0	42	0	0	0.0	9.159417003236328
1	0	43	0	0	0.0	8.375490690918715
1	0	44	0	0	0.0	9.114097643761896
1	0	45	0	0	0.0	8.710651419977125
1	0	46	0	0	0.0	9.024531971345434
1	0	47	0	0	0.0	8.649437773339908
1	0	48	0	0	0.0	9.41501673964956
1	0	49	0	0	0.0	8.839382937246347
1	0	50	0	0	0.0	8.965161645557057
1	0	51	0	0	0.0	8.133393548259937
1	0	52	0	0	0.0	9.130324288522992
1	0	53	0	0	0.0	8.728747699409459
1	0	54	0	0	0.0	9.33339782195128
1	0	55	0	0	0.0	8.292930249137525
1	0	56	0	0	0.0	9.287791619003576
1	0	57	0	0	0.0	9.007849653103552
1	0	58	0	0	0.0	8.983994881278168
1	0	59	0	0	0.0	8.265411687193074
1	0	60	0	0	0.0	9.387998677684735
1	0	61	0	0	0.0	9.221687342494937
1	0	62	0	0	0.0	9.604829778158877
1	0	0	0	1	0.0	9.336097898468527
1	0	1	0	1	0.0	9.728804634725511
1	0	2	0	1	0.0	9.846533509467987
1	0	3	0	1	0.0	9.758616881336012
1	0	4	0	1	0.0	9.0575949385027
1	0	5	0	1	0.0	9.449127099940936
1	0	6	0	1	0.0	9.48439812706674
1	0	7	0	1	0.0	8.655650938825778
1	0	8	0	1	0.0	8.87423226046524
1	0	9	0	1	0.0	8.776206870363252
1	0	10	0	1	0.0	8.984340751236612
1	0	11	0	1	0.0	8.933813409122848
1	0	12	0	1	0.0	9.094934033226888
1	0	13	0	1	0.0	8.688969222946264
1	0	14	0	1	0.0	8.566757749621024
1	0	15	0	1	0.0	8.911090580824908
1	0	16	0	1	0.0	8.92493314325976
1	0	17	0	1	0.0	9.039283541905359
1	0	18	0	1	0.0	9.192967382420347
1	0	19	0	1	0.0	9.131648770370054
1	0	20	0	1	0.0	8.945156558237302
1	0	21	0	1	0.0	8.901675272876552
1	0	22	0	1	0.0	8.957062497044841
1	0	23	0	1	0.0	8.825191193548049
1	0	24	0	1	0.0	8.675353305697401
1	0	25	0	1	0.0	8.763637767583129
1	0	26	0	1	0.0	8.725808831252074
1	0	27	0	1	0.0	8.901995258007949
1	0	28	0	1	0.0	8.875760753999456
1	0	29	0	1	0.0	9.0359462198203
1	0	30	0	1	0.0	8.962543873802002
1	0	31	0	1	0.0	8.991051476457939
1	0	32	0	1	0.0	8.892164783678082
1	0	33	0	1	0.0	8.784428541231406
1	0	34	0	1	0.0	8.826164261900171
1	0	35	0	1	0.0	8.708904713893624
1	0	36	0	1	0.0	8.968486612430528
1	0	37	0	1	0.0	8.657780731200392
1	0	38	0	1	0.0	8.783827705592905
1	0	39	0	1	0.0	8.88815837743464
1	0	40	0	1	0.0	8.656360114254083
1	0	41	0	1	0.0	8.544054735310532
1	0	42	0	1	0.0	8.890647231534501
1	0	43	0	1	0.0	8.709641742457517
1	0	44	0	1	0.0	8.783703764872493
1	0	45	0	1	0.0	8.679637267609843
1	0	46	0	1	0.0	8.798249508739197
1	0	47	0	1	0.0	9.037982850129683
1	0	48	0	1	0.0	9.051699728043248
1	0	49	0	1	0.0	9.075741617273545
1	0	50	0	1	0.0	8.709843731540559
1	0	51	0	1	0.0	8.492598615033293
1	0	52	0	1	0.0	8.644524328957312
1	0	53	0	1	0.0	8.640915291492895
1	0	54	0	1	0.0	9.181498175302982
1	0	55	0	1	0.0	9.068275291228069
1	0	56	0	1	0.0	8.200365842049392
1	0	57	0	1	0.0	8.910139932694635
1	0	58	0	1	0.0	8.5126216931583
1	0	59	0	1	0.0	8.982503551889955
1	0	60	0	1	0.0	8.765687822413797
1	0	61	0	1	0.0	9.099409090534824
1	0	62	0	1	0.0	9.010464755232096
1	0	0	1	0	1413972.105263158	-0.0009765625
1	0	1	1	0	1414367.5	-0.0009765625
1	0	2	1	0	1416051.923076923	-0.0009765625
1	0	3	1	0	1414719.0322580645	-0.0009765625
1	0	4	1	0	1414875.3658536586	-0.0009765625
1	0	5	1	0	1415114.0	-0.0009765625
1	0	6	1	0	1415614.155844156	-0.0009765625
1	0	7	1	0	1415253.9024390243	-0.0009765625
1	0	8	1	0	1414633.1683168316	-0.0009765625
1	0	9	1	0	1415191.4545454546	-0.0009765625
1	0	10	1	0	1414866.1818181819	-0.0009765625
1	0	11	1	0	1414720.4	-0.0009765625
1	0	12	1	0	1414410.7352941176	-0.0009765625
1	0	13	1	0	1415476.6206896552	-0.0009765625
1	0	14	1	0	1415509.2523364485	-0.0009765625
1	0	15	1	0	1415809.5338719718	-0.0009765625
1	0	16	1	0	1415459.687806217	-0.0009765625
1	0	17	1	0	1416500.7707465764	-0.0009765625
1	0	18	1	0	1416081.3559422533	-0.0009765625
1	0	19	1	0	1416351.3646619432	-0.0009765625
1	0	20	1	0	1416782.2580815062	-0.0009765625
1	0	21	1	0	1416892.184916037	-0.0009765625
1	0	22	1	0	1417078.7057212407	-0.0009765625
1	0	23	1	0	1416384.1827357358	-0.0009765625
1	0	24	1	0	1416547.1962731583	-0.0009765625
1	0	25	1	0	1416861.6983198544	-0.0009765625
1	0	26	1	0	1416997.6570984991	-0.0009765625
1	0	27	1	0	1416419.9643085485	-0.0009765625
1	0	28	1	0	1416798.6943063731	-0.0009765625
1	0	29	1	0	1416866.6564636657	-0.0009765625
1	0	30	1	0	1417009.0761662838	-0.0009765625
1	0	31	1	0	1415259.4213604536	-0.0009765625
1	0	32	1	0	1415716.671514017	-0.0009765625
1	0	33	1	0	1415539.6622731849	-0.0009765625
1	0	34	1	0	1416082.2412996688	-0.0009765625
1	0	35	1	0	1416309.8444025477	-0.0009765625
1	0	36	1	0	1416096.8067665813	-0.0009765625
1	0	37	1	0	1416528.7108324864	-0.0009765625
1	0	38	1	0	1416099.5822293614	-0.0009765625
1	0	39	1	0	1416426.1695600827	-0.0009765625
1	0	40	1	0	1415717.845461458	-0.0009765625
1	0	41	1	0	1416397.8331194487	-0.0009765625
1	0	42	1	0	1416054.1957699112	-0.0009765625
1	0	43	1	0	1416574.1214731978	-0.0009765625
1	0	44	1	0	1415887.7313326485	-0.0009765625
1	0	45	1	0	1416677.4890749115	-0.0009765625
1	0	46	1	0	1415891.8144837457	-0.0009765625
1	0	47	1	0	1416344.6312928014	-0.0009765625
1	0	48	1	0	1415739.0354301392	-0.0009765625
1	0	49	1	0	1416545.408694823	-0.0009765625
1	0	50	1	0	1415796.4096640798	-0.0009765625
1	0	51	1	0	1416403.432953315	-0.0009765625
1	0	52	1	0	1416004.5199842132	-0.0009765625
1	0	53	1	0	1416524.1900380705	-0.0009765625
1	0	54	1	0	1416312.112082873	-0.0009765625
1	0	55	1	0	1416343.3775415285	-0.0009765625
1	0	56	1	0	1415923.578740075	-0.0009765625
1	0	57	1	0	1416429.5340062708	-0.0009765625
1	0	58	1	0	1416283.831959547	-0.0009765625
1	0	59	1	0	1416642.6896675052	-0.0009765625
1	0	60	1	0	1416005.5733598373	-0.0009765625
1	0	61	1	0	1417005.7650998964	-0.0009765625
1	0	62	1	0	1416562.072781418	-0.0009765625
1	0	0	1	1	1416037.4576271186	-0.0009765625
1	0	1	1	1	1417328.596491228	-0.0009765625
1	0	2	1	1	1417139.433962264	-0.0009765625
1	0	3	1	1	1417169.375	-0.0009765625
1	0	4	1	1	1416661.5294117648	-0.0009765625
1	0	5	1	1	1417057.142857143	-0.0009765625
1	0	6	1	1	1416883.7662337662	-0.0009765625
1	0	7	1	1	1417138.6046511629	-0.0009765625
1	0	8	1	1	1416561.25	-0.0009765625
1	0	9	1	1	1417181.6981132075	-0.0009765625
1	0	10	1	1	1416491.4414414414	-0.0009765625
1	0	11	1	1	1416604.0322580645	-0.0009765625
1	0	12	1	1	1416136.4233576641	-0.0009765625
1	0	13	1	1	1417486.8055555555	-0.0009765625
1	0	14	1	1	1416426.7592592593	-0.0009765625
1	0	15	1	1	1417524.2116332478	-0.0009765625
1	0	16	1	1	1417059.4703088854	-0.0009765625
1	0	17	1	1	1418219.8459351552	-0.0009765625
1	0	18	1	1	1416876.509795018	-0.0009765625
1	0	19	1	1	1417743.7239359214	-0.0009765625
1	0	20	1	1	1416948.5789038222	-0.0009765625
1	0	21	1	1	1417838.069343952	-0.0009765625
1	0	22	1	1	1416644.8474197427	-0.0009765625
1	0	23	1	1	1417307.297087308	-0.0009765625
1	0	24	1	1	1416990.8895764854	-0.0009765625
1	0	25	1	1	1417707.3942077544	-0.0009765625
1	0	26	1	1	1416568.0994735463	-0.0009765625
1	0	27	1	1	1417134.129170095	-0.0009765625
1	0	28	1	1	1416691.9540909377	-0.0009765625
1	0	29	1	1	1416391.0472004656	-0.0009765625
1	0	30	1	1	1416064.1318310506	-0.0009765625
1	0	31	1	1	1415779.1946738202	-0.0009765625
1	0	32	1	1	1417360.740401125	-0.0009765625
1	0	33	1	1	1417175.4273356367	-0.0009765625
1	0	34	1	1	1416899.4347158757	-0.0009765625
1	0	35	1	1	1416689.510336407	-0.0009765625
1	0	36	1	1	1417062.0071320736	-0.0009765625
1	0	37	1	1	1416991.8216542604	-0.0009765625
1	0	38	1	1	1416447.1162107363	-0.0009765625
1	0	39	1	1	1416659.1453108059	-0.0009765625
1	0	40	1	1	1416904.7784589059	-0.0009765625
1	0	41	1	1	1416762.0406373737	-0.0009765625
1	0	42	1	1	1416476.0851615663	-0.0009765625
1	0	43	1	1	1416157.9226713735	-0.0009765625
1	0	44	1	1	1415546.1088321875	-0.0009765625
1	0	45	1	1	1416184.7181735162	-0.0009765625
1	0	46	1	1	1414981.4728044097	-0.0009765625
1	0	47	1	1	1415786.8431977134	-0.0009765625
1	0	48	1	1	1415160.6711124827	-0.0009765625
1	0	49	1	1	1416008.4601109389	-0.0009765625
1	0	50	1	1	1414674.0495071488	-0.0009765625
1	0	51	1	1	1415521.85129338	-0.0009765625
1	0	52	1	1	1414721.2088085848	-0.0009765625
1	0	53	1	1	1415487.068263182	-0.0009765625
1	0	54	1	1	1414561.385379437	-0.0009765625
1	0	55	1	1	1415081.4083578987	-0.0009765625
1	0	56	1	1	1415142.0475724405	-0.0009765625
1	0	57	1	1	1415492.0326292089	-0.0009765625
1	0	58	1	1	1414882.4615112601	-0.0009765625
1	0	59	1	1	1415298.3500380474	-0.0009765625
1	0	60	1	1	1415549.4201122343	-0.0009765625
1	0	61	1	1	1415635.8501574132	-0.0009765625
1	0	62	1	1	1415494.0630015999	-0.0009765625
#BH2
3	0	0	0	0	118.98605704782616	215.0655172413793
3	0	1	0	0	147.4360592926564	292.36503067484665
3	0	2	0	0	102.3293006765906	288.03968253968253
3	0	3	0	0	136.07623701980154	295.23277499152795
3	0	4	0	0	126.83319347223929	249.61349674784253
3	0	5	0	0	129.39220207124498	279.6747158658018
3	0	6	0	0	128.90399997725348	215.16147788443018
3	0	7	0	0	123.18667578182647	301.23727554463363
3	0	8	0	0	114.39045536308498	260.4697446707167
3	0	9	0	0	110.71845049805266	267.9049002861069
3	0	10	0	0	140.45687089704467	278.084861061963
3	0	11	0	0	115.92172897558248	275.8707865168539
3	0	12	0	0	111.91449677614109	309.19436201780417
3	0	13	0	0	95.66424026346682	310.7142857142857
3	0	14	0	0	143.08729053857687	309.4594594594595
3	0	0	0	1	126.3707567088336	319.56666666666666
3	0	1	0	1	107.6578851776955	281.7987012987013
3	0	2	0	1	118.83628386818602	301.8976833976834
3	0	3	0	1	90.7059805427778	252.30586985813147
3	0	4	0	1	126.4689417637042	263.45519139436317
3	0	5	0	1	107.80351093518718	243.4187729550056
3	0	6	0	1	105.30379293619006	229.76073730960553
3	0	7	0	1	109.91562264175487	253.79708974064897
3	0	8	0	1	123.13095558716533	235.89629915643508
3	0	9	0	1	106.09092163246717	228.70159122959194
3	0	10	0	1	118.5618048710731	210.90892371905565
3	0	11	0	1	116.44681210268159	286.85649546827796
3	0	12	0	1	113.58893598838173	288.63907284768214
3	0	13	0	1	107.63509285588538	310.51659751037346
3	0	14	0	1	114.02359298162901	334.03956834532374
3	0	0	1	0	721552.7272727273	-0.0009765625
3	0	1	1	0	721769.4360902256	-0.0009765625
3	0	2	1	0	722363.3512544803	-0.0009765625
3	0	3	1	0	722569.9230187853	-0.0009765625
3	0	4	1	0	723391.9909759178	-0.0009765625
3	0	5	1	0	723845.8893596438	-0.0009765625
3	0	6	1	0	722760.6265537303	-0.0009765625
3	0	7	1	0	722762.4663319412	-0.0009765625
3	0	8	1	0	723629.9534283949	-0.0009765625
3	0	9	1	0	723458.5482770178	-0.0009765625
3	0	10	1	0	722712.7360679992	-0.0009765625
3	0	11	1	0	722187.7675453785	-0.0009765625
3	0	12	1	0	722107.4905388239	-0.0009765625
3	0	13	1	0	721419.1777777778	-0.0009765625
3	0	14	1	0	721466.3970588235	-0.0009765625
3	0	0	1	1	724392.0	-0.0009765625
3	0	1	1	1	724506.5328467153	-0.0009765625
3	0	2	1	1	725921.7142857143	-0.0009765625
3	0	3	1	1	725807.6341483567	-0.0009765625
3	0	4	1	1	725500.2222108319	-0.0009765625
3	0	5	1	1	726033.7856050434	-0.0009765625
3	0	6	1	1	725992.1524750268	-0.0009765625
3	0	7	1	1	726189.2765628675	-0.0009765625
3	0	8	1	1	726831.2981540981	-0.0009765625
3	0	9	1	1	726390.242198533	-0.0009765625
3	0	10	1	1	726420.4823256178	-0.0009765625
3	0	11	1	1	724982.5275289674	-0.0009765625
3	0	12	1	1	725063.975557661	-0.0009765625
3	0	13	1	1	724309.0088105727	-0.0009765625
3	0	14	1	1	724515.3496503497	-0.0009765625
3	0	0	1	2	-0.5334848484848477	1.0
3	0	1	1	2	-0.49432812806457344	1.0
3	0	2	1	2	-0.11378365506047994	1.0
3	0	3	1	2	0.3620582658507745	1.0
3	0	4	1	2	-0.394214705924337	1.0
3	0	5	1	2	0.5367834016173257	1.0
3	0	6	1	2	-0.3631534634857091	1.0
3	0	7	1	2	0.34388282930097347	1.0
3	0	8	1	2	-0.25364028461809424	1.0
3	0	9	1	2	-0.10840862991741063	1.0
3	0	10	1	2	-0.596442653796888	1.0
3	0	11	1	2	-0.616424766942077	1.0
3	0	12	1	2	-0.8976589266316064	1.0
3	0	13	1	2	-0.737772727272727	1.0
3	0	14	1	2	-1.1793478260869563	1.0
#BAC
4	0	0	0	0	101.11803740340893	11.208
4	0	1	0	0	90.22082788990059	10.463
4	0	2	0	0	86.12274152965665	9.015
4	0	3	0	0	74.89780017162269	10.424
4	0	4	0	0	193.30807825564395	10.278
4	0	0	1	0	1.000000e+00	-9.765625e-04
4	0	1	1	0	1.000000e+00	-9.765625e-04
4	0	2	1	0	1.000000e+00	-9.765625e-04
4	0	3	1	0	1.000000e+00	-9.765625e-04
4	0	4	1	0	711454.1496359145	-0.0009765625
#HTOF
5	0	0	0	0	0.000000e+00	1.000000e+00
5	0	1	0	0	0.000000e+00	1.000000e+00
5	0	2	0	0	0.000000e+00	1.000000e+00
5	0	3	0	0	0.000000e+00	1.000000e+00
5	0	4	0	0	0.000000e+00	1.000000e+00
5	0	5	0	0	0.000000e+00	1.000000e+00
5	0	6	0	0	0.000000e+00	1.000000e+00
5	0	7	0	0	0.000000e+00	1.000000e+00
5	0	8	0	0	0.000000e+00	1.000000e+00
5	0	9	0	0	0.000000e+00	1.000000e+00
5	0	10	0	0	0.000000e+00	1.000000e+00
5	0	11	0	0	0.000000e+00	1.000000e+00
5	0	12	0	0	0.000000e+00	1.000000e+00
5	0	13	0	0	0.000000e+00	1.000000e+00
5	0	14	0	0	0.000000e+00	1.000000e+00
5	0	15	0	0	0.000000e+00	1.000000e+00
5	0	16	0	0	0.000000e+00	1.000000e+00
5	0	17	0	0	0.000000e+00	1.000000e+00
5	0	18	0	0	0.000000e+00	1.000000e+00
5	0	19	0	0	0.000000e+00	1.000000e+00
5	0	20	0	0	0.000000e+00	1.000000e+00
5	0	21	0	0	0.000000e+00	1.000000e+00
5	0	22	0	0	0.000000e+00	1.000000e+00
5	0	23	0	0	0.000000e+00	1.000000e+00
5	0	24	0	0	0.000000e+00	1.000000e+00
5	0	25	0	0	0.000000e+00	1.000000e+00
5	0	26	0	0	0.000000e+00	1.000000e+00
5	0	27	0	0	0.000000e+00	1.000000e+00
5	0	28	0	0	0.000000e+00	1.000000e+00
5	0	29	0	0	0.000000e+00	1.000000e+00
5	0	30	0	0	0.000000e+00	1.000000e+00
5	0	31	0	0	0.000000e+00	1.000000e+00
5	0	32	0	0	0.000000e+00	1.000000e+00
5	0	33	0	0	0.000000e+00	1.000000e+00
5	0	0	0	1	0.000000e+00	1.000000e+00
5	0	1	0	1	0.000000e+00	1.000000e+00
5	0	2	0	1	0.000000e+00	1.000000e+00
5	0	3	0	1	0.000000e+00	1.000000e+00
5	0	4	0	1	0.000000e+00	1.000000e+00
5	0	5	0	1	0.000000e+00	1.000000e+00
5	0	6	0	1	0.000000e+00	1.000000e+00
5	0	7	0	1	0.000000e+00	1.000000e+00
5	0	8	0	1	0.000000e+00	1.000000e+00
5	0	9	0	1	0.000000e+00	1.000000e+00
5	0	10	0	1	0.000000e+00	1.000000e+00
5	0	11	0	1	0.000000e+00	1.000000e+00
5	0	12	0	1	0.000000e+00	1.000000e+00
5	0	13	0	1	0.000000e+00	1.000000e+00
5	0	14	0	1	0.000000e+00	1.000000e+00
5	0	15	0	1	0.000000e+00	1.000000e+00
5	0	16	0	1	0.000000e+00	1.000000e+00
5	0	17	0	1	0.000000e+00	1.000000e+00
5	0	18	0	1	0.000000e+00	1.000000e+00
5	0	19	0	1	0.000000e+00	1.000000e+00
5	0	20	0	1	0.000000e+00	1.000000e+00
5	0	21	0	1	0.000000e+00	1.000000e+00
5	0	22	0	1	0.000000e+00	1.000000e+00
5	0	23	0	1	0.000000e+00	1.000000e+00
5	0	24	0	1	0.000000e+00	1.000000e+00
5	0	25	0	1	0.000000e+00	1.000000e+00
5	0	26	0	1	0.000000e+00	1.000000e+00
5	0	27	0	1	0.000000e+00	1.000000e+00
5	0	28	0	1	0.000000e+00	1.000000e+00
5	0	29	0	1	0.000000e+00	1.000000e+00
5	0	30	0	1	0.000000e+00	1.000000e+00
5	0	31	0	1	0.000000e+00	1.000000e+00
5	0	32	0	1	0.000000e+00	1.000000e+00
5	0	33	0	1	0.000000e+00	1.000000e+00
5	0	0	0	2	0.000000e+00	1.000000e+00
5	0	1	0	2	0.000000e+00	1.000000e+00
5	0	2	0	2	0.000000e+00	1.000000e+00
5	0	3	0	2	0.000000e+00	1.000000e+00
5	0	4	0	2	0.000000e+00	1.000000e+00
5	0	5	0	2	0.000000e+00	1.000000e+00
5	0	6	0	2	0.000000e+00	1.000000e+00
5	0	7	0	2	0.000000e+00	1.000000e+00
5	0	8	0	2	0.000000e+00	1.000000e+00
5	0	9	0	2	0.000000e+00	1.000000e+00
5	0	10	0	2	0.000000e+00	1.000000e+00
5	0	11	0	2	0.000000e+00	1.000000e+00
5	0	12	0	2	0.000000e+00	1.000000e+00
5	0	13	0	2	0.000000e+00	1.000000e+00
5	0	14	0	2	0.000000e+00	1.000000e+00
5	0	15	0	2	0.000000e+00	1.000000e+00
5	0	16	0	2	0.000000e+00	1.000000e+00
5	0	17	0	2	0.000000e+00	1.000000e+00
5	0	18	0	2	0.000000e+00	1.000000e+00
5	0	19	0	2	0.000000e+00	1.000000e+00
5	0	20	0	2	0.000000e+00	1.000000e+00
5	0	21	0	2	0.000000e+00	1.000000e+00
5	0	22	0	2	0.000000e+00	1.000000e+00
5	0	23	0	2	0.000000e+00	1.000000e+00
5	0	24	0	2	0.000000e+00	1.000000e+00
5	0	25	0	2	0.000000e+00	1.000000e+00
5	0	26	0	2	0.000000e+00	1.000000e+00
5	0	27	0	2	0.000000e+00	1.000000e+00
5	0	28	0	2	0.000000e+00	1.000000e+00
5	0	29	0	2	0.000000e+00	1.000000e+00
5	0	30	0	2	0.000000e+00	1.000000e+00
5	0	31	0	2	0.000000e+00	1.000000e+00
5	0	32	0	2	0.000000e+00	1.000000e+00
5	0	33	0	2	0.000000e+00	1.000000e+00
5	0	0	1	0	1.000000e+00	-9.765625e-04
5	0	1	1	0	1.000000e+00	-9.765625e-04
5	0	2	1	0	1.000000e+00	-9.765625e-04
5	0	3	1	0	1.000000e+00	-9.765625e-04
5	0	4	1	0	1.000000e+00	-9.765625e-04
5	0	5	1	0	1.000000e+00	-9.765625e-04
5	0	6	1	0	1.000000e+00	-9.765625e-04
5	0	7	1	0	1.000000e+00	-9.765625e-04
5	0	8	1	0	1.000000e+00	-9.765625e-04
5	0	9	1	0	1.000000e+00	-9.765625e-04
5	0	10	1	0	1.000000e+00	-9.765625e-04
5	0	11	1	0	1.000000e+00	-9.765625e-04
5	0	12	1	0	1.000000e+00	-9.765625e-04
5	0	13	1	0	1.000000e+00	-9.765625e-04
5	0	14	1	0	1.000000e+00	-9.765625e-04
5	0	15	1	0	1.000000e+00	-9.765625e-04
5	0	16	1	0	1.000000e+00	-9.765625e-04
5	0	17	1	0	1.000000e+00	-9.765625e-04
5	0	18	1	0	1.000000e+00	-9.765625e-04
5	0	19	1	0	1.000000e+00	-9.765625e-04
5	0	20	1	0	1.000000e+00	-9.765625e-04
5	0	21	1	0	1.000000e+00	-9.765625e-04
5	0	22	1	0	1.000000e+00	-9.765625e-04
5	0	23	1	0	1.000000e+00	-9.765625e-04
5	0	24	1	0	1.000000e+00	-9.765625e-04
5	0	25	1	0	1.000000e+00	-9.765625e-04
5	0	26	1	0	1.000000e+00	-9.765625e-04
5	0	27	1	0	1.000000e+00	-9.765625e-04
5	0	28	1	0	1.000000e+00	-9.765625e-04
5	0	29	1	0	1.000000e+00	-9.765625e-04
5	0	30	1	0	1.000000e+00	-9.765625e-04
5	0	31	1	0	1.000000e+00	-9.765625e-04
5	0	32	1	0	1.000000e+00	-9.765625e-04
5	0	33	1	0	1.000000e+00	-9.765625e-04
5	0	0	1	1	1.000000e+00	-9.765625e-04
5	0	1	1	1	1.000000e+00	-9.765625e-04
5	0	2	1	1	1.000000e+00	-9.765625e-04
5	0	3	1	1	1.000000e+00	-9.765625e-04
5	0	4	1	1	1.000000e+00	-9.765625e-04
5	0	5	1	1	1.000000e+00	-9.765625e-04
5	0	6	1	1	1.000000e+00	-9.765625e-04
5	0	7	1	1	1.000000e+00	-9.765625e-04
5	0	8	1	1	1.000000e+00	-9.765625e-04
5	0	9	1	1	1.000000e+00	-9.765625e-04
5	0	10	1	1	1.000000e+00	-9.765625e-04
5	0	11	1	1	1.000000e+00	-9.765625e-04
5	0	12	1	1	1.000000e+00	-9.765625e-04
5	0	13	1	1	1.000000e+00	-9.765625e-04
5	0	14	1	1	1.000000e+00	-9.765625e-04
5	0	15	1	1	1.000000e+00	-9.765625e-04
5	0	16	1	1	1.000000e+00	-9.765625e-04
5	0	17	1	1	1.000000e+00	-9.765625e-04
5	0	18	1	1	1.000000e+00	-9.765625e-04
5	0	19	1	1	1.000000e+00	-9.765625e-04
5	0	20	1	1	1.000000e+00	-9.765625e-04
5	0	21	1	1	1.000000e+00	-9.765625e-04
5	0	22	1	1	1.000000e+00	-9.765625e-04
5	0	23	1	1	1.000000e+00	-9.765625e-04
5	0	24	1	1	1.000000e+00	-9.765625e-04
5	0	25	1	1	1.000000e+00	-9.765625e-04
5	0	26	1	1	1.000000e+00	-9.765625e-04
5	0	27	1	1	1.000000e+00	-9.765625e-04
5	0	28	1	1	1.000000e+00	-9.765625e-04
5	0	29	1	1	1.000000e+00	-9.765625e-04
5	0	30	1	1	1.000000e+00	-9.765625e-04
5	0	31	1	1	1.000000e+00	-9.765625e-04
5	0	32	1	1	1.000000e+00	-9.765625e-04
5	0	33	1	1	1.000000e+00	-9.765625e-04
5	0	0	1	2	1.000000e+00	-9.765625e-04
5	0	1	1	2	1.000000e+00	-9.765625e-04
5	0	2	1	2	1.000000e+00	-9.765625e-04
5	0	3	1	2	1.000000e+00	-9.765625e-04
5	0	4	1	2	1.000000e+00	-9.765625e-04
5	0	5	1	2	1.000000e+00	-9.765625e-04
5	0	6	1	2	1.000000e+00	-9.765625e-04
5	0	7	1	2	1.000000e+00	-9.765625e-04
5	0	8	1	2	1.000000e+00	-9.765625e-04
5	0	9	1	2	1.000000e+00	-9.765625e-04
5	0	10	1	2	1.000000e+00	-9.765625e-04
5	0	11	1	2	1.000000e+00	-9.765625e-04
5	0	12	1	2	1.000000e+00	-9.765625e-04
5	0	13	1	2	1.000000e+00	-9.765625e-04
5	0	14	1	2	1.000000e+00	-9.765625e-04
5	0	15	1	2	1.000000e+00	-9.765625e-04
5	0	16	1	2	1.000000e+00	-9.765625e-04
5	0	17	1	2	1.000000e+00	-9.765625e-04
5	0	18	1	2	1.000000e+00	-9.765625e-04
5	0	19	1	2	1.000000e+00	-9.765625e-04
5	0	20	1	2	1.000000e+00	-9.765625e-04
5	0	21	1	2	1.000000e+00	-9.765625e-04
5	0	22	1	2	1.000000e+00	-9.765625e-04
5	0	23	1	2	1.000000e+00	-9.765625e-04
5	0	24	1	2	1.000000e+00	-9.765625e-04
5	0	25	1	2	1.000000e+00	-9.765625e-04
5	0	26	1	2	1.000000e+00	-9.765625e-04
5	0	27	1	2	1.000000e+00	-9.765625e-04
5	0	28	1	2	1.000000e+00	-9.765625e-04
5	0	29	1	2	1.000000e+00	-9.765625e-04
5	0	30	1	2	1.000000e+00	-9.765625e-04
5	0	31	1	2	1.000000e+00	-9.765625e-04
5	0	32	1	2	1.000000e+00	-9.765625e-04
5	0	33	1	2	1.000000e+00	-9.765625e-04
#KVC
6	0	0	0	0	123.21308106975103	9.405720e+00
6	0	1	0	0	99.00979293734574	9.293611e+00
6	0	2	0	0	101.29506263717465	9.794817e+00
6	0	3	0	0	116.26839144776666	8.935510e+00
6	0	4	0	0	115.09246869498551	9.405720e+00
6	0	5	0	0	126.51064512037176	9.293611e+00
6	0	6	0	0	102.42206158602858	9.794817e+00
6	0	7	0	0	120.36183133343467	8.935510e+00
6	0	0	0	1	140.05503413789782	8.864464e+00
6	0	1	0	1	113.31500011532634	1.002469e+01
6	0	2	0	1	142.13743407697038	9.032530e+00
6	0	3	0	1	87.72601610020806	8.566897e+00
6	0	4	0	1	96.76074940294589	8.864464e+00
6	0	5	0	1	119.79569291217278	1.002469e+01
6	0	6	0	1	103.82350958762002	9.032530e+00
6	0	7	0	1	113.1803025441823	8.566897e+00
6	0	0	0	2	103.05833122616737	9.281763e+00
6	0	1	0	2	107.30302886378222	9.597398e+00
6	0	2	0	2	111.25905873364385	9.604148e+00
6	0	3	0	2	96.72273987409717	9.156487e+00
6	0	4	0	2	90.80618848294104	9.281763e+00
6	0	5	0	2	105.96118080480505	9.597398e+00
6	0	6	0	2	110.71377164609041	9.604148e+00
6	0	7	0	2	113.64094931454311	9.156487e+00
6	0	0	0	3	109.82959736097834	9.215651e+00
6	0	1	0	3	133.97790050210375	9.984777e+00
6	0	2	0	3	110.65211971096066	9.305942e+00
6	0	3	0	3	100.34779850030365	9.693401e+00
6	0	4	0	3	100.07689751961917	9.215651e+00
6	0	5	0	3	121.45086576499783	9.984777e+00
6	0	6	0	3	88.23190700877619	9.305942e+00
6	0	7	0	3	125.84007775741048	9.693401e+00
6	0	0	0	4	161.46309241306437	9.192747e+00
6	0	1	0	4	141.33646372705874	9.755004e+00
6	0	2	0	4	91.68321751871422	9.437462e+00
6	0	3	0	4	94.03506423509631	9.100621e+00
6	0	4	0	4	177.63706381594926	9.192747e+00
6	0	5	0	4	88.71994662743266	9.755004e+00
6	0	6	0	4	101.33557047437593	9.437462e+00
6	0	7	0	4	248.16892839609113	9.100621e+00
6	0	0	1	4	692501.1968130528	-0.0009765625
6	0	1	1	4	693670.1859024076	-0.0009765625
6	0	2	1	4	696412.5208730284	-0.0009765625
6	0	3	1	4	697399.3022433787	-0.0009765625
6	0	4	1	4	697079.6221716538	-0.0009765625
6	0	5	1	4	697260.2574585866	-0.0009765625
6	0	6	1	4	695083.7330091769	-0.0009765625
6	0	7	1	4	693791.9136114784	-0.0009765625
#T1
7	0	0	0	0	260.60269282520295	368.19958047274855
7	0	0	1	0	700873.6968095686	-0.0009765625
#CVC
8	0	0	0	0	0.000000e+00	1.000000e+00
8	0	1	0	0	0.000000e+00	1.000000e+00
8	0	2	0	0	0.000000e+00	1.000000e+00
8	0	3	0	0	0.000000e+00	1.000000e+00
8	0	4	0	0	0.000000e+00	1.000000e+00
8	0	5	0	0	0.000000e+00	1.000000e+00
8	0	6	0	0	0.000000e+00	1.000000e+00
8	0	7	0	0	0.000000e+00	1.000000e+00
8	0	0	0	1	0.000000e+00	1.000000e+00
8	0	1	0	1	0.000000e+00	1.000000e+00
8	0	2	0	1	0.000000e+00	1.000000e+00
8	0	3	0	1	0.000000e+00	1.000000e+00
8	0	4	0	1	0.000000e+00	1.000000e+00
8	0	5	0	1	0.000000e+00	1.000000e+00
8	0	6	0	1	0.000000e+00	1.000000e+00
8	0	7	0	1	0.000000e+00	1.000000e+00
8	0	0	1	0	1.000000e+00	-9.765625e-04
8	0	1	1	0	1.000000e+00	-9.765625e-04
8	0	2	1	0	1.000000e+00	-9.765625e-04
8	0	3	1	0	1.000000e+00	-9.765625e-04
8	0	4	1	0	1.000000e+00	-9.765625e-04
8	0	5	1	0	1.000000e+00	-9.765625e-04
8	0	6	1	0	1.000000e+00	-9.765625e-04
8	0	7	1	0	1.000000e+00	-9.765625e-04
8	0	0	1	1	1.000000e+00	-9.765625e-04
8	0	1	1	1	1.000000e+00	-9.765625e-04
8	0	2	1	1	1.000000e+00	-9.765625e-04
8	0	3	1	1	1.000000e+00	-9.765625e-04
8	0	4	1	1	1.000000e+00	-9.765625e-04
8	0	5	1	1	1.000000e+00	-9.765625e-04
8	0	6	1	1	1.000000e+00	-9.765625e-04
8	0	7	1	1	1.000000e+00	-9.765625e-04
#SAC3
9	0	0	0	0	0.000000e+00	1.000000e+00
9	0	0	1	0	1.000000e+00	-9.765625e-04
#SFV
10	0	0	1	0	1.000000e+00	-9.765625e-04
#COBO
11	0	0	1	0	1.575e+06	-9.765625e-04
11	0	1	1	0	1.575e+06	-9.765625e-04
11	0	2	1	0	1.575e+06	-9.765625e-04
11	0	3	1	0	1.575e+06	-9.765625e-04
11	0	4	1	0	1.575e+06	-9.765625e-04
11	0	5	1	0	1.575e+06	-9.765625e-04
11	0	6	1	0	1.575e+06	-9.765625e-04
11	0	7	1	0	1.575e+06	-9.765625e-04
