#CId	PlId	SegId	AorT	UorD	p0	p1
#BHT
1	0	0	0	0	0.0	9.032298266842083
1	0	1	0	0	0.0	8.397333408490185
1	0	2	0	0	0.0	9.727702464197623
1	0	3	0	0	0.0	8.783669013312027
1	0	4	0	0	0.0	9.202430938925167
1	0	5	0	0	0.0	8.98945956474286
1	0	6	0	0	0.0	9.569002887820973
1	0	7	0	0	0.0	7.69942542469188
1	0	8	0	0	0.0	9.333160128162255
1	0	9	0	0	0.0	8.306070052982198
1	0	10	0	0	0.0	8.953971142691373
1	0	11	0	0	0.0	8.05733538685311
1	0	12	0	0	0.0	9.447068813049501
1	0	13	0	0	0.0	8.332673816959414
1	0	14	0	0	0.0	9.36842910686196
1	0	15	0	0	0.0	7.87965399448298
1	0	16	0	0	0.0	8.868833362590669
1	0	17	0	0	0.0	8.536731372794282
1	0	18	0	0	0.0	8.973108241506877
1	0	19	0	0	0.0	8.144734818645857
1	0	20	0	0	0.0	8.750141135888711
1	0	21	0	0	0.0	8.657713179889477
1	0	22	0	0	0.0	8.752642417077793
1	0	23	0	0	0.0	7.652599255595604
1	0	24	0	0	0.0	8.966244380531146
1	0	25	0	0	0.0	8.682507962291671
1	0	26	0	0	0.0	8.970709327558708
1	0	27	0	0	0.0	8.219073636448012
1	0	28	0	0	0.0	8.847807644630855
1	0	29	0	0	0.0	8.932291347086927
1	0	30	0	0	0.0	8.804980031261696
1	0	31	0	0	0.0	8.2851740227213
1	0	32	0	0	0.0	9.042506361618015
1	0	33	0	0	0.0	8.71769294106318
1	0	34	0	0	0.0	8.875089663220384
1	0	35	0	0	0.0	8.248098292929615
1	0	36	0	0	0.0	9.04132578869641
1	0	37	0	0	0.0	8.525932115271754
1	0	38	0	0	0.0	8.766929567925619
1	0	39	0	0	0.0	8.232395389612849
1	0	40	0	0	0.0	9.033683421402866
1	0	41	0	0	0.0	8.370671400090462
1	0	42	0	0	0.0	9.123112717074198
1	0	43	0	0	0.0	8.298750946006596
1	0	44	0	0	0.0	9.049947804640967
1	0	45	0	0	0.0	8.643335765309697
1	0	46	0	0	0.0	8.968571144222194
1	0	47	0	0	0.0	8.595776070359948
1	0	48	0	0	0.0	9.369502065311632
1	0	49	0	0	0.0	8.771096025084272
1	0	50	0	0	0.0	8.920060314067685
1	0	51	0	0	0.0	8.104574430811372
1	0	52	0	0	0.0	9.100240139028125
1	0	53	0	0	0.0	8.720501675055248
1	0	54	0	0	0.0	9.294537251864627
1	0	55	0	0	0.0	8.260038535864334
1	0	56	0	0	0.0	9.258180790692004
1	0	57	0	0	0.0	8.981143895291885
1	0	58	0	0	0.0	8.954214621533595
1	0	59	0	0	0.0	8.227579389744097
1	0	60	0	0	0.0	9.354803663313621
1	0	61	0	0	0.0	9.23434202111626
1	0	62	0	0	0.0	9.599175775822744
1	0	0	0	1	0.0	9.389793053519641
1	0	1	0	1	0.0	9.729858072206182
1	0	2	0	1	0.0	9.86038010390878
1	0	3	0	1	0.0	9.779443536180732
1	0	4	0	1	0.0	9.07231898609622
1	0	5	0	1	0.0	9.488492424012193
1	0	6	0	1	0.0	9.504657212217499
1	0	7	0	1	0.0	8.699318083916499
1	0	8	0	1	0.0	8.918987166625975
1	0	9	0	1	0.0	8.85099596217814
1	0	10	0	1	0.0	9.054483686156084
1	0	11	0	1	0.0	8.97971256950812
1	0	12	0	1	0.0	9.144780460587826
1	0	13	0	1	0.0	8.786353330984381
1	0	14	0	1	0.0	8.662909012510266
1	0	15	0	1	0.0	9.02732805256527
1	0	16	0	1	0.0	8.963155172261517
1	0	17	0	1	0.0	9.078150452618063
1	0	18	0	1	0.0	9.215777494350199
1	0	19	0	1	0.0	9.193652339968763
1	0	20	0	1	0.0	8.981247395024925
1	0	21	0	1	0.0	8.934415926483032
1	0	22	0	1	0.0	9.030938856319082
1	0	23	0	1	0.0	8.848094494014301
1	0	24	0	1	0.0	8.718677838421966
1	0	25	0	1	0.0	8.816423223623671
1	0	26	0	1	0.0	8.765424254574631
1	0	27	0	1	0.0	8.998960477714146
1	0	28	0	1	0.0	8.927641428199236
1	0	29	0	1	0.0	9.095397170591985
1	0	30	0	1	0.0	9.030810539223243
1	0	31	0	1	0.0	9.027545578836417
1	0	32	0	1	0.0	8.99349173824272
1	0	33	0	1	0.0	8.842518779045216
1	0	34	0	1	0.0	8.85462891673062
1	0	35	0	1	0.0	8.75822647992127
1	0	36	0	1	0.0	8.991177757168584
1	0	37	0	1	0.0	8.700801380208063
1	0	38	0	1	0.0	8.822741493341653
1	0	39	0	1	0.0	8.937309615640036
1	0	40	0	1	0.0	8.69729235966066
1	0	41	0	1	0.0	8.634022658834391
1	0	42	0	1	0.0	9.168316792592712
1	0	43	0	1	0.0	8.762652497589594
1	0	44	0	1	0.0	8.852947901548562
1	0	45	0	1	0.0	8.756401488286478
1	0	46	0	1	0.0	8.884270008605906
1	0	47	0	1	0.0	9.1286349359787
1	0	48	0	1	0.0	9.187077083914764
1	0	49	0	1	0.0	9.183532135398636
1	0	50	0	1	0.0	8.836108676488271
1	0	51	0	1	0.0	8.581899169283234
1	0	52	0	1	0.0	8.765160506981923
1	0	53	0	1	0.0	8.752300973081228
1	0	54	0	1	0.0	9.257226474382039
1	0	55	0	1	0.0	9.161185077361706
1	0	56	0	1	0.0	8.360104381141575
1	0	57	0	1	0.0	9.014336391856094
1	0	58	0	1	0.0	8.649600559867842
1	0	59	0	1	0.0	9.051254953433602
1	0	60	0	1	0.0	8.852313471367875
1	0	61	0	1	0.0	9.169556181616693
1	0	62	0	1	0.0	9.068570921792016
1	0	0	1	0	1415004.0740740742	-0.0009765625
1	0	1	1	0	1415020.7142857143	-0.0009765625
1	0	2	1	0	1415297.7777777778	-0.0009765625
1	0	3	1	0	1414015.306122449	-0.0009765625
1	0	4	1	0	1414041.7647058824	-0.0009765625
1	0	5	1	0	1415509.2592592593	-0.0009765625
1	0	6	1	0	1414486.4102564103	-0.0009765625
1	0	7	1	0	1414542.1739130435	-0.0009765625
1	0	8	1	0	1414206.4444444445	-0.0009765625
1	0	9	1	0	1415136.1538461538	-0.0009765625
1	0	10	1	0	1415019.5652173914	-0.0009765625
1	0	11	1	0	1415833.7681159421	-0.0009765625
1	0	12	1	0	1414794.8837209302	-0.0009765625
1	0	13	1	0	1415363.9215686275	-0.0009765625
1	0	14	1	0	1414853.6363636365	-0.0009765625
1	0	15	1	0	1415718.5375540273	-0.0009765625
1	0	16	1	0	1415376.360777643	-0.0009765625
1	0	17	1	0	1416487.1816215739	-0.0009765625
1	0	18	1	0	1416057.8415999326	-0.0009765625
1	0	19	1	0	1416322.7966415114	-0.0009765625
1	0	20	1	0	1416774.9463674077	-0.0009765625
1	0	21	1	0	1416871.5105804908	-0.0009765625
1	0	22	1	0	1417047.0916260662	-0.0009765625
1	0	23	1	0	1416370.5231445371	-0.0009765625
1	0	24	1	0	1416559.8838547925	-0.0009765625
1	0	25	1	0	1416857.8121472073	-0.0009765625
1	0	26	1	0	1416973.4986579118	-0.0009765625
1	0	27	1	0	1416405.3823113814	-0.0009765625
1	0	28	1	0	1416787.340052219	-0.0009765625
1	0	29	1	0	1416841.4597219434	-0.0009765625
1	0	30	1	0	1417006.8840703487	-0.0009765625
1	0	31	1	0	1415259.4317094355	-0.0009765625
1	0	32	1	0	1415715.5693552138	-0.0009765625
1	0	33	1	0	1415524.2153849432	-0.0009765625
1	0	34	1	0	1416066.2429605415	-0.0009765625
1	0	35	1	0	1416286.8582642463	-0.0009765625
1	0	36	1	0	1416084.212376783	-0.0009765625
1	0	37	1	0	1416520.691130735	-0.0009765625
1	0	38	1	0	1416101.3562685645	-0.0009765625
1	0	39	1	0	1416428.0531809528	-0.0009765625
1	0	40	1	0	1415732.576664999	-0.0009765625
1	0	41	1	0	1416398.5265144096	-0.0009765625
1	0	42	1	0	1416048.2918423316	-0.0009765625
1	0	43	1	0	1416574.268693541	-0.0009765625
1	0	44	1	0	1415877.1834812704	-0.0009765625
1	0	45	1	0	1416637.4444165537	-0.0009765625
1	0	46	1	0	1415849.1566133425	-0.0009765625
1	0	47	1	0	1416292.878749383	-0.0009765625
1	0	48	1	0	1415710.342367693	-0.0009765625
1	0	49	1	0	1416547.6822548849	-0.0009765625
1	0	50	1	0	1415804.309666808	-0.0009765625
1	0	51	1	0	1416166.2366963092	-0.0009765625
1	0	52	1	0	1416583.2666666666	-0.0009765625
1	0	53	1	0	1416938.1751824818	-0.0009765625
1	0	54	1	0	1416630.4633204634	-0.0009765625
1	0	55	1	0	1416674.9253731344	-0.0009765625
1	0	56	1	0	1416317.5862068965	-0.0009765625
1	0	57	1	0	1416854.5106382978	-0.0009765625
1	0	58	1	0	1416742.3004694835	-0.0009765625
1	0	59	1	0	1416725.657142857	-0.0009765625
1	0	60	1	0	1416506.1797752809	-0.0009765625
1	0	61	1	0	1417030.1129943503	-0.0009765625
1	0	62	1	0	1416543.2584269664	-0.0009765625
1	0	0	1	1	1416657.857142857	-0.0009765625
1	0	1	1	1	1417859.2857142857	-0.0009765625
1	0	2	1	1	1416538.3333333333	-0.0009765625
1	0	3	1	1	1416424.1818181819	-0.0009765625
1	0	4	1	1	1416315.4545454546	-0.0009765625
1	0	5	1	1	1417319.6551724137	-0.0009765625
1	0	6	1	1	1415896.0	-0.0009765625
1	0	7	1	1	1416658.9361702127	-0.0009765625
1	0	8	1	1	1416390.8163265307	-0.0009765625
1	0	9	1	1	1416890.3703703703	-0.0009765625
1	0	10	1	1	1416786.4	-0.0009765625
1	0	11	1	1	1417250.0	-0.0009765625
1	0	12	1	1	1416539.8876404495	-0.0009765625
1	0	13	1	1	1417199.433962264	-0.0009765625
1	0	14	1	1	1416062.2314049588	-0.0009765625
1	0	15	1	1	1417448.3797621783	-0.0009765625
1	0	16	1	1	1416985.0178217846	-0.0009765625
1	0	17	1	1	1418213.7351911496	-0.0009765625
1	0	18	1	1	1416878.849547578	-0.0009765625
1	0	19	1	1	1417753.891820881	-0.0009765625
1	0	20	1	1	1416979.4166250566	-0.0009765625
1	0	21	1	1	1417861.0167804298	-0.0009765625
1	0	22	1	1	1416668.958586268	-0.0009765625
1	0	23	1	1	1417348.6517488915	-0.0009765625
1	0	24	1	1	1417060.968255299	-0.0009765625
1	0	25	1	1	1417771.9933203075	-0.0009765625
1	0	26	1	1	1416619.8806972827	-0.0009765625
1	0	27	1	1	1417187.2871028204	-0.0009765625
1	0	28	1	1	1416789.4301468362	-0.0009765625
1	0	29	1	1	1416469.0950477025	-0.0009765625
1	0	30	1	1	1416179.5533599453	-0.0009765625
1	0	31	1	1	1415916.556134676	-0.0009765625
1	0	32	1	1	1417498.4985317264	-0.0009765625
1	0	33	1	1	1417294.5598435514	-0.0009765625
1	0	34	1	1	1417032.2939516613	-0.0009765625
1	0	35	1	1	1416831.6275290628	-0.0009765625
1	0	36	1	1	1417198.8878129004	-0.0009765625
1	0	37	1	1	1417164.8025851024	-0.0009765625
1	0	38	1	1	1416609.9211449174	-0.0009765625
1	0	39	1	1	1416834.5981498186	-0.0009765625
1	0	40	1	1	1417091.4402481483	-0.0009765625
1	0	41	1	1	1416953.2931443474	-0.0009765625
1	0	42	1	1	1416649.1472308517	-0.0009765625
1	0	43	1	1	1416342.01231392	-0.0009765625
1	0	44	1	1	1415733.8789372642	-0.0009765625
1	0	45	1	1	1416371.6459353815	-0.0009765625
1	0	46	1	1	1415170.0870278976	-0.0009765625
1	0	47	1	1	1415953.7740211487	-0.0009765625
1	0	48	1	1	1415309.1153987618	-0.0009765625
1	0	49	1	1	1416123.9141197584	-0.0009765625
1	0	50	1	1	1414837.2828639068	-0.0009765625
1	0	51	1	1	1415460.8635348405	-0.0009765625
1	0	52	1	1	1415479.6598639456	-0.0009765625
1	0	53	1	1	1416151.3284132842	-0.0009765625
1	0	54	1	1	1415028.5098039217	-0.0009765625
1	0	55	1	1	1415684.1886792453	-0.0009765625
1	0	56	1	1	1415512.2608695652	-0.0009765625
1	0	57	1	1	1416072.627118644	-0.0009765625
1	0	58	1	1	1415491.9444444445	-0.0009765625
1	0	59	1	1	1415481.573033708	-0.0009765625
1	0	60	1	1	1416020.497237569	-0.0009765625
1	0	61	1	1	1415861.2994350283	-0.0009765625
1	0	62	1	1	1415573.4444444445	-0.0009765625
#BH2
3	0	0	0	0	118.74200605329665	202.16666666666666
3	0	1	0	0	147.28450277939706	287.92857142857144
3	0	2	0	0	102.07479287716433	274.14028776978415
3	0	3	0	0	135.8763713558505	293.5982492204977
3	0	4	0	0	126.62646828942925	248.9431124834832
3	0	5	0	0	129.16546582818376	277.24993045607545
3	0	6	0	0	128.68065182581813	215.34601435221492
3	0	7	0	0	122.99170037040952	298.73646401550127
3	0	8	0	0	114.47670014493882	260.3179181962077
3	0	9	0	0	110.6525837463704	265.7096182232932
3	0	10	0	0	140.31814933634138	297.23333333333335
3	0	11	0	0	115.73980335570464	248.9931506849315
3	0	12	0	0	111.74267939563171	279.8628318584071
3	0	13	0	0	95.65661943318274	275.3732394366197
3	0	14	0	0	143.0408171756875	285.2352941176471
3	0	0	0	1	126.29905186953506	282.2826086956522
3	0	1	0	1	107.54298485222512	266.8103448275862
3	0	2	0	1	118.67534680280706	284.3373983739837
3	0	3	0	1	90.63118555672102	254.52480235306695
3	0	4	0	1	126.21906900459837	267.9061332192301
3	0	5	0	1	106.59660416214346	244.56124976156576
3	0	6	0	1	105.18585077227043	235.46376537063983
3	0	7	0	1	109.905996946393	254.5245791157983
3	0	8	0	1	123.14168538496001	242.05782365160772
3	0	9	0	1	106.07944409501144	229.76030469863247
3	0	10	0	1	118.52363905418432	262.6255230125523
3	0	11	0	1	116.39255697628374	251.15714285714284
3	0	12	0	1	113.40304250832412	271.4624060150376
3	0	13	0	1	107.51516715388031	281.43506493506493
3	0	14	0	1	113.97428893098913	283.7916666666667
3	0	0	1	0	721892.6315789474	-0.0009765625
3	0	1	1	0	721590.1315789474	-0.0009765625
3	0	2	1	0	722477.2772277228	-0.0009765625
3	0	3	1	0	722484.5549309864	-0.0009765625
3	0	4	1	0	723297.4528782483	-0.0009765625
3	0	5	1	0	723744.9531115737	-0.0009765625
3	0	6	1	0	722647.0199520988	-0.0009765625
3	0	7	1	0	722657.2987880704	-0.0009765625
3	0	8	1	0	723510.5374249205	-0.0009765625
3	0	9	1	0	723357.9936713056	-0.0009765625
3	0	10	1	0	722573.9927207461	-0.0009765625
3	0	11	1	0	722018.1578947369	-0.0009765625
3	0	12	1	0	722049.1104294478	-0.0009765625
3	0	13	1	0	721213.0808080808	-0.0009765625
3	0	14	1	0	721336.447368421	-0.0009765625
3	0	0	1	1	724528.5714285715	-0.0009765625
3	0	1	1	1	724468.7662337662	-0.0009765625
3	0	2	1	1	725967.6470588235	-0.0009765625
3	0	3	1	1	725743.3229134072	-0.0009765625
3	0	4	1	1	725441.743246182	-0.0009765625
3	0	5	1	1	725981.5093108854	-0.0009765625
3	0	6	1	1	725944.6043575496	-0.0009765625
3	0	7	1	1	726133.1216586092	-0.0009765625
3	0	8	1	1	726795.1694890955	-0.0009765625
3	0	9	1	1	726338.565839534	-0.0009765625
3	0	10	1	1	726413.4602783169	-0.0009765625
3	0	11	1	1	724898.1937172775	-0.0009765625
3	0	12	1	1	724966.226993865	-0.0009765625
3	0	13	1	1	724077.4	-0.0009765625
3	0	14	1	1	724669.2857142857	-0.0009765625
3	0	0	1	2	-0.32106060606060555	1.0
3	0	1	1	2	-0.30489361702127604	1.0
3	0	2	1	2	0.1532000000000006	1.0
3	0	3	1	2	0.35807241125620076	1.0
3	0	4	1	2	-0.4175320583209492	1.0
3	0	5	1	2	0.512575163475561	1.0
3	0	6	1	2	-0.4084493509626178	1.0
3	0	7	1	2	0.29509779338798653	1.0
3	0	8	1	2	-0.2837710605453117	1.0
3	0	9	1	2	-0.15015588721370496	1.0
3	0	10	1	2	-0.335137931034482	1.0
3	0	11	1	2	-0.6592857142857138	1.0
3	0	12	1	2	-0.7001304347826081	1.0
3	0	13	1	2	-0.8117999999999995	1.0
3	0	14	1	2	-0.9969999999999994	1.0
#BAC
4	0	0	0	0	100.61638736677247	11.208
4	0	1	0	0	85.94056274655973	10.463
4	0	2	0	0	84.93599021715502	9.015
4	0	3	0	0	74.43011791101604	10.424
4	0	4	0	0	190.82441617247918	10.278
4	0	0	1	0	1.000000e+00	-9.765625e-04
4	0	1	1	0	1.000000e+00	-9.765625e-04
4	0	2	1	0	1.000000e+00	-9.765625e-04
4	0	3	1	0	1.000000e+00	-9.765625e-04
4	0	4	1	0	711383.2465518987	-0.0009765625
#HTOF
5	0	0	0	0	0.000000e+00	1.000000e+00
5	0	1	0	0	0.000000e+00	1.000000e+00
5	0	2	0	0	0.000000e+00	1.000000e+00
5	0	3	0	0	0.000000e+00	1.000000e+00
5	0	4	0	0	0.000000e+00	1.000000e+00
5	0	5	0	0	0.000000e+00	1.000000e+00
5	0	6	0	0	0.000000e+00	1.000000e+00
5	0	7	0	0	0.000000e+00	1.000000e+00
5	0	8	0	0	0.000000e+00	1.000000e+00
5	0	9	0	0	0.000000e+00	1.000000e+00
5	0	10	0	0	0.000000e+00	1.000000e+00
5	0	11	0	0	0.000000e+00	1.000000e+00
5	0	12	0	0	0.000000e+00	1.000000e+00
5	0	13	0	0	0.000000e+00	1.000000e+00
5	0	14	0	0	0.000000e+00	1.000000e+00
5	0	15	0	0	0.000000e+00	1.000000e+00
5	0	16	0	0	0.000000e+00	1.000000e+00
5	0	17	0	0	0.000000e+00	1.000000e+00
5	0	18	0	0	0.000000e+00	1.000000e+00
5	0	19	0	0	0.000000e+00	1.000000e+00
5	0	20	0	0	0.000000e+00	1.000000e+00
5	0	21	0	0	0.000000e+00	1.000000e+00
5	0	22	0	0	0.000000e+00	1.000000e+00
5	0	23	0	0	0.000000e+00	1.000000e+00
5	0	24	0	0	0.000000e+00	1.000000e+00
5	0	25	0	0	0.000000e+00	1.000000e+00
5	0	26	0	0	0.000000e+00	1.000000e+00
5	0	27	0	0	0.000000e+00	1.000000e+00
5	0	28	0	0	0.000000e+00	1.000000e+00
5	0	29	0	0	0.000000e+00	1.000000e+00
5	0	30	0	0	0.000000e+00	1.000000e+00
5	0	31	0	0	0.000000e+00	1.000000e+00
5	0	32	0	0	0.000000e+00	1.000000e+00
5	0	33	0	0	0.000000e+00	1.000000e+00
5	0	0	0	1	0.000000e+00	1.000000e+00
5	0	1	0	1	0.000000e+00	1.000000e+00
5	0	2	0	1	0.000000e+00	1.000000e+00
5	0	3	0	1	0.000000e+00	1.000000e+00
5	0	4	0	1	0.000000e+00	1.000000e+00
5	0	5	0	1	0.000000e+00	1.000000e+00
5	0	6	0	1	0.000000e+00	1.000000e+00
5	0	7	0	1	0.000000e+00	1.000000e+00
5	0	8	0	1	0.000000e+00	1.000000e+00
5	0	9	0	1	0.000000e+00	1.000000e+00
5	0	10	0	1	0.000000e+00	1.000000e+00
5	0	11	0	1	0.000000e+00	1.000000e+00
5	0	12	0	1	0.000000e+00	1.000000e+00
5	0	13	0	1	0.000000e+00	1.000000e+00
5	0	14	0	1	0.000000e+00	1.000000e+00
5	0	15	0	1	0.000000e+00	1.000000e+00
5	0	16	0	1	0.000000e+00	1.000000e+00
5	0	17	0	1	0.000000e+00	1.000000e+00
5	0	18	0	1	0.000000e+00	1.000000e+00
5	0	19	0	1	0.000000e+00	1.000000e+00
5	0	20	0	1	0.000000e+00	1.000000e+00
5	0	21	0	1	0.000000e+00	1.000000e+00
5	0	22	0	1	0.000000e+00	1.000000e+00
5	0	23	0	1	0.000000e+00	1.000000e+00
5	0	24	0	1	0.000000e+00	1.000000e+00
5	0	25	0	1	0.000000e+00	1.000000e+00
5	0	26	0	1	0.000000e+00	1.000000e+00
5	0	27	0	1	0.000000e+00	1.000000e+00
5	0	28	0	1	0.000000e+00	1.000000e+00
5	0	29	0	1	0.000000e+00	1.000000e+00
5	0	30	0	1	0.000000e+00	1.000000e+00
5	0	31	0	1	0.000000e+00	1.000000e+00
5	0	32	0	1	0.000000e+00	1.000000e+00
5	0	33	0	1	0.000000e+00	1.000000e+00
5	0	0	0	2	0.000000e+00	1.000000e+00
5	0	1	0	2	0.000000e+00	1.000000e+00
5	0	2	0	2	0.000000e+00	1.000000e+00
5	0	3	0	2	0.000000e+00	1.000000e+00
5	0	4	0	2	0.000000e+00	1.000000e+00
5	0	5	0	2	0.000000e+00	1.000000e+00
5	0	6	0	2	0.000000e+00	1.000000e+00
5	0	7	0	2	0.000000e+00	1.000000e+00
5	0	8	0	2	0.000000e+00	1.000000e+00
5	0	9	0	2	0.000000e+00	1.000000e+00
5	0	10	0	2	0.000000e+00	1.000000e+00
5	0	11	0	2	0.000000e+00	1.000000e+00
5	0	12	0	2	0.000000e+00	1.000000e+00
5	0	13	0	2	0.000000e+00	1.000000e+00
5	0	14	0	2	0.000000e+00	1.000000e+00
5	0	15	0	2	0.000000e+00	1.000000e+00
5	0	16	0	2	0.000000e+00	1.000000e+00
5	0	17	0	2	0.000000e+00	1.000000e+00
5	0	18	0	2	0.000000e+00	1.000000e+00
5	0	19	0	2	0.000000e+00	1.000000e+00
5	0	20	0	2	0.000000e+00	1.000000e+00
5	0	21	0	2	0.000000e+00	1.000000e+00
5	0	22	0	2	0.000000e+00	1.000000e+00
5	0	23	0	2	0.000000e+00	1.000000e+00
5	0	24	0	2	0.000000e+00	1.000000e+00
5	0	25	0	2	0.000000e+00	1.000000e+00
5	0	26	0	2	0.000000e+00	1.000000e+00
5	0	27	0	2	0.000000e+00	1.000000e+00
5	0	28	0	2	0.000000e+00	1.000000e+00
5	0	29	0	2	0.000000e+00	1.000000e+00
5	0	30	0	2	0.000000e+00	1.000000e+00
5	0	31	0	2	0.000000e+00	1.000000e+00
5	0	32	0	2	0.000000e+00	1.000000e+00
5	0	33	0	2	0.000000e+00	1.000000e+00
5	0	0	1	0	1.000000e+00	-9.765625e-04
5	0	1	1	0	1.000000e+00	-9.765625e-04
5	0	2	1	0	1.000000e+00	-9.765625e-04
5	0	3	1	0	1.000000e+00	-9.765625e-04
5	0	4	1	0	1.000000e+00	-9.765625e-04
5	0	5	1	0	1.000000e+00	-9.765625e-04
5	0	6	1	0	1.000000e+00	-9.765625e-04
5	0	7	1	0	1.000000e+00	-9.765625e-04
5	0	8	1	0	1.000000e+00	-9.765625e-04
5	0	9	1	0	1.000000e+00	-9.765625e-04
5	0	10	1	0	1.000000e+00	-9.765625e-04
5	0	11	1	0	1.000000e+00	-9.765625e-04
5	0	12	1	0	1.000000e+00	-9.765625e-04
5	0	13	1	0	1.000000e+00	-9.765625e-04
5	0	14	1	0	1.000000e+00	-9.765625e-04
5	0	15	1	0	1.000000e+00	-9.765625e-04
5	0	16	1	0	1.000000e+00	-9.765625e-04
5	0	17	1	0	1.000000e+00	-9.765625e-04
5	0	18	1	0	1.000000e+00	-9.765625e-04
5	0	19	1	0	1.000000e+00	-9.765625e-04
5	0	20	1	0	1.000000e+00	-9.765625e-04
5	0	21	1	0	1.000000e+00	-9.765625e-04
5	0	22	1	0	1.000000e+00	-9.765625e-04
5	0	23	1	0	1.000000e+00	-9.765625e-04
5	0	24	1	0	1.000000e+00	-9.765625e-04
5	0	25	1	0	1.000000e+00	-9.765625e-04
5	0	26	1	0	1.000000e+00	-9.765625e-04
5	0	27	1	0	1.000000e+00	-9.765625e-04
5	0	28	1	0	1.000000e+00	-9.765625e-04
5	0	29	1	0	1.000000e+00	-9.765625e-04
5	0	30	1	0	1.000000e+00	-9.765625e-04
5	0	31	1	0	1.000000e+00	-9.765625e-04
5	0	32	1	0	1.000000e+00	-9.765625e-04
5	0	33	1	0	1.000000e+00	-9.765625e-04
5	0	0	1	1	1.000000e+00	-9.765625e-04
5	0	1	1	1	1.000000e+00	-9.765625e-04
5	0	2	1	1	1.000000e+00	-9.765625e-04
5	0	3	1	1	1.000000e+00	-9.765625e-04
5	0	4	1	1	1.000000e+00	-9.765625e-04
5	0	5	1	1	1.000000e+00	-9.765625e-04
5	0	6	1	1	1.000000e+00	-9.765625e-04
5	0	7	1	1	1.000000e+00	-9.765625e-04
5	0	8	1	1	1.000000e+00	-9.765625e-04
5	0	9	1	1	1.000000e+00	-9.765625e-04
5	0	10	1	1	1.000000e+00	-9.765625e-04
5	0	11	1	1	1.000000e+00	-9.765625e-04
5	0	12	1	1	1.000000e+00	-9.765625e-04
5	0	13	1	1	1.000000e+00	-9.765625e-04
5	0	14	1	1	1.000000e+00	-9.765625e-04
5	0	15	1	1	1.000000e+00	-9.765625e-04
5	0	16	1	1	1.000000e+00	-9.765625e-04
5	0	17	1	1	1.000000e+00	-9.765625e-04
5	0	18	1	1	1.000000e+00	-9.765625e-04
5	0	19	1	1	1.000000e+00	-9.765625e-04
5	0	20	1	1	1.000000e+00	-9.765625e-04
5	0	21	1	1	1.000000e+00	-9.765625e-04
5	0	22	1	1	1.000000e+00	-9.765625e-04
5	0	23	1	1	1.000000e+00	-9.765625e-04
5	0	24	1	1	1.000000e+00	-9.765625e-04
5	0	25	1	1	1.000000e+00	-9.765625e-04
5	0	26	1	1	1.000000e+00	-9.765625e-04
5	0	27	1	1	1.000000e+00	-9.765625e-04
5	0	28	1	1	1.000000e+00	-9.765625e-04
5	0	29	1	1	1.000000e+00	-9.765625e-04
5	0	30	1	1	1.000000e+00	-9.765625e-04
5	0	31	1	1	1.000000e+00	-9.765625e-04
5	0	32	1	1	1.000000e+00	-9.765625e-04
5	0	33	1	1	1.000000e+00	-9.765625e-04
5	0	0	1	2	1.000000e+00	-9.765625e-04
5	0	1	1	2	1.000000e+00	-9.765625e-04
5	0	2	1	2	1.000000e+00	-9.765625e-04
5	0	3	1	2	1.000000e+00	-9.765625e-04
5	0	4	1	2	1.000000e+00	-9.765625e-04
5	0	5	1	2	1.000000e+00	-9.765625e-04
5	0	6	1	2	1.000000e+00	-9.765625e-04
5	0	7	1	2	1.000000e+00	-9.765625e-04
5	0	8	1	2	1.000000e+00	-9.765625e-04
5	0	9	1	2	1.000000e+00	-9.765625e-04
5	0	10	1	2	1.000000e+00	-9.765625e-04
5	0	11	1	2	1.000000e+00	-9.765625e-04
5	0	12	1	2	1.000000e+00	-9.765625e-04
5	0	13	1	2	1.000000e+00	-9.765625e-04
5	0	14	1	2	1.000000e+00	-9.765625e-04
5	0	15	1	2	1.000000e+00	-9.765625e-04
5	0	16	1	2	1.000000e+00	-9.765625e-04
5	0	17	1	2	1.000000e+00	-9.765625e-04
5	0	18	1	2	1.000000e+00	-9.765625e-04
5	0	19	1	2	1.000000e+00	-9.765625e-04
5	0	20	1	2	1.000000e+00	-9.765625e-04
5	0	21	1	2	1.000000e+00	-9.765625e-04
5	0	22	1	2	1.000000e+00	-9.765625e-04
5	0	23	1	2	1.000000e+00	-9.765625e-04
5	0	24	1	2	1.000000e+00	-9.765625e-04
5	0	25	1	2	1.000000e+00	-9.765625e-04
5	0	26	1	2	1.000000e+00	-9.765625e-04
5	0	27	1	2	1.000000e+00	-9.765625e-04
5	0	28	1	2	1.000000e+00	-9.765625e-04
5	0	29	1	2	1.000000e+00	-9.765625e-04
5	0	30	1	2	1.000000e+00	-9.765625e-04
5	0	31	1	2	1.000000e+00	-9.765625e-04
5	0	32	1	2	1.000000e+00	-9.765625e-04
5	0	33	1	2	1.000000e+00	-9.765625e-04
#KVC
6	0	0	0	0	123.5114599804372	9.405720e+00
6	0	1	0	0	99.62805457191574	9.293611e+00
6	0	2	0	0	102.096874890318	9.794817e+00
6	0	3	0	0	118.46389169250325	8.935510e+00
6	0	4	0	0	115.630367423044	9.405720e+00
6	0	5	0	0	127.8300225890773	9.293611e+00
6	0	6	0	0	102.3874670699461	9.794817e+00
6	0	7	0	0	120.66104138296913	8.935510e+00
6	0	0	0	1	140.3696294356594	8.864464e+00
6	0	1	0	1	113.9010102206929	1.002469e+01
6	0	2	0	1	143.88223287440073	9.032530e+00
6	0	3	0	1	89.67489278960295	8.566897e+00
6	0	4	0	1	97.38970825164272	8.864464e+00
6	0	5	0	1	120.50107655921056	1.002469e+01
6	0	6	0	1	104.06264585617002	9.032530e+00
6	0	7	0	1	113.41607255778072	8.566897e+00
6	0	0	0	2	103.15963278718336	9.281763e+00
6	0	1	0	2	108.24583453301678	9.597398e+00
6	0	2	0	2	112.03068045245107	9.604148e+00
6	0	3	0	2	97.43640908543657	9.156487e+00
6	0	4	0	2	91.37619221048203	9.281763e+00
6	0	5	0	2	106.7959022204143	9.597398e+00
6	0	6	0	2	111.5606791222842	9.604148e+00
6	0	7	0	2	113.85254109998694	9.156487e+00
6	0	0	0	3	110.31387278959701	9.215651e+00
6	0	1	0	3	134.28724098845902	9.984777e+00
6	0	2	0	3	111.75274709783008	9.305942e+00
6	0	3	0	3	102.07228291772932	9.693401e+00
6	0	4	0	3	101.33503721893432	9.215651e+00
6	0	5	0	3	121.71782902634295	9.984777e+00
6	0	6	0	3	88.92850199522157	9.305942e+00
6	0	7	0	3	125.90921384146935	9.693401e+00
6	0	0	0	4	157.55011391162526	9.192747e+00
6	0	1	0	4	153.01058984457725	9.755004e+00
6	0	2	0	4	142.97552791894643	9.437462e+00
6	0	3	0	4	125.3396376533195	9.100621e+00
6	0	4	0	4	177.28070767868084	9.192747e+00
6	0	5	0	4	88.6223266879454	9.755004e+00
6	0	6	0	4	101.32612736980673	9.437462e+00
6	0	7	0	4	246.1401497563023	9.100621e+00
6	0	0	1	4	692288.6763597837	-0.0009765625
6	0	1	1	4	693128.9960922138	-0.0009765625
6	0	2	1	4	696564.6775953493	-0.0009765625
6	0	3	1	4	697253.6861419304	-0.0009765625
6	0	4	1	4	696928.7485479554	-0.0009765625
6	0	5	1	4	697197.4077476048	-0.0009765625
6	0	6	1	4	695189.0854561978	-0.0009765625
6	0	7	1	4	693273.9842315097	-0.0009765625
#T1
7	0	0	0	0	260.4852296484481	360.1716361105651
7	0	0	1	0	700775.6152056567	-0.0009765625
#CVC
8	0	0	0	0	0.000000e+00	1.000000e+00
8	0	1	0	0	0.000000e+00	1.000000e+00
8	0	2	0	0	0.000000e+00	1.000000e+00
8	0	3	0	0	0.000000e+00	1.000000e+00
8	0	4	0	0	0.000000e+00	1.000000e+00
8	0	5	0	0	0.000000e+00	1.000000e+00
8	0	6	0	0	0.000000e+00	1.000000e+00
8	0	7	0	0	0.000000e+00	1.000000e+00
8	0	0	0	1	0.000000e+00	1.000000e+00
8	0	1	0	1	0.000000e+00	1.000000e+00
8	0	2	0	1	0.000000e+00	1.000000e+00
8	0	3	0	1	0.000000e+00	1.000000e+00
8	0	4	0	1	0.000000e+00	1.000000e+00
8	0	5	0	1	0.000000e+00	1.000000e+00
8	0	6	0	1	0.000000e+00	1.000000e+00
8	0	7	0	1	0.000000e+00	1.000000e+00
8	0	0	1	0	1.000000e+00	-9.765625e-04
8	0	1	1	0	1.000000e+00	-9.765625e-04
8	0	2	1	0	1.000000e+00	-9.765625e-04
8	0	3	1	0	1.000000e+00	-9.765625e-04
8	0	4	1	0	1.000000e+00	-9.765625e-04
8	0	5	1	0	1.000000e+00	-9.765625e-04
8	0	6	1	0	1.000000e+00	-9.765625e-04
8	0	7	1	0	1.000000e+00	-9.765625e-04
8	0	0	1	1	1.000000e+00	-9.765625e-04
8	0	1	1	1	1.000000e+00	-9.765625e-04
8	0	2	1	1	1.000000e+00	-9.765625e-04
8	0	3	1	1	1.000000e+00	-9.765625e-04
8	0	4	1	1	1.000000e+00	-9.765625e-04
8	0	5	1	1	1.000000e+00	-9.765625e-04
8	0	6	1	1	1.000000e+00	-9.765625e-04
8	0	7	1	1	1.000000e+00	-9.765625e-04
#SAC3
9	0	0	0	0	0.000000e+00	1.000000e+00
9	0	0	1	0	1.000000e+00	-9.765625e-04
#SFV
10	0	0	1	0	1.000000e+00	-9.765625e-04
#COBO
11	0	0	1	0	1.575e+06	-9.765625e-04
11	0	1	1	0	1.575e+06	-9.765625e-04
11	0	2	1	0	1.575e+06	-9.765625e-04
11	0	3	1	0	1.575e+06	-9.765625e-04
11	0	4	1	0	1.575e+06	-9.765625e-04
11	0	5	1	0	1.575e+06	-9.765625e-04
11	0	6	1	0	1.575e+06	-9.765625e-04
11	0	7	1	0	1.575e+06	-9.765625e-04
