#CId	PlId	SegId	AorT	UorD	p0	p1
#BHT
1	0	0	0	0	0.000000e+00	1.000000e+00
1	0	1	0	0	0.000000e+00	1.000000e+00
1	0	2	0	0	0.000000e+00	1.000000e+00
1	0	3	0	0	0.000000e+00	1.000000e+00
1	0	4	0	0	0.000000e+00	1.000000e+00
1	0	5	0	0	0.000000e+00	1.000000e+00
1	0	6	0	0	0.000000e+00	1.000000e+00
1	0	7	0	0	0.000000e+00	1.000000e+00
1	0	8	0	0	0.000000e+00	1.000000e+00
1	0	9	0	0	0.000000e+00	1.000000e+00
1	0	10	0	0	0.000000e+00	1.000000e+00
1	0	11	0	0	0.000000e+00	1.000000e+00
1	0	12	0	0	0.000000e+00	1.000000e+00
1	0	13	0	0	0.000000e+00	1.000000e+00
1	0	14	0	0	0.000000e+00	1.000000e+00
1	0	15	0	0	0.000000e+00	1.000000e+00
1	0	16	0	0	0.000000e+00	1.000000e+00
1	0	17	0	0	0.000000e+00	1.000000e+00
1	0	18	0	0	0.000000e+00	1.000000e+00
1	0	19	0	0	0.000000e+00	1.000000e+00
1	0	20	0	0	0.000000e+00	1.000000e+00
1	0	21	0	0	0.000000e+00	1.000000e+00
1	0	22	0	0	0.000000e+00	1.000000e+00
1	0	23	0	0	0.000000e+00	1.000000e+00
1	0	24	0	0	0.000000e+00	1.000000e+00
1	0	25	0	0	0.000000e+00	1.000000e+00
1	0	26	0	0	0.000000e+00	1.000000e+00
1	0	27	0	0	0.000000e+00	1.000000e+00
1	0	28	0	0	0.000000e+00	1.000000e+00
1	0	29	0	0	0.000000e+00	1.000000e+00
1	0	30	0	0	0.000000e+00	1.000000e+00
1	0	31	0	0	0.000000e+00	1.000000e+00
1	0	32	0	0	0.000000e+00	1.000000e+00
1	0	33	0	0	0.000000e+00	1.000000e+00
1	0	34	0	0	0.000000e+00	1.000000e+00
1	0	35	0	0	0.000000e+00	1.000000e+00
1	0	36	0	0	0.000000e+00	1.000000e+00
1	0	37	0	0	0.000000e+00	1.000000e+00
1	0	38	0	0	0.000000e+00	1.000000e+00
1	0	39	0	0	0.000000e+00	1.000000e+00
1	0	40	0	0	0.000000e+00	1.000000e+00
1	0	41	0	0	0.000000e+00	1.000000e+00
1	0	42	0	0	0.000000e+00	1.000000e+00
1	0	43	0	0	0.000000e+00	1.000000e+00
1	0	44	0	0	0.000000e+00	1.000000e+00
1	0	45	0	0	0.000000e+00	1.000000e+00
1	0	46	0	0	0.000000e+00	1.000000e+00
1	0	47	0	0	0.000000e+00	1.000000e+00
1	0	48	0	0	0.000000e+00	1.000000e+00
1	0	49	0	0	0.000000e+00	1.000000e+00
1	0	50	0	0	0.000000e+00	1.000000e+00
1	0	51	0	0	0.000000e+00	1.000000e+00
1	0	52	0	0	0.000000e+00	1.000000e+00
1	0	53	0	0	0.000000e+00	1.000000e+00
1	0	54	0	0	0.000000e+00	1.000000e+00
1	0	55	0	0	0.000000e+00	1.000000e+00
1	0	56	0	0	0.000000e+00	1.000000e+00
1	0	57	0	0	0.000000e+00	1.000000e+00
1	0	58	0	0	0.000000e+00	1.000000e+00
1	0	59	0	0	0.000000e+00	1.000000e+00
1	0	60	0	0	0.000000e+00	1.000000e+00
1	0	61	0	0	0.000000e+00	1.000000e+00
1	0	62	0	0	0.000000e+00	1.000000e+00
1	0	0	0	1	0.000000e+00	1.000000e+00
1	0	1	0	1	0.000000e+00	1.000000e+00
1	0	2	0	1	0.000000e+00	1.000000e+00
1	0	3	0	1	0.000000e+00	1.000000e+00
1	0	4	0	1	0.000000e+00	1.000000e+00
1	0	5	0	1	0.000000e+00	1.000000e+00
1	0	6	0	1	0.000000e+00	1.000000e+00
1	0	7	0	1	0.000000e+00	1.000000e+00
1	0	8	0	1	0.000000e+00	1.000000e+00
1	0	9	0	1	0.000000e+00	1.000000e+00
1	0	10	0	1	0.000000e+00	1.000000e+00
1	0	11	0	1	0.000000e+00	1.000000e+00
1	0	12	0	1	0.000000e+00	1.000000e+00
1	0	13	0	1	0.000000e+00	1.000000e+00
1	0	14	0	1	0.000000e+00	1.000000e+00
1	0	15	0	1	0.000000e+00	1.000000e+00
1	0	16	0	1	0.000000e+00	1.000000e+00
1	0	17	0	1	0.000000e+00	1.000000e+00
1	0	18	0	1	0.000000e+00	1.000000e+00
1	0	19	0	1	0.000000e+00	1.000000e+00
1	0	20	0	1	0.000000e+00	1.000000e+00
1	0	21	0	1	0.000000e+00	1.000000e+00
1	0	22	0	1	0.000000e+00	1.000000e+00
1	0	23	0	1	0.000000e+00	1.000000e+00
1	0	24	0	1	0.000000e+00	1.000000e+00
1	0	25	0	1	0.000000e+00	1.000000e+00
1	0	26	0	1	0.000000e+00	1.000000e+00
1	0	27	0	1	0.000000e+00	1.000000e+00
1	0	28	0	1	0.000000e+00	1.000000e+00
1	0	29	0	1	0.000000e+00	1.000000e+00
1	0	30	0	1	0.000000e+00	1.000000e+00
1	0	31	0	1	0.000000e+00	1.000000e+00
1	0	32	0	1	0.000000e+00	1.000000e+00
1	0	33	0	1	0.000000e+00	1.000000e+00
1	0	34	0	1	0.000000e+00	1.000000e+00
1	0	35	0	1	0.000000e+00	1.000000e+00
1	0	36	0	1	0.000000e+00	1.000000e+00
1	0	37	0	1	0.000000e+00	1.000000e+00
1	0	38	0	1	0.000000e+00	1.000000e+00
1	0	39	0	1	0.000000e+00	1.000000e+00
1	0	40	0	1	0.000000e+00	1.000000e+00
1	0	41	0	1	0.000000e+00	1.000000e+00
1	0	42	0	1	0.000000e+00	1.000000e+00
1	0	43	0	1	0.000000e+00	1.000000e+00
1	0	44	0	1	0.000000e+00	1.000000e+00
1	0	45	0	1	0.000000e+00	1.000000e+00
1	0	46	0	1	0.000000e+00	1.000000e+00
1	0	47	0	1	0.000000e+00	1.000000e+00
1	0	48	0	1	0.000000e+00	1.000000e+00
1	0	49	0	1	0.000000e+00	1.000000e+00
1	0	50	0	1	0.000000e+00	1.000000e+00
1	0	51	0	1	0.000000e+00	1.000000e+00
1	0	52	0	1	0.000000e+00	1.000000e+00
1	0	53	0	1	0.000000e+00	1.000000e+00
1	0	54	0	1	0.000000e+00	1.000000e+00
1	0	55	0	1	0.000000e+00	1.000000e+00
1	0	56	0	1	0.000000e+00	1.000000e+00
1	0	57	0	1	0.000000e+00	1.000000e+00
1	0	58	0	1	0.000000e+00	1.000000e+00
1	0	59	0	1	0.000000e+00	1.000000e+00
1	0	60	0	1	0.000000e+00	1.000000e+00
1	0	61	0	1	0.000000e+00	1.000000e+00
1	0	62	0	1	0.000000e+00	1.000000e+00
1	0	0	1	0	1.000000e+00	-9.765625e-04
1	0	1	1	0	1.000000e+00	-9.765625e-04
1	0	2	1	0	1.000000e+00	-9.765625e-04
1	0	3	1	0	1.000000e+00	-9.765625e-04
1	0	4	1	0	1.000000e+00	-9.765625e-04
1	0	5	1	0	1.000000e+00	-9.765625e-04
1	0	6	1	0	1.000000e+00	-9.765625e-04
1	0	7	1	0	1.000000e+00	-9.765625e-04
1	0	8	1	0	1.000000e+00	-9.765625e-04
1	0	9	1	0	1.000000e+00	-9.765625e-04
1	0	10	1	0	1.000000e+00	-9.765625e-04
1	0	11	1	0	1.000000e+00	-9.765625e-04
1	0	12	1	0	1.000000e+00	-9.765625e-04
1	0	13	1	0	1.000000e+00	-9.765625e-04
1	0	14	1	0	1.000000e+00	-9.765625e-04
1	0	15	1	0	1.000000e+00	-9.765625e-04
1	0	16	1	0	1.000000e+00	-9.765625e-04
1	0	17	1	0	1.000000e+00	-9.765625e-04
1	0	18	1	0	1.000000e+00	-9.765625e-04
1	0	19	1	0	1.000000e+00	-9.765625e-04
1	0	20	1	0	1.000000e+00	-9.765625e-04
1	0	21	1	0	1.000000e+00	-9.765625e-04
1	0	22	1	0	1.000000e+00	-9.765625e-04
1	0	23	1	0	1.000000e+00	-9.765625e-04
1	0	24	1	0	1.000000e+00	-9.765625e-04
1	0	25	1	0	1.000000e+00	-9.765625e-04
1	0	26	1	0	1.000000e+00	-9.765625e-04
1	0	27	1	0	1.000000e+00	-9.765625e-04
1	0	28	1	0	1.000000e+00	-9.765625e-04
1	0	29	1	0	1.000000e+00	-9.765625e-04
1	0	30	1	0	1.000000e+00	-9.765625e-04
1	0	31	1	0	1.000000e+00	-9.765625e-04
1	0	32	1	0	1.000000e+00	-9.765625e-04
1	0	33	1	0	1.000000e+00	-9.765625e-04
1	0	34	1	0	1.000000e+00	-9.765625e-04
1	0	35	1	0	1.000000e+00	-9.765625e-04
1	0	36	1	0	1.000000e+00	-9.765625e-04
1	0	37	1	0	1.000000e+00	-9.765625e-04
1	0	38	1	0	1.000000e+00	-9.765625e-04
1	0	39	1	0	1.000000e+00	-9.765625e-04
1	0	40	1	0	1.000000e+00	-9.765625e-04
1	0	41	1	0	1.000000e+00	-9.765625e-04
1	0	42	1	0	1.000000e+00	-9.765625e-04
1	0	43	1	0	1.000000e+00	-9.765625e-04
1	0	44	1	0	1.000000e+00	-9.765625e-04
1	0	45	1	0	1.000000e+00	-9.765625e-04
1	0	46	1	0	1.000000e+00	-9.765625e-04
1	0	47	1	0	1.000000e+00	-9.765625e-04
1	0	48	1	0	1.000000e+00	-9.765625e-04
1	0	49	1	0	1.000000e+00	-9.765625e-04
1	0	50	1	0	1.000000e+00	-9.765625e-04
1	0	51	1	0	1.000000e+00	-9.765625e-04
1	0	52	1	0	1.000000e+00	-9.765625e-04
1	0	53	1	0	1.000000e+00	-9.765625e-04
1	0	54	1	0	1.000000e+00	-9.765625e-04
1	0	55	1	0	1.000000e+00	-9.765625e-04
1	0	56	1	0	1.000000e+00	-9.765625e-04
1	0	57	1	0	1.000000e+00	-9.765625e-04
1	0	58	1	0	1.000000e+00	-9.765625e-04
1	0	59	1	0	1.000000e+00	-9.765625e-04
1	0	60	1	0	1.000000e+00	-9.765625e-04
1	0	61	1	0	1.000000e+00	-9.765625e-04
1	0	62	1	0	1.000000e+00	-9.765625e-04
1	0	0	1	1	1.000000e+00	-9.765625e-04
1	0	1	1	1	1.000000e+00	-9.765625e-04
1	0	2	1	1	1.000000e+00	-9.765625e-04
1	0	3	1	1	1.000000e+00	-9.765625e-04
1	0	4	1	1	1.000000e+00	-9.765625e-04
1	0	5	1	1	1.000000e+00	-9.765625e-04
1	0	6	1	1	1.000000e+00	-9.765625e-04
1	0	7	1	1	1.000000e+00	-9.765625e-04
1	0	8	1	1	1.000000e+00	-9.765625e-04
1	0	9	1	1	1.000000e+00	-9.765625e-04
1	0	10	1	1	1.000000e+00	-9.765625e-04
1	0	11	1	1	1.000000e+00	-9.765625e-04
1	0	12	1	1	1.000000e+00	-9.765625e-04
1	0	13	1	1	1.000000e+00	-9.765625e-04
1	0	14	1	1	1.000000e+00	-9.765625e-04
1	0	15	1	1	1.000000e+00	-9.765625e-04
1	0	16	1	1	1.000000e+00	-9.765625e-04
1	0	17	1	1	1.000000e+00	-9.765625e-04
1	0	18	1	1	1.000000e+00	-9.765625e-04
1	0	19	1	1	1.000000e+00	-9.765625e-04
1	0	20	1	1	1.000000e+00	-9.765625e-04
1	0	21	1	1	1.000000e+00	-9.765625e-04
1	0	22	1	1	1.000000e+00	-9.765625e-04
1	0	23	1	1	1.000000e+00	-9.765625e-04
1	0	24	1	1	1.000000e+00	-9.765625e-04
1	0	25	1	1	1.000000e+00	-9.765625e-04
1	0	26	1	1	1.000000e+00	-9.765625e-04
1	0	27	1	1	1.000000e+00	-9.765625e-04
1	0	28	1	1	1.000000e+00	-9.765625e-04
1	0	29	1	1	1.000000e+00	-9.765625e-04
1	0	30	1	1	1.000000e+00	-9.765625e-04
1	0	31	1	1	1.000000e+00	-9.765625e-04
1	0	32	1	1	1.000000e+00	-9.765625e-04
1	0	33	1	1	1.000000e+00	-9.765625e-04
1	0	34	1	1	1.000000e+00	-9.765625e-04
1	0	35	1	1	1.000000e+00	-9.765625e-04
1	0	36	1	1	1.000000e+00	-9.765625e-04
1	0	37	1	1	1.000000e+00	-9.765625e-04
1	0	38	1	1	1.000000e+00	-9.765625e-04
1	0	39	1	1	1.000000e+00	-9.765625e-04
1	0	40	1	1	1.000000e+00	-9.765625e-04
1	0	41	1	1	1.000000e+00	-9.765625e-04
1	0	42	1	1	1.000000e+00	-9.765625e-04
1	0	43	1	1	1.000000e+00	-9.765625e-04
1	0	44	1	1	1.000000e+00	-9.765625e-04
1	0	45	1	1	1.000000e+00	-9.765625e-04
1	0	46	1	1	1.000000e+00	-9.765625e-04
1	0	47	1	1	1.000000e+00	-9.765625e-04
1	0	48	1	1	1.000000e+00	-9.765625e-04
1	0	49	1	1	1.000000e+00	-9.765625e-04
1	0	50	1	1	1.000000e+00	-9.765625e-04
1	0	51	1	1	1.000000e+00	-9.765625e-04
1	0	52	1	1	1.000000e+00	-9.765625e-04
1	0	53	1	1	1.000000e+00	-9.765625e-04
1	0	54	1	1	1.000000e+00	-9.765625e-04
1	0	55	1	1	1.000000e+00	-9.765625e-04
1	0	56	1	1	1.000000e+00	-9.765625e-04
1	0	57	1	1	1.000000e+00	-9.765625e-04
1	0	58	1	1	1.000000e+00	-9.765625e-04
1	0	59	1	1	1.000000e+00	-9.765625e-04
1	0	60	1	1	1.000000e+00	-9.765625e-04
1	0	61	1	1	1.000000e+00	-9.765625e-04
1	0	62	1	1	1.000000e+00	-9.765625e-04
#BH2
3	0	0	0	0	0.000000e+00	1.000000e+00
3	0	1	0	0	0.000000e+00	1.000000e+00
3	0	2	0	0	0.000000e+00	1.000000e+00
3	0	3	0	0	0.000000e+00	1.000000e+00
3	0	4	0	0	0.000000e+00	1.000000e+00
3	0	5	0	0	0.000000e+00	1.000000e+00
3	0	6	0	0	0.000000e+00	1.000000e+00
3	0	7	0	0	0.000000e+00	1.000000e+00
3	0	8	0	0	0.000000e+00	1.000000e+00
3	0	9	0	0	0.000000e+00	1.000000e+00
3	0	10	0	0	0.000000e+00	1.000000e+00
3	0	11	0	0	0.000000e+00	1.000000e+00
3	0	12	0	0	0.000000e+00	1.000000e+00
3	0	13	0	0	0.000000e+00	1.000000e+00
3	0	14	0	0	0.000000e+00	1.000000e+00
3	0	0	0	1	0.000000e+00	1.000000e+00
3	0	1	0	1	0.000000e+00	1.000000e+00
3	0	2	0	1	0.000000e+00	1.000000e+00
3	0	3	0	1	0.000000e+00	1.000000e+00
3	0	4	0	1	0.000000e+00	1.000000e+00
3	0	5	0	1	0.000000e+00	1.000000e+00
3	0	6	0	1	0.000000e+00	1.000000e+00
3	0	7	0	1	0.000000e+00	1.000000e+00
3	0	8	0	1	0.000000e+00	1.000000e+00
3	0	9	0	1	0.000000e+00	1.000000e+00
3	0	10	0	1	0.000000e+00	1.000000e+00
3	0	11	0	1	0.000000e+00	1.000000e+00
3	0	12	0	1	0.000000e+00	1.000000e+00
3	0	13	0	1	0.000000e+00	1.000000e+00
3	0	14	0	1	0.000000e+00	1.000000e+00
3	0	0	1	0	1.000000e+00	-9.765625e-04
3	0	1	1	0	1.000000e+00	-9.765625e-04
3	0	2	1	0	1.000000e+00	-9.765625e-04
3	0	3	1	0	1.000000e+00	-9.765625e-04
3	0	4	1	0	1.000000e+00	-9.765625e-04
3	0	5	1	0	1.000000e+00	-9.765625e-04
3	0	6	1	0	1.000000e+00	-9.765625e-04
3	0	7	1	0	1.000000e+00	-9.765625e-04
3	0	8	1	0	1.000000e+00	-9.765625e-04
3	0	9	1	0	1.000000e+00	-9.765625e-04
3	0	10	1	0	1.000000e+00	-9.765625e-04
3	0	11	1	0	1.000000e+00	-9.765625e-04
3	0	12	1	0	1.000000e+00	-9.765625e-04
3	0	13	1	0	1.000000e+00	-9.765625e-04
3	0	14	1	0	1.000000e+00	-9.765625e-04
3	0	0	1	1	1.000000e+00	-9.765625e-04
3	0	1	1	1	1.000000e+00	-9.765625e-04
3	0	2	1	1	1.000000e+00	-9.765625e-04
3	0	3	1	1	1.000000e+00	-9.765625e-04
3	0	4	1	1	1.000000e+00	-9.765625e-04
3	0	5	1	1	1.000000e+00	-9.765625e-04
3	0	6	1	1	1.000000e+00	-9.765625e-04
3	0	7	1	1	1.000000e+00	-9.765625e-04
3	0	8	1	1	1.000000e+00	-9.765625e-04
3	0	9	1	1	1.000000e+00	-9.765625e-04
3	0	10	1	1	1.000000e+00	-9.765625e-04
3	0	11	1	1	1.000000e+00	-9.765625e-04
3	0	12	1	1	1.000000e+00	-9.765625e-04
3	0	13	1	1	1.000000e+00	-9.765625e-04
3	0	14	1	1	1.000000e+00	-9.765625e-04
3	0	0	1	2	0.000000e+00	1.000000e+00
3	0	1	1	2	0.000000e+00	1.000000e+00
3	0	2	1	2	0.000000e+00	1.000000e+00
3	0	3	1	2	0.000000e+00	1.000000e+00
3	0	4	1	2	0.000000e+00	1.000000e+00
3	0	5	1	2	0.000000e+00	1.000000e+00
3	0	6	1	2	0.000000e+00	1.000000e+00
3	0	7	1	2	0.000000e+00	1.000000e+00
3	0	8	1	2	0.000000e+00	1.000000e+00
3	0	9	1	2	0.000000e+00	1.000000e+00
3	0	10	1	2	0.000000e+00	1.000000e+00
3	0	11	1	2	0.000000e+00	1.000000e+00
3	0	12	1	2	0.000000e+00	1.000000e+00
3	0	13	1	2	0.000000e+00	1.000000e+00
3	0	14	1	2	0.000000e+00	1.000000e+00
#BAC
4	0	0	0	0	0.000000e+00	11.208
4	0	1	0	0	0.000000e+00	10.463
4	0	2	0	0	0.000000e+00	9.015
4	0	3	0	0	0.000000e+00	10.424
4	0	4	0	0	0.000000e+00	10.278
4	0	0	1	0	1.000000e+00	-9.765625e-04
4	0	1	1	0	1.000000e+00	-9.765625e-04
4	0	2	1	0	1.000000e+00	-9.765625e-04
4	0	3	1	0	1.000000e+00	-9.765625e-04
4	0	4	1	0	1.000000e+00	-9.765625e-04
#HTOF
5	0	0	0	0	135.43979932840642	512.2199098639574
5	0	1	0	0	132.63875183372292	600.8019290687898
5	0	2	0	0	279.0767580831387	341.12055189639466
5	0	3	0	0	125.1007325771213	446.3400061491786
5	0	4	0	0	239.19700502394275	255.5
5	0	5	0	0	156.5338595402891	261.4262196615354
5	0	6	0	0	141.4898489436988	245.55077585531603
5	0	7	0	0	132.7965360597388	300.75836327314613
5	0	8	0	0	133.77436995031186	365.14227596715386
5	0	9	0	0	141.9522418414765	431.51040506943974
5	0	10	0	0	151.74119617512204	435.49749430403915
5	0	11	0	0	155.9789770633571	259.28373657637644
5	0	12	0	0	130.66049464986642	265.76568321552713
5	0	13	0	0	159.9623122206595	256.28299723685876
5	0	14	0	0	114.68854000879287	253.6768393414484
5	0	15	0	0	118.95882109363004	216.2600830715769
5	0	16	0	0	129.75763752974262	281.456724277331
5	0	17	0	0	143.1274227019662	228.73659759564515
5	0	18	0	0	136.3050220682263	224.50438987904917
5	0	19	0	0	117.24087940604834	308.58818592301554
5	0	20	0	0	73.76298166277685	236.8231255218747
5	0	21	0	0	117.99399662959301	357.1016121732957
5	0	22	0	0	140.65376085800293	284.4177086498966
5	0	23	0	0	121.06871928637655	237.87026680521888
5	0	24	0	0	140.64667289731327	208.04009860976228
5	0	25	0	0	122.75581727057406	213.93598284194104
5	0	26	0	0	135.65045088725736	229.0922513850548
5	0	27	0	0	132.86308012943104	247.58760386505196
5	0	28	0	0	133.75484603792577	222.98829643675666
5	0	29	0	0	139.09680505903754	250.24337641454565
5	0	30	0	0	121.62411936212553	600.5626831039434
5	0	31	0	0	123.21071509907688	425.41166509612793
5	0	32	0	0	124.37403146431582	414.87893260597855
5	0	33	0	0	122.71993549702339	465.9744411826302
5	0	0	0	1	179.0806463367291	571.3537328223971
5	0	1	0	1	171.147141110084	394.51944930630793
5	0	2	0	1	198.2048221919068	376.8850378834022
5	0	3	0	1	151.11105196037968	335.8476510470876
5	0	4	0	1	180.42643221133125	223.50000050303223
5	0	5	0	1	158.13043301405835	355.8236228461285
5	0	6	0	1	195.66593571532448	362.20135976821484
5	0	7	0	1	161.95425769843695	497.62501120543095
5	0	8	0	1	212.94170403498296	346.2859433928011
5	0	9	0	1	148.26229989743703	392.89079334308116
5	0	10	0	1	113.1571282920086	510.4719306929186
5	0	11	0	1	160.79577532613897	242.10663547326016
5	0	12	0	1	158.72142663285092	319.5870263626748
5	0	13	0	1	143.47993988071624	232.16840309382576
5	0	14	0	1	152.51282603295704	244.0100570036447
5	0	15	0	1	178.44932082725458	274.4333614240386
5	0	16	0	1	152.71096232840463	326.3933224261732
5	0	17	0	1	180.4935362765611	270.0854941106702
5	0	18	0	1	151.6655617685962	245.43171209777543
5	0	19	0	1	145.79647597072392	293.43420179817696
5	0	20	0	1	151.29736716037206	318.4346711451599
5	0	21	0	1	150.67246590402814	365.2574046794349
5	0	22	0	1	175.85696241626084	368.31696069362806
5	0	23	0	1	164.40526879400574	265.1729647502889
5	0	24	0	1	165.5059547014716	253.80792534405583
5	0	25	0	1	143.637038433116	262.3559521269467
5	0	26	0	1	145.55508445766876	245.61581678022543
5	0	27	0	1	159.258774441904	247.19948602107223
5	0	28	0	1	150.98433543535864	222.79139136718615
5	0	29	0	1	173.18833634142018	265.8054119017699
5	0	30	0	1	144.4082762608145	537.540036309374
5	0	31	0	1	137.82537549537446	273.69301595397224
5	0	32	0	1	174.19492624864844	291.6075815946901
5	0	33	0	1	165.08378384454036	411.96869327626
5	0	0	0	2	413.4174664915795	1257.1645928677588
5	0	1	0	2	392.6532413942134	1079.0601347635506
5	0	2	0	2	559.3863240038943	804.8174113129432
5	0	3	0	2	408.87303457825357	1024.028380221523
5	0	4	0	2	568.6530311521775	623.5000000006578
5	0	5	0	2	411.89367842345973	779.0375295261691
5	0	6	0	2	489.7874650691125	934.4176874908729
5	0	7	0	2	399.42377174275504	892.4263739929419
5	0	8	0	2	478.078186698193	882.4374558507305
5	0	9	0	2	463.5723433983207	1065.6279644827791
5	0	10	0	2	432.9768700664771	1207.4091987912407
5	0	11	0	2	480.6354633316707	680.9888255006036
5	0	12	0	2	419.47973328669434	736.7388627430495
5	0	13	0	2	402.5598726997202	598.2185762575352
5	0	14	0	2	381.2492812196548	614.9365310305087
5	0	15	0	2	470.8209823615291	674.3081212946224
5	0	16	0	2	718.3429698462749	1065.9655741067293
5	0	17	0	2	375.58625906093334	551.306230111381
5	0	18	0	2	327.16492203699784	512.8159075207487
5	0	19	0	2	375.2961727606411	705.2365798142381
5	0	20	0	2	305.1515757835673	658.7836568263642
5	0	21	0	2	245.27110690497256	680.1382005795512
5	0	22	0	2	491.58307581241763	832.1474338221462
5	0	23	0	2	413.85787882147866	710.825550765408
5	0	24	0	2	425.4173503494259	587.6200056107896
5	0	25	0	2	486.1559028157134	772.4761942615293
5	0	26	0	2	325.3951636545678	527.6755215164166
5	0	27	0	2	409.64443418764847	602.5066316721519
5	0	28	0	2	471.6344565498008	648.8469282424121
5	0	29	0	2	449.89458356862946	666.9109068387685
5	0	30	0	2	386.88457445154614	1273.5604107080824
5	0	31	0	2	519.1932592378623	985.2852459095126
5	0	32	0	2	577.5796688757432	1029.3931539848495
5	0	33	0	2	572.7442213576398	1219.3380283603217
5	0	0	1	0	712918.652697612	-0.0009765625
5	0	1	1	0	713809.4014288017	-0.0009765625
5	0	2	1	0	714305.1150121564	-0.0009765625
5	0	3	1	0	714455.5726256038	-0.0009765625
5	0	4	1	0	714906.9400651305	-0.0009765625
5	0	5	1	0	711861.9078449013	-0.0009765625
5	0	6	1	0	713065.1550382659	-0.0009765625
5	0	7	1	0	709940.2903449148	-0.0009765625
5	0	8	1	0	712446.9401742503	-0.0009765625
5	0	9	1	0	712454.8121594255	-0.0009765625
5	0	10	1	0	711458.1108175354	-0.0009765625
5	0	11	1	0	710694.3007341042	-0.0009765625
5	0	12	1	0	710502.8937571187	-0.0009765625
5	0	13	1	0	710088.7122791797	-0.0009765625
5	0	14	1	0	709215.1436719543	-0.0009765625
5	0	15	1	0	709146.9668965609	-0.0009765625
5	0	16	1	0	710899.7794642472	-0.0009765625
5	0	17	1	0	711208.0818867252	-0.0009765625
5	0	18	1	0	710951.0385450493	-0.0009765625
5	0	19	1	0	710184.3149718074	-0.0009765625
5	0	20	1	0	711252.202456557	-0.0009765625
5	0	21	1	0	711592.1742032961	-0.0009765625
5	0	22	1	0	710673.4385009999	-0.0009765625
5	0	23	1	0	710408.3061914523	-0.0009765625
5	0	24	1	0	712503.4703960656	-0.0009765625
5	0	25	1	0	712327.2331448641	-0.0009765625
5	0	26	1	0	712136.751477767	-0.0009765625
5	0	27	1	0	710825.4614418178	-0.0009765625
5	0	28	1	0	711117.5486822783	-0.0009765625
5	0	29	1	0	710374.588910617	-0.0009765625
5	0	30	1	0	711728.9902737633	-0.0009765625
5	0	31	1	0	711616.9831272992	-0.0009765625
5	0	32	1	0	713373.8809039769	-0.0009765625
5	0	33	1	0	713974.6606362908	-0.0009765625
5	0	0	1	1	714640.1107852585	-0.0009765625
5	0	1	1	1	714862.5541497995	-0.0009765625
5	0	2	1	1	713942.5866446062	-0.0009765625
5	0	3	1	1	716088.9129259643	-0.0009765625
5	0	4	1	1	714281.2858336599	-0.0009765625
5	0	5	1	1	712626.3297588762	-0.0009765625
5	0	6	1	1	713773.6842914319	-0.0009765625
5	0	7	1	1	713129.4780675097	-0.0009765625
5	0	8	1	1	713358.2287786582	-0.0009765625
5	0	9	1	1	712874.2418612674	-0.0009765625
5	0	10	1	1	712082.7982020823	-0.0009765625
5	0	11	1	1	710990.2624475037	-0.0009765625
5	0	12	1	1	710624.1993265209	-0.0009765625
5	0	13	1	1	710767.1406263574	-0.0009765625
5	0	14	1	1	710339.8281535994	-0.0009765625
5	0	15	1	1	710256.097703681	-0.0009765625
5	0	16	1	1	710367.4652453931	-0.0009765625
5	0	17	1	1	710154.8693508207	-0.0009765625
5	0	18	1	1	709513.8700377234	-0.0009765625
5	0	19	1	1	709306.3346109778	-0.0009765625
5	0	20	1	1	710416.6648132332	-0.0009765625
5	0	21	1	1	710612.4964894581	-0.0009765625
5	0	22	1	1	711175.9303023681	-0.0009765625
5	0	23	1	1	710068.0509533506	-0.0009765625
5	0	24	1	1	710939.5086185451	-0.0009765625
5	0	25	1	1	710352.1197123623	-0.0009765625
5	0	26	1	1	709817.0895371039	-0.0009765625
5	0	27	1	1	708929.21891382	-0.0009765625
5	0	28	1	1	709705.1448305699	-0.0009765625
5	0	29	1	1	709838.286107345	-0.0009765625
5	0	30	1	1	712244.8703948589	-0.0009765625
5	0	31	1	1	712237.6037557595	-0.0009765625
5	0	32	1	1	712294.1855191624	-0.0009765625
5	0	33	1	1	712459.3599310684	-0.0009765625
5	0	0	1	2	701169.5720826081	-0.0009765625
5	0	1	1	2	691467.1398992148	-0.0009765625
5	0	2	1	2	691755.4930453354	-0.0009765625
5	0	3	1	2	692027.5198188429	-0.0009765625
5	0	4	1	2	690555.1180674563	-0.0009765625
5	0	5	1	2	701873.1940973917	-0.0009765625
5	0	6	1	2	701646.1565419788	-0.0009765625
5	0	7	1	2	700053.6026989522	-0.0009765625
5	0	8	1	2	699636.0563078749	-0.0009765625
5	0	9	1	2	699254.8535551887	-0.0009765625
5	0	10	1	2	698831.0177527237	-0.0009765625
5	0	11	1	2	698808.6620450633	-0.0009765625
5	0	12	1	2	699444.9011476397	-0.0009765625
5	0	13	1	2	699130.3907352978	-0.0009765625
5	0	14	1	2	698813.0368094292	-0.0009765625
5	0	15	1	2	697593.5876756803	-0.0009765625
5	0	16	1	2	697541.7750028422	-0.0009765625
5	0	17	1	2	697410.6049354521	-0.0009765625
5	0	18	1	2	697672.0961613419	-0.0009765625
5	0	19	1	2	698673.150250882	-0.0009765625
5	0	20	1	2	699668.0742713069	-0.0009765625
5	0	21	1	2	699479.4553241073	-0.0009765625
5	0	22	1	2	698690.8960272486	-0.0009765625
5	0	23	1	2	698634.6603550249	-0.0009765625
5	0	24	1	2	699729.3400783956	-0.0009765625
5	0	25	1	2	699277.227472778	-0.0009765625
5	0	26	1	2	699524.9964638996	-0.0009765625
5	0	27	1	2	698307.9594729985	-0.0009765625
5	0	28	1	2	699938.6182691724	-0.0009765625
5	0	29	1	2	699993.6967255236	-0.0009765625
5	0	30	1	2	700442.6034188936	-0.0009765625
5	0	31	1	2	700513.3444690212	-0.0009765625
5	0	32	1	2	701214.7915272338	-0.0009765625
5	0	33	1	2	700682.8522774051	-0.0009765625
#KVC
6	0	0	0	0	0.000000e+00	9.405720e+00
6	0	1	0	0	0.000000e+00	9.293611e+00
6	0	2	0	0	0.000000e+00	9.794817e+00
6	0	3	0	0	0.000000e+00	8.935510e+00
6	0	4	0	0	0.000000e+00	9.405720e+00
6	0	5	0	0	0.000000e+00	9.293611e+00
6	0	6	0	0	0.000000e+00	9.794817e+00
6	0	7	0	0	0.000000e+00	8.935510e+00
6	0	0	0	1	0.000000e+00	8.864464e+00
6	0	1	0	1	0.000000e+00	1.002469e+01
6	0	2	0	1	0.000000e+00	9.032530e+00
6	0	3	0	1	0.000000e+00	8.566897e+00
6	0	4	0	1	0.000000e+00	8.864464e+00
6	0	5	0	1	0.000000e+00	1.002469e+01
6	0	6	0	1	0.000000e+00	9.032530e+00
6	0	7	0	1	0.000000e+00	8.566897e+00
6	0	0	0	2	0.000000e+00	9.281763e+00
6	0	1	0	2	0.000000e+00	9.597398e+00
6	0	2	0	2	0.000000e+00	9.604148e+00
6	0	3	0	2	0.000000e+00	9.156487e+00
6	0	4	0	2	0.000000e+00	9.281763e+00
6	0	5	0	2	0.000000e+00	9.597398e+00
6	0	6	0	2	0.000000e+00	9.604148e+00
6	0	7	0	2	0.000000e+00	9.156487e+00
6	0	0	0	3	0.000000e+00	9.215651e+00
6	0	1	0	3	0.000000e+00	9.984777e+00
6	0	2	0	3	0.000000e+00	9.305942e+00
6	0	3	0	3	0.000000e+00	9.693401e+00
6	0	4	0	3	0.000000e+00	9.215651e+00
6	0	5	0	3	0.000000e+00	9.984777e+00
6	0	6	0	3	0.000000e+00	9.305942e+00
6	0	7	0	3	0.000000e+00	9.693401e+00
6	0	0	0	4	0.000000e+00	9.192747e+00
6	0	1	0	4	0.000000e+00	9.755004e+00
6	0	2	0	4	0.000000e+00	9.437462e+00
6	0	3	0	4	0.000000e+00	9.100621e+00
6	0	4	0	4	0.000000e+00	9.192747e+00
6	0	5	0	4	0.000000e+00	9.755004e+00
6	0	6	0	4	0.000000e+00	9.437462e+00
6	0	7	0	4	0.000000e+00	9.100621e+00
6	0	0	1	4	1.000000e+00	-9.765625e-04
6	0	1	1	4	1.000000e+00	-9.765625e-04
6	0	2	1	4	1.000000e+00	-9.765625e-04
6	0	3	1	4	1.000000e+00	-9.765625e-04
6	0	4	1	4	1.000000e+00	-9.765625e-04
6	0	5	1	4	1.000000e+00	-9.765625e-04
6	0	6	1	4	1.000000e+00	-9.765625e-04
6	0	7	1	4	1.000000e+00	-9.765625e-04
#T1
7	0	0	0	0	0.000000e+00	1.000000e+00
7	0	0	1	0	1.000000e+00	-9.765625e-04
#CVC
8	0	0	0	0	0.000000e+00	1.000000e+00
8	0	1	0	0	0.000000e+00	1.000000e+00
8	0	2	0	0	0.000000e+00	1.000000e+00
8	0	3	0	0	0.000000e+00	1.000000e+00
8	0	4	0	0	0.000000e+00	1.000000e+00
8	0	5	0	0	0.000000e+00	1.000000e+00
8	0	6	0	0	0.000000e+00	1.000000e+00
8	0	7	0	0	0.000000e+00	1.000000e+00
8	0	0	0	1	0.000000e+00	1.000000e+00
8	0	1	0	1	0.000000e+00	1.000000e+00
8	0	2	0	1	0.000000e+00	1.000000e+00
8	0	3	0	1	0.000000e+00	1.000000e+00
8	0	4	0	1	0.000000e+00	1.000000e+00
8	0	5	0	1	0.000000e+00	1.000000e+00
8	0	6	0	1	0.000000e+00	1.000000e+00
8	0	7	0	1	0.000000e+00	1.000000e+00
8	0	0	1	0	1.000000e+00	-9.765625e-04
8	0	1	1	0	1.000000e+00	-9.765625e-04
8	0	2	1	0	1.000000e+00	-9.765625e-04
8	0	3	1	0	1.000000e+00	-9.765625e-04
8	0	4	1	0	1.000000e+00	-9.765625e-04
8	0	5	1	0	1.000000e+00	-9.765625e-04
8	0	6	1	0	1.000000e+00	-9.765625e-04
8	0	7	1	0	1.000000e+00	-9.765625e-04
8	0	0	1	1	1.000000e+00	-9.765625e-04
8	0	1	1	1	1.000000e+00	-9.765625e-04
8	0	2	1	1	1.000000e+00	-9.765625e-04
8	0	3	1	1	1.000000e+00	-9.765625e-04
8	0	4	1	1	1.000000e+00	-9.765625e-04
8	0	5	1	1	1.000000e+00	-9.765625e-04
8	0	6	1	1	1.000000e+00	-9.765625e-04
8	0	7	1	1	1.000000e+00	-9.765625e-04
#SAC3
9	0	0	0	0	0.000000e+00	1.000000e+00
9	0	0	1	0	1.000000e+00	-9.765625e-04
#SFV
10	0	0	1	0	1.000000e+00	-9.765625e-04
#COBO
11	0	0	1	0	1.575e+06	-9.765625e-04
11	0	1	1	0	1.575e+06	-9.765625e-04
11	0	2	1	0	1.575e+06	-9.765625e-04
11	0	3	1	0	1.575e+06	-9.765625e-04
11	0	4	1	0	1.575e+06	-9.765625e-04
11	0	5	1	0	1.575e+06	-9.765625e-04
11	0	6	1	0	1.575e+06	-9.765625e-04
11	0	7	1	0	1.575e+06	-9.765625e-04
#T2
12	0	0	0	0	0.000000e+00	1.000000e+00
12	0	0	1	0	1.000000e+00	-9.765625e-04
#SCH
13	0	0	0	0	0.000000e+00	1.000000e+00
13	0	1	0	0	0.000000e+00	1.000000e+00
13	0	2	0	0	0.000000e+00	1.000000e+00
13	0	3	0	0	0.000000e+00	1.000000e+00
13	0	4	0	0	0.000000e+00	1.000000e+00
13	0	5	0	0	0.000000e+00	1.000000e+00
13	0	6	0	0	0.000000e+00	1.000000e+00
13	0	7	0	0	0.000000e+00	1.000000e+00
13	0	8	0	0	0.000000e+00	1.000000e+00
13	0	9	0	0	0.000000e+00	1.000000e+00
13	0	10	0	0	0.000000e+00	1.000000e+00
13	0	11	0	0	0.000000e+00	1.000000e+00
13	0	12	0	0	0.000000e+00	1.000000e+00
13	0	13	0	0	0.000000e+00	1.000000e+00
13	0	14	0	0	0.000000e+00	1.000000e+00
13	0	15	0	0	0.000000e+00	1.000000e+00
13	0	16	0	0	0.000000e+00	1.000000e+00
13	0	17	0	0	0.000000e+00	1.000000e+00
13	0	18	0	0	0.000000e+00	1.000000e+00
13	0	19	0	0	0.000000e+00	1.000000e+00
13	0	20	0	0	0.000000e+00	1.000000e+00
13	0	21	0	0	0.000000e+00	1.000000e+00
13	0	22	0	0	0.000000e+00	1.000000e+00
13	0	23	0	0	0.000000e+00	1.000000e+00
13	0	24	0	0	0.000000e+00	1.000000e+00
13	0	25	0	0	0.000000e+00	1.000000e+00
13	0	26	0	0	0.000000e+00	1.000000e+00
13	0	27	0	0	0.000000e+00	1.000000e+00
13	0	28	0	0	0.000000e+00	1.000000e+00
13	0	29	0	0	0.000000e+00	1.000000e+00
13	0	30	0	0	0.000000e+00	1.000000e+00
13	0	31	0	0	0.000000e+00	1.000000e+00
13	0	32	0	0	0.000000e+00	1.000000e+00
13	0	33	0	0	0.000000e+00	1.000000e+00
13	0	34	0	0	0.000000e+00	1.000000e+00
13	0	35	0	0	0.000000e+00	1.000000e+00
13	0	36	0	0	0.000000e+00	1.000000e+00
13	0	37	0	0	0.000000e+00	1.000000e+00
13	0	38	0	0	0.000000e+00	1.000000e+00
13	0	39	0	0	0.000000e+00	1.000000e+00
13	0	40	0	0	0.000000e+00	1.000000e+00
13	0	41	0	0	0.000000e+00	1.000000e+00
13	0	42	0	0	0.000000e+00	1.000000e+00
13	0	43	0	0	0.000000e+00	1.000000e+00
13	0	44	0	0	0.000000e+00	1.000000e+00
13	0	45	0	0	0.000000e+00	1.000000e+00
13	0	46	0	0	0.000000e+00	1.000000e+00
13	0	47	0	0	0.000000e+00	1.000000e+00
13	0	48	0	0	0.000000e+00	1.000000e+00
13	0	49	0	0	0.000000e+00	1.000000e+00
13	0	50	0	0	0.000000e+00	1.000000e+00
13	0	51	0	0	0.000000e+00	1.000000e+00
13	0	52	0	0	0.000000e+00	1.000000e+00
13	0	53	0	0	0.000000e+00	1.000000e+00
13	0	54	0	0	0.000000e+00	1.000000e+00
13	0	55	0	0	0.000000e+00	1.000000e+00
13	0	56	0	0	0.000000e+00	1.000000e+00
13	0	57	0	0	0.000000e+00	1.000000e+00
13	0	58	0	0	0.000000e+00	1.000000e+00
13	0	59	0	0	0.000000e+00	1.000000e+00
13	0	60	0	0	0.000000e+00	1.000000e+00
13	0	61	0	0	0.000000e+00	1.000000e+00
13	0	62	0	0	0.000000e+00	1.000000e+00
13	0	63	0	0	0.000000e+00	1.000000e+00
13	0	0	1	0	1.000000e+00	-9.765625e-04
13	0	1	1	0	1.000000e+00	-9.765625e-04
13	0	2	1	0	1.000000e+00	-9.765625e-04
13	0	3	1	0	1.000000e+00	-9.765625e-04
13	0	4	1	0	1.000000e+00	-9.765625e-04
13	0	5	1	0	1.000000e+00	-9.765625e-04
13	0	6	1	0	1.000000e+00	-9.765625e-04
13	0	7	1	0	1.000000e+00	-9.765625e-04
13	0	8	1	0	1.000000e+00	-9.765625e-04
13	0	9	1	0	1.000000e+00	-9.765625e-04
13	0	10	1	0	1.000000e+00	-9.765625e-04
13	0	11	1	0	1.000000e+00	-9.765625e-04
13	0	12	1	0	1.000000e+00	-9.765625e-04
13	0	13	1	0	1.000000e+00	-9.765625e-04
13	0	14	1	0	1.000000e+00	-9.765625e-04
13	0	15	1	0	1.000000e+00	-9.765625e-04
13	0	16	1	0	1.000000e+00	-9.765625e-04
13	0	17	1	0	1.000000e+00	-9.765625e-04
13	0	18	1	0	1.000000e+00	-9.765625e-04
13	0	19	1	0	1.000000e+00	-9.765625e-04
13	0	20	1	0	1.000000e+00	-9.765625e-04
13	0	21	1	0	1.000000e+00	-9.765625e-04
13	0	22	1	0	1.000000e+00	-9.765625e-04
13	0	23	1	0	1.000000e+00	-9.765625e-04
13	0	24	1	0	1.000000e+00	-9.765625e-04
13	0	25	1	0	1.000000e+00	-9.765625e-04
13	0	26	1	0	1.000000e+00	-9.765625e-04
13	0	27	1	0	1.000000e+00	-9.765625e-04
13	0	28	1	0	1.000000e+00	-9.765625e-04
13	0	29	1	0	1.000000e+00	-9.765625e-04
13	0	30	1	0	1.000000e+00	-9.765625e-04
13	0	31	1	0	1.000000e+00	-9.765625e-04
13	0	32	1	0	1.000000e+00	-9.765625e-04
13	0	33	1	0	1.000000e+00	-9.765625e-04
13	0	34	1	0	1.000000e+00	-9.765625e-04
13	0	35	1	0	1.000000e+00	-9.765625e-04
13	0	36	1	0	1.000000e+00	-9.765625e-04
13	0	37	1	0	1.000000e+00	-9.765625e-04
13	0	38	1	0	1.000000e+00	-9.765625e-04
13	0	39	1	0	1.000000e+00	-9.765625e-04
13	0	40	1	0	1.000000e+00	-9.765625e-04
13	0	41	1	0	1.000000e+00	-9.765625e-04
13	0	42	1	0	1.000000e+00	-9.765625e-04
13	0	43	1	0	1.000000e+00	-9.765625e-04
13	0	44	1	0	1.000000e+00	-9.765625e-04
13	0	45	1	0	1.000000e+00	-9.765625e-04
13	0	46	1	0	1.000000e+00	-9.765625e-04
13	0	47	1	0	1.000000e+00	-9.765625e-04
13	0	48	1	0	1.000000e+00	-9.765625e-04
13	0	49	1	0	1.000000e+00	-9.765625e-04
13	0	50	1	0	1.000000e+00	-9.765625e-04
13	0	51	1	0	1.000000e+00	-9.765625e-04
13	0	52	1	0	1.000000e+00	-9.765625e-04
13	0	53	1	0	1.000000e+00	-9.765625e-04
13	0	54	1	0	1.000000e+00	-9.765625e-04
13	0	55	1	0	1.000000e+00	-9.765625e-04
13	0	56	1	0	1.000000e+00	-9.765625e-04
13	0	57	1	0	1.000000e+00	-9.765625e-04
13	0	58	1	0	1.000000e+00	-9.765625e-04
13	0	59	1	0	1.000000e+00	-9.765625e-04
13	0	60	1	0	1.000000e+00	-9.765625e-04
13	0	61	1	0	1.000000e+00	-9.765625e-04
13	0	62	1	0	1.000000e+00	-9.765625e-04
13	0	63	1	0	1.000000e+00	-9.765625e-04
#T3
14	0	0	1	0	1.000000e+00	-9.765625e-04
