#CId	PlId	SegId	AorT	UorD	p0	p1
#BHT
1	0	0	0	0	0.0	9.045030193877437
1	0	1	0	0	0.0	8.467068235651345
1	0	2	0	0	0.0	9.77015402896909
1	0	3	0	0	0.0	8.785691585731863
1	0	4	0	0	0.0	9.247640103119826
1	0	5	0	0	0.0	9.03068092084642
1	0	6	0	0	0.0	9.53671985336447
1	0	7	0	0	0.0	7.736274568586089
1	0	8	0	0	0.0	9.357653015039979
1	0	9	0	0	0.0	8.362816193483633
1	0	10	0	0	0.0	9.036743207998878
1	0	11	0	0	0.0	8.140161325968055
1	0	12	0	0	0.0	9.510546615220955
1	0	13	0	0	0.0	8.395726170580996
1	0	14	0	0	0.0	9.41604800273888
1	0	15	0	0	0.0	7.9213068017917925
1	0	16	0	0	0.0	8.904310625592798
1	0	17	0	0	0.0	8.570587623653967
1	0	18	0	0	0.0	9.016976830141212
1	0	19	0	0	0.0	8.205188674391337
1	0	20	0	0	0.0	8.786175757029351
1	0	21	0	0	0.0	8.698307512602462
1	0	22	0	0	0.0	8.80374073279019
1	0	23	0	0	0.0	7.723540065855087
1	0	24	0	0	0.0	9.016888051823715
1	0	25	0	0	0.0	8.720564286794296
1	0	26	0	0	0.0	9.026089037713614
1	0	27	0	0	0.0	8.292417794559237
1	0	28	0	0	0.0	8.915227250972753
1	0	29	0	0	0.0	9.042965250331793
1	0	30	0	0	0.0	8.867336821027369
1	0	31	0	0	0.0	8.391961749442775
1	0	32	0	0	0.0	9.102741919982435
1	0	33	0	0	0.0	8.787819239735947
1	0	34	0	0	0.0	8.953979285125358
1	0	35	0	0	0.0	8.367645931613708
1	0	36	0	0	0.0	9.146613878388285
1	0	37	0	0	0.0	8.595367835447528
1	0	38	0	0	0.0	8.840604288747995
1	0	39	0	0	0.0	8.391936491445664
1	0	40	0	0	0.0	9.102064309527774
1	0	41	0	0	0.0	8.470374428885638
1	0	42	0	0	0.0	9.208184030965292
1	0	43	0	0	0.0	8.421350587180271
1	0	44	0	0	0.0	9.163997213425478
1	0	45	0	0	0.0	8.750262545102476
1	0	46	0	0	0.0	9.082620715176084
1	0	47	0	0	0.0	8.744311152591356
1	0	48	0	0	0.0	9.518651610972993
1	0	49	0	0	0.0	8.91059075501742
1	0	50	0	0	0.0	9.07028382525681
1	0	51	0	0	0.0	8.207516291310487
1	0	52	0	0	0.0	9.245277851099287
1	0	53	0	0	0.0	8.793827039424876
1	0	54	0	0	0.0	9.437890837600653
1	0	55	0	0	0.0	8.351322803969646
1	0	56	0	0	0.0	9.381720337622133
1	0	57	0	0	0.0	9.07626720040642
1	0	58	0	0	0.0	9.09083505021472
1	0	59	0	0	0.0	8.3284694165589
1	0	60	0	0	0.0	9.503329946721902
1	0	61	0	0	0.0	9.356948869518375
1	0	62	0	0	0.0	9.722672005934582
1	0	0	0	1	0.0	9.423509258564232
1	0	1	0	1	0.0	9.760976627748366
1	0	2	0	1	0.0	9.867301183840485
1	0	3	0	1	0.0	9.786556420663906
1	0	4	0	1	0.0	9.095124072507918
1	0	5	0	1	0.0	9.471115766768238
1	0	6	0	1	0.0	9.53030117554252
1	0	7	0	1	0.0	8.662517654950314
1	0	8	0	1	0.0	8.917905092850138
1	0	9	0	1	0.0	8.796063002516156
1	0	10	0	1	0.0	8.975592342300544
1	0	11	0	1	0.0	8.907757268776548
1	0	12	0	1	0.0	9.14107186718292
1	0	13	0	1	0.0	8.70031509664528
1	0	14	0	1	0.0	8.634282069258788
1	0	15	0	1	0.0	8.971284793950089
1	0	16	0	1	0.0	8.935465036742878
1	0	17	0	1	0.0	9.050052017087733
1	0	18	0	1	0.0	9.208298382810725
1	0	19	0	1	0.0	9.193393847646153
1	0	20	0	1	0.0	8.983117755569241
1	0	21	0	1	0.0	8.97265218609593
1	0	22	0	1	0.0	9.02144173308479
1	0	23	0	1	0.0	8.858624630797893
1	0	24	0	1	0.0	8.71121091934684
1	0	25	0	1	0.0	8.813383643408672
1	0	26	0	1	0.0	8.773321535997562
1	0	27	0	1	0.0	8.980653749445095
1	0	28	0	1	0.0	8.91335216762673
1	0	29	0	1	0.0	9.075274330251093
1	0	30	0	1	0.0	9.02086412359139
1	0	31	0	1	0.0	9.022146436055083
1	0	32	0	1	0.0	8.950357962557126
1	0	33	0	1	0.0	8.820185493169383
1	0	34	0	1	0.0	8.865238703171347
1	0	35	0	1	0.0	8.734501037731816
1	0	36	0	1	0.0	8.966652760482761
1	0	37	0	1	0.0	8.677739321256816
1	0	38	0	1	0.0	8.805901648212663
1	0	39	0	1	0.0	8.915778755269573
1	0	40	0	1	0.0	8.696427593237457
1	0	41	0	1	0.0	8.591233054925894
1	0	42	0	1	0.0	9.081879083142553
1	0	43	0	1	0.0	8.752542001370598
1	0	44	0	1	0.0	8.839975041273759
1	0	45	0	1	0.0	8.711872351464015
1	0	46	0	1	0.0	8.844753586308752
1	0	47	0	1	0.0	9.095932236949208
1	0	48	0	1	0.0	9.138918814833659
1	0	49	0	1	0.0	9.136584522695358
1	0	50	0	1	0.0	8.784336489342358
1	0	51	0	1	0.0	8.532870439880138
1	0	52	0	1	0.0	8.762624345082799
1	0	53	0	1	0.0	8.701233532262984
1	0	54	0	1	0.0	9.238558175653615
1	0	55	0	1	0.0	9.12046156694851
1	0	56	0	1	0.0	8.208137521136019
1	0	57	0	1	0.0	8.953288185970486
1	0	58	0	1	0.0	8.566792410671392
1	0	59	0	1	0.0	9.027069219793725
1	0	60	0	1	0.0	8.80732727927168
1	0	61	0	1	0.0	9.125574368409254
1	0	62	0	1	0.0	9.02717537854633
1	0	0	1	0	1418055.2054794522	-0.0009765625
1	0	1	1	0	1417753.2432432433	-0.0009765625
1	0	2	1	0	1418230.2150537635	-0.0009765625
1	0	3	1	0	1417273.294117647	-0.0009765625
1	0	4	1	0	1417574.1666666667	-0.0009765625
1	0	5	1	0	1417651.4814814816	-0.0009765625
1	0	6	1	0	1417084.1935483871	-0.0009765625
1	0	7	1	0	1417273.1304347827	-0.0009765625
1	0	8	1	0	1416901.111111111	-0.0009765625
1	0	9	1	0	1418039.107142857	-0.0009765625
1	0	10	1	0	1417750.168067227	-0.0009765625
1	0	11	1	0	1417850.2777777778	-0.0009765625
1	0	12	1	0	1417443.6956521738	-0.0009765625
1	0	13	1	0	1418242.1912350599	-0.0009765625
1	0	14	1	0	1418250.384983217	-0.0009765625
1	0	15	1	0	1418637.7628809088	-0.0009765625
1	0	16	1	0	1418276.3283238302	-0.0009765625
1	0	17	1	0	1419263.4780162016	-0.0009765625
1	0	18	1	0	1418831.3166894766	-0.0009765625
1	0	19	1	0	1419086.1906921659	-0.0009765625
1	0	20	1	0	1419526.3876787054	-0.0009765625
1	0	21	1	0	1419629.3267355359	-0.0009765625
1	0	22	1	0	1419811.0035640998	-0.0009765625
1	0	23	1	0	1419105.2639590765	-0.0009765625
1	0	24	1	0	1419277.4562693003	-0.0009765625
1	0	25	1	0	1419599.3335790841	-0.0009765625
1	0	26	1	0	1419727.6960722902	-0.0009765625
1	0	27	1	0	1419141.1650551606	-0.0009765625
1	0	28	1	0	1419506.2253848112	-0.0009765625
1	0	29	1	0	1419556.4668596967	-0.0009765625
1	0	30	1	0	1419717.4616071417	-0.0009765625
1	0	31	1	0	1417951.7024389806	-0.0009765625
1	0	32	1	0	1418392.9363057457	-0.0009765625
1	0	33	1	0	1418224.161572247	-0.0009765625
1	0	34	1	0	1418764.3829022518	-0.0009765625
1	0	35	1	0	1418966.1698025921	-0.0009765625
1	0	36	1	0	1418767.7544206812	-0.0009765625
1	0	37	1	0	1419214.5921871364	-0.0009765625
1	0	38	1	0	1418790.0163134953	-0.0009765625
1	0	39	1	0	1419088.1209492008	-0.0009765625
1	0	40	1	0	1418377.1428216172	-0.0009765625
1	0	41	1	0	1419068.012417345	-0.0009765625
1	0	42	1	0	1418723.8491314435	-0.0009765625
1	0	43	1	0	1419241.9190709281	-0.0009765625
1	0	44	1	0	1418553.8700982283	-0.0009765625
1	0	45	1	0	1419341.843495716	-0.0009765625
1	0	46	1	0	1418565.8150753602	-0.0009765625
1	0	47	1	0	1419017.0624714228	-0.0009765625
1	0	48	1	0	1418444.33613945	-0.0009765625
1	0	49	1	0	1419283.756263027	-0.0009765625
1	0	50	1	0	1418697.7238642504	-0.0009765625
1	0	51	1	0	1418942.3911481672	-0.0009765625
1	0	52	1	0	1418791.1222235956	-0.0009765625
1	0	53	1	0	1419458.6502810116	-0.0009765625
1	0	54	1	0	1419030.4605015584	-0.0009765625
1	0	55	1	0	1419145.528693258	-0.0009765625
1	0	56	1	0	1418771.0662490276	-0.0009765625
1	0	57	1	0	1419590.319105223	-0.0009765625
1	0	58	1	0	1419111.2748911013	-0.0009765625
1	0	59	1	0	1419384.3183425919	-0.0009765625
1	0	60	1	0	1418931.9989059088	-0.0009765625
1	0	61	1	0	1419579.54457318	-0.0009765625
1	0	62	1	0	1419138.7714791645	-0.0009765625
1	0	0	1	1	1419526.5789473683	-0.0009765625
1	0	1	1	1	1420447.8666666667	-0.0009765625
1	0	2	1	1	1419335.9574468085	-0.0009765625
1	0	3	1	1	1419794.8837209302	-0.0009765625
1	0	4	1	1	1419976.0273972603	-0.0009765625
1	0	5	1	1	1420186.7901234569	-0.0009765625
1	0	6	1	1	1418471.914893617	-0.0009765625
1	0	7	1	1	1419554.347826087	-0.0009765625
1	0	8	1	1	1419630.6956521738	-0.0009765625
1	0	9	1	1	1420509.2727272727	-0.0009765625
1	0	10	1	1	1419739.6666666667	-0.0009765625
1	0	11	1	1	1419678.3783783785	-0.0009765625
1	0	12	1	1	1419069.0625	-0.0009765625
1	0	13	1	1	1420237.68	-0.0009765625
1	0	14	1	1	1419406.5540841012	-0.0009765625
1	0	15	1	1	1420348.4451388733	-0.0009765625
1	0	16	1	1	1419859.6307329729	-0.0009765625
1	0	17	1	1	1420966.1333296695	-0.0009765625
1	0	18	1	1	1419614.5432707656	-0.0009765625
1	0	19	1	1	1420500.0556694483	-0.0009765625
1	0	20	1	1	1419691.9591958905	-0.0009765625
1	0	21	1	1	1420574.7721342077	-0.0009765625
1	0	22	1	1	1419358.742439211	-0.0009765625
1	0	23	1	1	1420021.5057351738	-0.0009765625
1	0	24	1	1	1419719.2060635174	-0.0009765625
1	0	25	1	1	1420439.3716133304	-0.0009765625
1	0	26	1	1	1419288.8011700707	-0.0009765625
1	0	27	1	1	1419839.3863359808	-0.0009765625
1	0	28	1	1	1419408.7390441985	-0.0009765625
1	0	29	1	1	1419066.1047184023	-0.0009765625
1	0	30	1	1	1418773.4855254875	-0.0009765625
1	0	31	1	1	1418485.8468331974	-0.0009765625
1	0	32	1	1	1420072.59492665	-0.0009765625
1	0	33	1	1	1419863.0235944442	-0.0009765625
1	0	34	1	1	1419579.6507824403	-0.0009765625
1	0	35	1	1	1419364.421385402	-0.0009765625
1	0	36	1	1	1419761.9848493056	-0.0009765625
1	0	37	1	1	1419689.1580996958	-0.0009765625
1	0	38	1	1	1419135.4250535695	-0.0009765625
1	0	39	1	1	1419338.226804945	-0.0009765625
1	0	40	1	1	1419596.4551623072	-0.0009765625
1	0	41	1	1	1419450.4200264148	-0.0009765625
1	0	42	1	1	1419147.9699001934	-0.0009765625
1	0	43	1	1	1418850.2882258927	-0.0009765625
1	0	44	1	1	1418233.3476557604	-0.0009765625
1	0	45	1	1	1418865.9081676675	-0.0009765625
1	0	46	1	1	1417659.8044909867	-0.0009765625
1	0	47	1	1	1418482.88162023	-0.0009765625
1	0	48	1	1	1417897.6706506934	-0.0009765625
1	0	49	1	1	1418770.2791814066	-0.0009765625
1	0	50	1	1	1417556.6905153424	-0.0009765625
1	0	51	1	1	1418094.6379306875	-0.0009765625
1	0	52	1	1	1417538.3064919354	-0.0009765625
1	0	53	1	1	1418491.8532245199	-0.0009765625
1	0	54	1	1	1417231.9074907573	-0.0009765625
1	0	55	1	1	1417921.2452476148	-0.0009765625
1	0	56	1	1	1417920.0102229123	-0.0009765625
1	0	57	1	1	1418648.2280759613	-0.0009765625
1	0	58	1	1	1417649.911295743	-0.0009765625
1	0	59	1	1	1417916.4878359584	-0.0009765625
1	0	60	1	1	1418460.5147403427	-0.0009765625
1	0	61	1	1	1418183.7799798362	-0.0009765625
1	0	62	1	1	1418006.8165042116	-0.0009765625
#BH2
3	0	0	0	0	120.4115062347346	212.77027027027026
3	0	1	0	0	148.7021093503327	283.4265536723164
3	0	2	0	0	103.16257203185353	266.8975535168196
3	0	3	0	0	136.99199004029728	297.0928360235261
3	0	4	0	0	127.96458149281902	250.30462256655773
3	0	5	0	0	130.22830495925592	283.284340444447
3	0	6	0	0	129.89753565410874	216.69957571701426
3	0	7	0	0	124.01548413538478	302.7586960930034
3	0	8	0	0	115.96789070388604	263.96717377846556
3	0	9	0	0	111.9259381259808	270.9946931496254
3	0	10	0	0	141.40204709526145	268.7529722537522
3	0	11	0	0	116.87937053372474	226.0312860028091
3	0	12	0	0	112.97244364120331	295.2018873777016
3	0	13	0	0	97.46327674327182	285.90833333333336
3	0	14	0	0	144.6439365778725	293.6657142857143
3	0	0	0	1	127.19200258214202	284.96774193548384
3	0	1	0	1	108.76057907738733	260.2435897435897
3	0	2	0	1	119.48142915484247	283.4818181818182
3	0	3	0	1	91.6113910208725	255.76695014422043
3	0	4	0	1	127.3916201451562	265.68893988610813
3	0	5	0	1	107.58055154854443	244.31244341369353
3	0	6	0	1	106.05493210775805	232.40858953528615
3	0	7	0	1	111.19195839313699	255.41314233038455
3	0	8	0	1	124.14218826773181	238.9133400490298
3	0	9	0	1	107.30786683622976	231.24389824858716
3	0	10	0	1	119.91305640299964	222.85600812458475
3	0	11	0	1	117.52147527606522	230.31449959671488
3	0	12	0	1	113.65116353108502	271.80143540669854
3	0	13	0	1	108.62826695070734	280.0839416058394
3	0	14	0	1	115.18692258361253	295.9246575342466
3	0	0	1	0	723431.3392857143	-0.0009765625
3	0	1	1	0	723031.6060606061	-0.0009765625
3	0	2	1	0	724336.4040671483	-0.0009765625
3	0	3	1	0	724241.1146650724	-0.0009765625
3	0	4	1	0	725019.4474353984	-0.0009765625
3	0	5	1	0	725582.1730270808	-0.0009765625
3	0	6	1	0	724371.252990045	-0.0009765625
3	0	7	1	0	724435.3629020131	-0.0009765625
3	0	8	1	0	725276.5336101323	-0.0009765625
3	0	9	1	0	725125.5594174135	-0.0009765625
3	0	10	1	0	724362.5179574933	-0.0009765625
3	0	11	1	0	723822.7155118808	-0.0009765625
3	0	12	1	0	723844.0507940715	-0.0009765625
3	0	13	1	0	723224.0187657988	-0.0009765625
3	0	14	1	0	723218.6633663366	-0.0009765625
3	0	0	1	1	726371.1607142857	-0.0009765625
3	0	1	1	1	725660.3757225433	-0.0009765625
3	0	2	1	1	727895.0969258428	-0.0009765625
3	0	3	1	1	727495.7308123605	-0.0009765625
3	0	4	1	1	727160.9954585442	-0.0009765625
3	0	5	1	1	727795.5125482911	-0.0009765625
3	0	6	1	1	727635.1385288368	-0.0009765625
3	0	7	1	1	727878.8359207594	-0.0009765625
3	0	8	1	1	728504.9944847446	-0.0009765625
3	0	9	1	1	728065.9736477532	-0.0009765625
3	0	10	1	1	728061.3557190668	-0.0009765625
3	0	11	1	1	726692.2284062892	-0.0009765625
3	0	12	1	1	726768.0945176895	-0.0009765625
3	0	13	1	1	726058.6105512126	-0.0009765625
3	0	14	1	1	726333.495145631	-0.0009765625
3	0	0	1	2	-0.5667274568050628	1.0
3	0	1	1	2	-0.9661502233482384	1.0
3	0	2	1	2	0.08598144168360859	1.0
3	0	3	1	2	0.3576858260938865	1.0
3	0	4	1	2	-0.440789443311685	1.0
3	0	5	1	2	0.5907117665476915	1.0
3	0	6	1	2	-0.4299161729027961	1.0
3	0	7	1	2	0.3086611158036061	1.0
3	0	8	1	2	-0.29612608601884866	1.0
3	0	9	1	2	-0.15687856174455822	1.0
3	0	10	1	2	-0.7058850963248731	1.0
3	0	11	1	2	-0.6373888193379764	1.0
3	0	12	1	2	-0.8386830781880875	1.0
3	0	13	1	2	-0.8162408798291304	1.0
3	0	14	1	2	-0.9673648648648638	1.0
#BAC
4	0	0	0	0	100.66399345017655	11.208
4	0	1	0	0	86.78435449627136	10.463
4	0	2	0	0	85.20629352924934	9.015
4	0	3	0	0	74.69286360628226	10.424
4	0	4	0	0	218.05366585807624	10.278
4	0	0	1	0	1.000000e+00	-9.765625e-04
4	0	1	1	0	1.000000e+00	-9.765625e-04
4	0	2	1	0	1.000000e+00	-9.765625e-04
4	0	3	1	0	1.000000e+00	-9.765625e-04
4	0	4	1	0	713179.2337214417	-0.0009765625
#HTOF
5	0	0	0	0	0.000000e+00	1.000000e+00
5	0	1	0	0	0.000000e+00	1.000000e+00
5	0	2	0	0	0.000000e+00	1.000000e+00
5	0	3	0	0	0.000000e+00	1.000000e+00
5	0	4	0	0	0.000000e+00	1.000000e+00
5	0	5	0	0	0.000000e+00	1.000000e+00
5	0	6	0	0	0.000000e+00	1.000000e+00
5	0	7	0	0	0.000000e+00	1.000000e+00
5	0	8	0	0	0.000000e+00	1.000000e+00
5	0	9	0	0	0.000000e+00	1.000000e+00
5	0	10	0	0	0.000000e+00	1.000000e+00
5	0	11	0	0	0.000000e+00	1.000000e+00
5	0	12	0	0	0.000000e+00	1.000000e+00
5	0	13	0	0	0.000000e+00	1.000000e+00
5	0	14	0	0	0.000000e+00	1.000000e+00
5	0	15	0	0	0.000000e+00	1.000000e+00
5	0	16	0	0	0.000000e+00	1.000000e+00
5	0	17	0	0	0.000000e+00	1.000000e+00
5	0	18	0	0	0.000000e+00	1.000000e+00
5	0	19	0	0	0.000000e+00	1.000000e+00
5	0	20	0	0	0.000000e+00	1.000000e+00
5	0	21	0	0	0.000000e+00	1.000000e+00
5	0	22	0	0	0.000000e+00	1.000000e+00
5	0	23	0	0	0.000000e+00	1.000000e+00
5	0	24	0	0	0.000000e+00	1.000000e+00
5	0	25	0	0	0.000000e+00	1.000000e+00
5	0	26	0	0	0.000000e+00	1.000000e+00
5	0	27	0	0	0.000000e+00	1.000000e+00
5	0	28	0	0	0.000000e+00	1.000000e+00
5	0	29	0	0	0.000000e+00	1.000000e+00
5	0	30	0	0	0.000000e+00	1.000000e+00
5	0	31	0	0	0.000000e+00	1.000000e+00
5	0	32	0	0	0.000000e+00	1.000000e+00
5	0	33	0	0	0.000000e+00	1.000000e+00
5	0	0	0	1	0.000000e+00	1.000000e+00
5	0	1	0	1	0.000000e+00	1.000000e+00
5	0	2	0	1	0.000000e+00	1.000000e+00
5	0	3	0	1	0.000000e+00	1.000000e+00
5	0	4	0	1	0.000000e+00	1.000000e+00
5	0	5	0	1	0.000000e+00	1.000000e+00
5	0	6	0	1	0.000000e+00	1.000000e+00
5	0	7	0	1	0.000000e+00	1.000000e+00
5	0	8	0	1	0.000000e+00	1.000000e+00
5	0	9	0	1	0.000000e+00	1.000000e+00
5	0	10	0	1	0.000000e+00	1.000000e+00
5	0	11	0	1	0.000000e+00	1.000000e+00
5	0	12	0	1	0.000000e+00	1.000000e+00
5	0	13	0	1	0.000000e+00	1.000000e+00
5	0	14	0	1	0.000000e+00	1.000000e+00
5	0	15	0	1	0.000000e+00	1.000000e+00
5	0	16	0	1	0.000000e+00	1.000000e+00
5	0	17	0	1	0.000000e+00	1.000000e+00
5	0	18	0	1	0.000000e+00	1.000000e+00
5	0	19	0	1	0.000000e+00	1.000000e+00
5	0	20	0	1	0.000000e+00	1.000000e+00
5	0	21	0	1	0.000000e+00	1.000000e+00
5	0	22	0	1	0.000000e+00	1.000000e+00
5	0	23	0	1	0.000000e+00	1.000000e+00
5	0	24	0	1	0.000000e+00	1.000000e+00
5	0	25	0	1	0.000000e+00	1.000000e+00
5	0	26	0	1	0.000000e+00	1.000000e+00
5	0	27	0	1	0.000000e+00	1.000000e+00
5	0	28	0	1	0.000000e+00	1.000000e+00
5	0	29	0	1	0.000000e+00	1.000000e+00
5	0	30	0	1	0.000000e+00	1.000000e+00
5	0	31	0	1	0.000000e+00	1.000000e+00
5	0	32	0	1	0.000000e+00	1.000000e+00
5	0	33	0	1	0.000000e+00	1.000000e+00
5	0	0	0	2	0.000000e+00	1.000000e+00
5	0	1	0	2	0.000000e+00	1.000000e+00
5	0	2	0	2	0.000000e+00	1.000000e+00
5	0	3	0	2	0.000000e+00	1.000000e+00
5	0	4	0	2	0.000000e+00	1.000000e+00
5	0	5	0	2	0.000000e+00	1.000000e+00
5	0	6	0	2	0.000000e+00	1.000000e+00
5	0	7	0	2	0.000000e+00	1.000000e+00
5	0	8	0	2	0.000000e+00	1.000000e+00
5	0	9	0	2	0.000000e+00	1.000000e+00
5	0	10	0	2	0.000000e+00	1.000000e+00
5	0	11	0	2	0.000000e+00	1.000000e+00
5	0	12	0	2	0.000000e+00	1.000000e+00
5	0	13	0	2	0.000000e+00	1.000000e+00
5	0	14	0	2	0.000000e+00	1.000000e+00
5	0	15	0	2	0.000000e+00	1.000000e+00
5	0	16	0	2	0.000000e+00	1.000000e+00
5	0	17	0	2	0.000000e+00	1.000000e+00
5	0	18	0	2	0.000000e+00	1.000000e+00
5	0	19	0	2	0.000000e+00	1.000000e+00
5	0	20	0	2	0.000000e+00	1.000000e+00
5	0	21	0	2	0.000000e+00	1.000000e+00
5	0	22	0	2	0.000000e+00	1.000000e+00
5	0	23	0	2	0.000000e+00	1.000000e+00
5	0	24	0	2	0.000000e+00	1.000000e+00
5	0	25	0	2	0.000000e+00	1.000000e+00
5	0	26	0	2	0.000000e+00	1.000000e+00
5	0	27	0	2	0.000000e+00	1.000000e+00
5	0	28	0	2	0.000000e+00	1.000000e+00
5	0	29	0	2	0.000000e+00	1.000000e+00
5	0	30	0	2	0.000000e+00	1.000000e+00
5	0	31	0	2	0.000000e+00	1.000000e+00
5	0	32	0	2	0.000000e+00	1.000000e+00
5	0	33	0	2	0.000000e+00	1.000000e+00
5	0	0	1	0	1.000000e+00	-9.765625e-04
5	0	1	1	0	1.000000e+00	-9.765625e-04
5	0	2	1	0	1.000000e+00	-9.765625e-04
5	0	3	1	0	1.000000e+00	-9.765625e-04
5	0	4	1	0	1.000000e+00	-9.765625e-04
5	0	5	1	0	1.000000e+00	-9.765625e-04
5	0	6	1	0	1.000000e+00	-9.765625e-04
5	0	7	1	0	1.000000e+00	-9.765625e-04
5	0	8	1	0	1.000000e+00	-9.765625e-04
5	0	9	1	0	1.000000e+00	-9.765625e-04
5	0	10	1	0	1.000000e+00	-9.765625e-04
5	0	11	1	0	1.000000e+00	-9.765625e-04
5	0	12	1	0	1.000000e+00	-9.765625e-04
5	0	13	1	0	1.000000e+00	-9.765625e-04
5	0	14	1	0	1.000000e+00	-9.765625e-04
5	0	15	1	0	1.000000e+00	-9.765625e-04
5	0	16	1	0	1.000000e+00	-9.765625e-04
5	0	17	1	0	1.000000e+00	-9.765625e-04
5	0	18	1	0	1.000000e+00	-9.765625e-04
5	0	19	1	0	1.000000e+00	-9.765625e-04
5	0	20	1	0	1.000000e+00	-9.765625e-04
5	0	21	1	0	1.000000e+00	-9.765625e-04
5	0	22	1	0	1.000000e+00	-9.765625e-04
5	0	23	1	0	1.000000e+00	-9.765625e-04
5	0	24	1	0	1.000000e+00	-9.765625e-04
5	0	25	1	0	1.000000e+00	-9.765625e-04
5	0	26	1	0	1.000000e+00	-9.765625e-04
5	0	27	1	0	1.000000e+00	-9.765625e-04
5	0	28	1	0	1.000000e+00	-9.765625e-04
5	0	29	1	0	1.000000e+00	-9.765625e-04
5	0	30	1	0	1.000000e+00	-9.765625e-04
5	0	31	1	0	1.000000e+00	-9.765625e-04
5	0	32	1	0	1.000000e+00	-9.765625e-04
5	0	33	1	0	1.000000e+00	-9.765625e-04
5	0	0	1	1	1.000000e+00	-9.765625e-04
5	0	1	1	1	1.000000e+00	-9.765625e-04
5	0	2	1	1	1.000000e+00	-9.765625e-04
5	0	3	1	1	1.000000e+00	-9.765625e-04
5	0	4	1	1	1.000000e+00	-9.765625e-04
5	0	5	1	1	1.000000e+00	-9.765625e-04
5	0	6	1	1	1.000000e+00	-9.765625e-04
5	0	7	1	1	1.000000e+00	-9.765625e-04
5	0	8	1	1	1.000000e+00	-9.765625e-04
5	0	9	1	1	1.000000e+00	-9.765625e-04
5	0	10	1	1	1.000000e+00	-9.765625e-04
5	0	11	1	1	1.000000e+00	-9.765625e-04
5	0	12	1	1	1.000000e+00	-9.765625e-04
5	0	13	1	1	1.000000e+00	-9.765625e-04
5	0	14	1	1	1.000000e+00	-9.765625e-04
5	0	15	1	1	1.000000e+00	-9.765625e-04
5	0	16	1	1	1.000000e+00	-9.765625e-04
5	0	17	1	1	1.000000e+00	-9.765625e-04
5	0	18	1	1	1.000000e+00	-9.765625e-04
5	0	19	1	1	1.000000e+00	-9.765625e-04
5	0	20	1	1	1.000000e+00	-9.765625e-04
5	0	21	1	1	1.000000e+00	-9.765625e-04
5	0	22	1	1	1.000000e+00	-9.765625e-04
5	0	23	1	1	1.000000e+00	-9.765625e-04
5	0	24	1	1	1.000000e+00	-9.765625e-04
5	0	25	1	1	1.000000e+00	-9.765625e-04
5	0	26	1	1	1.000000e+00	-9.765625e-04
5	0	27	1	1	1.000000e+00	-9.765625e-04
5	0	28	1	1	1.000000e+00	-9.765625e-04
5	0	29	1	1	1.000000e+00	-9.765625e-04
5	0	30	1	1	1.000000e+00	-9.765625e-04
5	0	31	1	1	1.000000e+00	-9.765625e-04
5	0	32	1	1	1.000000e+00	-9.765625e-04
5	0	33	1	1	1.000000e+00	-9.765625e-04
5	0	0	1	2	1.000000e+00	-9.765625e-04
5	0	1	1	2	1.000000e+00	-9.765625e-04
5	0	2	1	2	1.000000e+00	-9.765625e-04
5	0	3	1	2	1.000000e+00	-9.765625e-04
5	0	4	1	2	1.000000e+00	-9.765625e-04
5	0	5	1	2	1.000000e+00	-9.765625e-04
5	0	6	1	2	1.000000e+00	-9.765625e-04
5	0	7	1	2	1.000000e+00	-9.765625e-04
5	0	8	1	2	1.000000e+00	-9.765625e-04
5	0	9	1	2	1.000000e+00	-9.765625e-04
5	0	10	1	2	1.000000e+00	-9.765625e-04
5	0	11	1	2	1.000000e+00	-9.765625e-04
5	0	12	1	2	1.000000e+00	-9.765625e-04
5	0	13	1	2	1.000000e+00	-9.765625e-04
5	0	14	1	2	1.000000e+00	-9.765625e-04
5	0	15	1	2	1.000000e+00	-9.765625e-04
5	0	16	1	2	1.000000e+00	-9.765625e-04
5	0	17	1	2	1.000000e+00	-9.765625e-04
5	0	18	1	2	1.000000e+00	-9.765625e-04
5	0	19	1	2	1.000000e+00	-9.765625e-04
5	0	20	1	2	1.000000e+00	-9.765625e-04
5	0	21	1	2	1.000000e+00	-9.765625e-04
5	0	22	1	2	1.000000e+00	-9.765625e-04
5	0	23	1	2	1.000000e+00	-9.765625e-04
5	0	24	1	2	1.000000e+00	-9.765625e-04
5	0	25	1	2	1.000000e+00	-9.765625e-04
5	0	26	1	2	1.000000e+00	-9.765625e-04
5	0	27	1	2	1.000000e+00	-9.765625e-04
5	0	28	1	2	1.000000e+00	-9.765625e-04
5	0	29	1	2	1.000000e+00	-9.765625e-04
5	0	30	1	2	1.000000e+00	-9.765625e-04
5	0	31	1	2	1.000000e+00	-9.765625e-04
5	0	32	1	2	1.000000e+00	-9.765625e-04
5	0	33	1	2	1.000000e+00	-9.765625e-04
#KVC
6	0	0	0	0	124.24882955631705	9.405720e+00
6	0	1	0	0	100.29399654993547	9.293611e+00
6	0	2	0	0	103.34331357787447	9.794817e+00
6	0	3	0	0	120.05185641150723	8.935510e+00
6	0	4	0	0	116.9209075809433	9.405720e+00
6	0	5	0	0	128.64867287846954	9.293611e+00
6	0	6	0	0	103.77885220446854	9.794817e+00
6	0	7	0	0	122.40732640846882	8.935510e+00
6	0	0	0	1	142.2786771097824	8.864464e+00
6	0	1	0	1	114.72578061305644	1.002469e+01
6	0	2	0	1	144.19480449622074	9.032530e+00
6	0	3	0	1	91.57924982667329	8.566897e+00
6	0	4	0	1	99.33540190338128	8.864464e+00
6	0	5	0	1	121.27086257388459	1.002469e+01
6	0	6	0	1	105.88533336239946	9.032530e+00
6	0	7	0	1	114.77174298608628	8.566897e+00
6	0	0	0	2	105.63338592055884	9.281763e+00
6	0	1	0	2	109.02730773698427	9.597398e+00
6	0	2	0	2	113.39860725951921	9.604148e+00
6	0	3	0	2	98.42837032093705	9.156487e+00
6	0	4	0	2	91.97377242442353	9.281763e+00
6	0	5	0	2	108.12533386265916	9.597398e+00
6	0	6	0	2	112.71436938112784	9.604148e+00
6	0	7	0	2	116.56860769126659	9.156487e+00
6	0	0	0	3	112.29051103249209	9.215651e+00
6	0	1	0	3	136.06869563779077	9.984777e+00
6	0	2	0	3	112.79706536883616	9.305942e+00
6	0	3	0	3	104.24201401357348	9.693401e+00
6	0	4	0	3	103.14305497588846	9.215651e+00
6	0	5	0	3	123.63477080152559	9.984777e+00
6	0	6	0	3	90.03062568567263	9.305942e+00
6	0	7	0	3	128.0222586805867	9.693401e+00
6	0	0	0	4	181.71347557002744	9.192747e+00
6	0	1	0	4	168.129833668492	9.755004e+00
6	0	2	0	4	157.30649553523966	9.437462e+00
6	0	3	0	4	167.14302442923295	9.100621e+00
6	0	4	0	4	194.32610323255352	9.192747e+00
6	0	5	0	4	143.95808441955975	9.755004e+00
6	0	6	0	4	128.36566944110683	9.437462e+00
6	0	7	0	4	263.9196502417154	9.100621e+00
6	0	0	1	4	694320.5900539699	-0.0009765625
6	0	1	1	4	695302.6980632347	-0.0009765625
6	0	2	1	4	697917.1468348018	-0.0009765625
6	0	3	1	4	699119.5163206088	-0.0009765625
6	0	4	1	4	699117.4619403371	-0.0009765625
6	0	5	1	4	698897.1954368495	-0.0009765625
6	0	6	1	4	696538.6143281228	-0.0009765625
6	0	7	1	4	695226.2086884426	-0.0009765625
#T1
7	0	0	0	0	263.94776119055604	370.56089272783913
7	0	0	1	0	702089.7202419126	-0.0009765625
#CVC
8	0	0	0	0	0.000000e+00	1.000000e+00
8	0	1	0	0	0.000000e+00	1.000000e+00
8	0	2	0	0	0.000000e+00	1.000000e+00
8	0	3	0	0	0.000000e+00	1.000000e+00
8	0	4	0	0	0.000000e+00	1.000000e+00
8	0	5	0	0	0.000000e+00	1.000000e+00
8	0	6	0	0	0.000000e+00	1.000000e+00
8	0	7	0	0	0.000000e+00	1.000000e+00
8	0	0	0	1	0.000000e+00	1.000000e+00
8	0	1	0	1	0.000000e+00	1.000000e+00
8	0	2	0	1	0.000000e+00	1.000000e+00
8	0	3	0	1	0.000000e+00	1.000000e+00
8	0	4	0	1	0.000000e+00	1.000000e+00
8	0	5	0	1	0.000000e+00	1.000000e+00
8	0	6	0	1	0.000000e+00	1.000000e+00
8	0	7	0	1	0.000000e+00	1.000000e+00
8	0	0	1	0	1.000000e+00	-9.765625e-04
8	0	1	1	0	1.000000e+00	-9.765625e-04
8	0	2	1	0	1.000000e+00	-9.765625e-04
8	0	3	1	0	1.000000e+00	-9.765625e-04
8	0	4	1	0	1.000000e+00	-9.765625e-04
8	0	5	1	0	1.000000e+00	-9.765625e-04
8	0	6	1	0	1.000000e+00	-9.765625e-04
8	0	7	1	0	1.000000e+00	-9.765625e-04
8	0	0	1	1	1.000000e+00	-9.765625e-04
8	0	1	1	1	1.000000e+00	-9.765625e-04
8	0	2	1	1	1.000000e+00	-9.765625e-04
8	0	3	1	1	1.000000e+00	-9.765625e-04
8	0	4	1	1	1.000000e+00	-9.765625e-04
8	0	5	1	1	1.000000e+00	-9.765625e-04
8	0	6	1	1	1.000000e+00	-9.765625e-04
8	0	7	1	1	1.000000e+00	-9.765625e-04
#SAC3
9	0	0	0	0	0.000000e+00	1.000000e+00
9	0	0	1	0	1.000000e+00	-9.765625e-04
#SFV
10	0	0	1	0	1.000000e+00	-9.765625e-04
#COBO
11	0	0	1	0	1.575e+06	-9.765625e-04
11	0	1	1	0	1.575e+06	-9.765625e-04
11	0	2	1	0	1.575e+06	-9.765625e-04
11	0	3	1	0	1.575e+06	-9.765625e-04
11	0	4	1	0	1.575e+06	-9.765625e-04
11	0	5	1	0	1.575e+06	-9.765625e-04
11	0	6	1	0	1.575e+06	-9.765625e-04
11	0	7	1	0	1.575e+06	-9.765625e-04
