#CId	PlId	SegId	AorT	UorD	p0	p1
#BHT
1	0	0	0	0	0.0	8.915411832849124
1	0	1	0	0	0.0	8.284830132424597
1	0	2	0	0	0.0	9.613389222754993
1	0	3	0	0	0.0	8.624258874665411
1	0	4	0	0	0.0	9.073738852691024
1	0	5	0	0	0.0	8.821932087543848
1	0	6	0	0	0.0	9.411243063372881
1	0	7	0	0	0.0	7.5158850912001425
1	0	8	0	0	0.0	9.229747968709578
1	0	9	0	0	0.0	8.190425952882267
1	0	10	0	0	0.0	8.809087711817192
1	0	11	0	0	0.0	7.9528504978777095
1	0	12	0	0	0.0	9.3439431516522
1	0	13	0	0	0.0	8.201685531877429
1	0	14	0	0	0.0	9.316514724216702
1	0	15	0	0	0.0	7.873932773544077
1	0	16	0	0	0.0	8.902644502798193
1	0	17	0	0	0.0	8.520690083525697
1	0	18	0	0	0.0	8.982025182974885
1	0	19	0	0	0.0	8.139332615000654
1	0	20	0	0	0.0	8.763723848026919
1	0	21	0	0	0.0	8.628544248323525
1	0	22	0	0	0.0	8.755640393301395
1	0	23	0	0	0.0	7.631726687557789
1	0	24	0	0	0.0	8.980563911742223
1	0	25	0	0	0.0	8.650607593182363
1	0	26	0	0	0.0	8.984919461350543
1	0	27	0	0	0.0	8.188966117509583
1	0	28	0	0	0.0	8.862559024663154
1	0	29	0	0	0.0	8.891819830404753
1	0	30	0	0	0.0	8.811012987818096
1	0	31	0	0	0.0	8.25826062719959
1	0	32	0	0	0.0	9.03931639519429
1	0	33	0	0	0.0	8.699202587689639
1	0	34	0	0	0.0	8.868392955773395
1	0	35	0	0	0.0	8.223669534644946
1	0	36	0	0	0.0	9.02710543162088
1	0	37	0	0	0.0	8.503613963051725
1	0	38	0	0	0.0	8.760023005520848
1	0	39	0	0	0.0	8.181613480485078
1	0	40	0	0	0.0	9.03667723379812
1	0	41	0	0	0.0	8.343153943220953
1	0	42	0	0	0.0	9.123127588383506
1	0	43	0	0	0.0	8.218365385309912
1	0	44	0	0	0.0	9.043139409796087
1	0	45	0	0	0.0	8.607003596082043
1	0	46	0	0	0.0	8.946481029429597
1	0	47	0	0	0.0	8.598623081423455
1	0	48	0	0	0.0	9.357853024332853
1	0	49	0	0	0.0	8.7311667812097
1	0	50	0	0	0.0	8.900012998260054
1	0	51	0	0	0.0	8.021133832232064
1	0	52	0	0	0.0	9.075284096961294
1	0	53	0	0	0.0	8.631982091814544
1	0	54	0	0	0.0	9.26003015887562
1	0	55	0	0	0.0	8.18880484065079
1	0	56	0	0	0.0	9.22324527442228
1	0	57	0	0	0.0	8.890421720624538
1	0	58	0	0	0.0	8.894591233504414
1	0	59	0	0	0.0	8.169394800166277
1	0	60	0	0	0.0	9.221085744317474
1	0	61	0	0	0.0	9.108437914467894
1	0	62	0	0	0.0	9.533040201652792
1	0	0	0	1	0.0	9.32032537142122
1	0	1	0	1	0.0	9.689333385927643
1	0	2	0	1	0.0	9.788984473461396
1	0	3	0	1	0.0	9.712031817872305
1	0	4	0	1	0.0	8.959981297516117
1	0	5	0	1	0.0	9.295015877931323
1	0	6	0	1	0.0	9.42503568322472
1	0	7	0	1	0.0	8.660015212599399
1	0	8	0	1	0.0	8.85719639200404
1	0	9	0	1	0.0	8.733690821296198
1	0	10	0	1	0.0	8.940019901080014
1	0	11	0	1	0.0	8.882078622676378
1	0	12	0	1	0.0	9.08084021734752
1	0	13	0	1	0.0	8.637533633127264
1	0	14	0	1	0.0	8.484770676527349
1	0	15	0	1	0.0	8.824257779858169
1	0	16	0	1	0.0	8.819743825284693
1	0	17	0	1	0.0	8.94439789684856
1	0	18	0	1	0.0	9.089941560561364
1	0	19	0	1	0.0	9.072721122945756
1	0	20	0	1	0.0	8.919272647129265
1	0	21	0	1	0.0	8.89008115986409
1	0	22	0	1	0.0	8.95030602460991
1	0	23	0	1	0.0	8.811758624098072
1	0	24	0	1	0.0	8.66413865737626
1	0	25	0	1	0.0	8.763361120203433
1	0	26	0	1	0.0	8.73055780757341
1	0	27	0	1	0.0	8.868526623250434
1	0	28	0	1	0.0	8.879630136894374
1	0	29	0	1	0.0	9.050538969754028
1	0	30	0	1	0.0	8.970472922610343
1	0	31	0	1	0.0	9.00216271510028
1	0	32	0	1	0.0	8.908122126137028
1	0	33	0	1	0.0	8.793272009509302
1	0	34	0	1	0.0	8.830941202287997
1	0	35	0	1	0.0	8.713068546304585
1	0	36	0	1	0.0	8.991696290660006
1	0	37	0	1	0.0	8.670335430739517
1	0	38	0	1	0.0	8.790682522053219
1	0	39	0	1	0.0	8.900964865427238
1	0	40	0	1	0.0	8.66739860469449
1	0	41	0	1	0.0	8.580037194198253
1	0	42	0	1	0.0	8.929698295840819
1	0	43	0	1	0.0	8.724836773316216
1	0	44	0	1	0.0	8.80454122617495
1	0	45	0	1	0.0	8.70047061271709
1	0	46	0	1	0.0	8.823944295436558
1	0	47	0	1	0.0	9.051594236518232
1	0	48	0	1	0.0	9.031377302010661
1	0	49	0	1	0.0	9.018526173146308
1	0	50	0	1	0.0	8.651559220803785
1	0	51	0	1	0.0	8.42269196670424
1	0	52	0	1	0.0	8.619833105922478
1	0	53	0	1	0.0	8.57720417437018
1	0	54	0	1	0.0	9.090127703664146
1	0	55	0	1	0.0	9.006443394246597
1	0	56	0	1	0.0	8.175032775909207
1	0	57	0	1	0.0	8.847817698106065
1	0	58	0	1	0.0	8.419200163688398
1	0	59	0	1	0.0	8.92613145059286
1	0	60	0	1	0.0	8.705969150639383
1	0	61	0	1	0.0	9.05689247621591
1	0	62	0	1	0.0	8.937860430002681
1	0	0	1	0	1417713.2653061224	-0.0009765625
1	0	1	1	0	1416481.0638297873	-0.0009765625
1	0	2	1	0	1417234.0	-0.0009765625
1	0	3	1	0	1417670.3333333333	-0.0009765625
1	0	4	1	0	1417004.642857143	-0.0009765625
1	0	5	1	0	1417438.7323943663	-0.0009765625
1	0	6	1	0	1417927.7142857143	-0.0009765625
1	0	7	1	0	1417629.2105263157	-0.0009765625
1	0	8	1	0	1417088.028169014	-0.0009765625
1	0	9	1	0	1417953.2323232323	-0.0009765625
1	0	10	1	0	1417812.7083333333	-0.0009765625
1	0	11	1	0	1417810.892857143	-0.0009765625
1	0	12	1	0	1417882.972972973	-0.0009765625
1	0	13	1	0	1418518.375	-0.0009765625
1	0	14	1	0	1417951.5	-0.0009765625
1	0	15	1	0	1418424.1783035477	-0.0009765625
1	0	16	1	0	1418127.9887262015	-0.0009765625
1	0	17	1	0	1419154.712247766	-0.0009765625
1	0	18	1	0	1418757.0523572376	-0.0009765625
1	0	19	1	0	1419054.2549266093	-0.0009765625
1	0	20	1	0	1419487.447397446	-0.0009765625
1	0	21	1	0	1419541.2123860063	-0.0009765625
1	0	22	1	0	1419717.7481208812	-0.0009765625
1	0	23	1	0	1419031.3368422375	-0.0009765625
1	0	24	1	0	1419228.4727960152	-0.0009765625
1	0	25	1	0	1419521.163177794	-0.0009765625
1	0	26	1	0	1419639.3157994845	-0.0009765625
1	0	27	1	0	1419075.655434278	-0.0009765625
1	0	28	1	0	1419449.3673574773	-0.0009765625
1	0	29	1	0	1419507.9321927791	-0.0009765625
1	0	30	1	0	1419660.5893684877	-0.0009765625
1	0	31	1	0	1417912.530593038	-0.0009765625
1	0	32	1	0	1418380.5964359674	-0.0009765625
1	0	33	1	0	1418172.488664403	-0.0009765625
1	0	34	1	0	1418728.4603291121	-0.0009765625
1	0	35	1	0	1418976.7944369353	-0.0009765625
1	0	36	1	0	1418776.593727433	-0.0009765625
1	0	37	1	0	1419179.5245405333	-0.0009765625
1	0	38	1	0	1418756.8073148392	-0.0009765625
1	0	39	1	0	1419091.2301141985	-0.0009765625
1	0	40	1	0	1418405.3953510318	-0.0009765625
1	0	41	1	0	1419054.770171406	-0.0009765625
1	0	42	1	0	1418722.5046171737	-0.0009765625
1	0	43	1	0	1419257.3013383492	-0.0009765625
1	0	44	1	0	1418558.1413302836	-0.0009765625
1	0	45	1	0	1419300.7169898758	-0.0009765625
1	0	46	1	0	1418493.0747868044	-0.0009765625
1	0	47	1	0	1418961.263053449	-0.0009765625
1	0	48	1	0	1418379.5185863804	-0.0009765625
1	0	49	1	0	1419214.9137143316	-0.0009765625
1	0	50	1	0	1418537.592605892	-0.0009765625
1	0	51	1	0	1418907.2335992444	-0.0009765625
1	0	52	1	0	1418951.8074521807	-0.0009765625
1	0	53	1	0	1419308.4427679304	-0.0009765625
1	0	54	1	0	1419160.4997982038	-0.0009765625
1	0	55	1	0	1419380.0288868109	-0.0009765625
1	0	56	1	0	1418913.8007128944	-0.0009765625
1	0	57	1	0	1419314.4849105251	-0.0009765625
1	0	58	1	0	1418932.953217137	-0.0009765625
1	0	59	1	0	1419425.1791774647	-0.0009765625
1	0	60	1	0	1418894.459988284	-0.0009765625
1	0	61	1	0	1419648.5897979524	-0.0009765625
1	0	62	1	0	1419282.2551584383	-0.0009765625
1	0	0	1	1	1419626.862745098	-0.0009765625
1	0	1	1	1	1419184.1176470588	-0.0009765625
1	0	2	1	1	1418426.6666666667	-0.0009765625
1	0	3	1	1	1419970.3174603174	-0.0009765625
1	0	4	1	1	1418977.6363636365	-0.0009765625
1	0	5	1	1	1419917.8260869565	-0.0009765625
1	0	6	1	1	1419420.704225352	-0.0009765625
1	0	7	1	1	1419890.0	-0.0009765625
1	0	8	1	1	1419321.2328767122	-0.0009765625
1	0	9	1	1	1420517.572815534	-0.0009765625
1	0	10	1	1	1419749.793814433	-0.0009765625
1	0	11	1	1	1419676.371681416	-0.0009765625
1	0	12	1	1	1419397.4576271186	-0.0009765625
1	0	13	1	1	1420364.0740740742	-0.0009765625
1	0	14	1	1	1419105.3526970954	-0.0009765625
1	0	15	1	1	1420096.4300521198	-0.0009765625
1	0	16	1	1	1419612.0209919335	-0.0009765625
1	0	17	1	1	1420817.187201877	-0.0009765625
1	0	18	1	1	1419485.3751417294	-0.0009765625
1	0	19	1	1	1420386.607313876	-0.0009765625
1	0	20	1	1	1419597.7820937014	-0.0009765625
1	0	21	1	1	1420502.743645443	-0.0009765625
1	0	22	1	1	1419306.349785056	-0.0009765625
1	0	23	1	1	1419979.2191712481	-0.0009765625
1	0	24	1	1	1419713.5171582212	-0.0009765625
1	0	25	1	1	1420451.0422547287	-0.0009765625
1	0	26	1	1	1419265.3896875968	-0.0009765625
1	0	27	1	1	1419838.0189427068	-0.0009765625
1	0	28	1	1	1419443.0548354497	-0.0009765625
1	0	29	1	1	1419144.7738562948	-0.0009765625
1	0	30	1	1	1418820.0171865618	-0.0009765625
1	0	31	1	1	1418557.6979965963	-0.0009765625
1	0	32	1	1	1420153.7348238912	-0.0009765625
1	0	33	1	1	1419951.381879455	-0.0009765625
1	0	34	1	1	1419690.0654550497	-0.0009765625
1	0	35	1	1	1419510.2203715409	-0.0009765625
1	0	36	1	1	1419889.3916580474	-0.0009765625
1	0	37	1	1	1419846.7368005342	-0.0009765625
1	0	38	1	1	1419264.2300017788	-0.0009765625
1	0	39	1	1	1419485.5574526365	-0.0009765625
1	0	40	1	1	1419773.7295325038	-0.0009765625
1	0	41	1	1	1419646.3406669772	-0.0009765625
1	0	42	1	1	1419335.4757835187	-0.0009765625
1	0	43	1	1	1419042.2506568395	-0.0009765625
1	0	44	1	1	1418434.2519000364	-0.0009765625
1	0	45	1	1	1419066.7155822502	-0.0009765625
1	0	46	1	1	1417814.598109199	-0.0009765625
1	0	47	1	1	1418597.326435414	-0.0009765625
1	0	48	1	1	1417955.879480816	-0.0009765625
1	0	49	1	1	1418784.3622648362	-0.0009765625
1	0	50	1	1	1417480.4868025503	-0.0009765625
1	0	51	1	1	1418080.574276439	-0.0009765625
1	0	52	1	1	1417707.1322958882	-0.0009765625
1	0	53	1	1	1418386.5136318128	-0.0009765625
1	0	54	1	1	1417501.582470293	-0.0009765625
1	0	55	1	1	1418153.3787834416	-0.0009765625
1	0	56	1	1	1418120.8583585508	-0.0009765625
1	0	57	1	1	1418430.581925721	-0.0009765625
1	0	58	1	1	1417525.7991242607	-0.0009765625
1	0	59	1	1	1418023.60120946	-0.0009765625
1	0	60	1	1	1418427.2134450055	-0.0009765625
1	0	61	1	1	1418343.7827476175	-0.0009765625
1	0	62	1	1	1418260.4589675018	-0.0009765625
#BH2
3	0	0	0	0	116.24534583660382	205.5483870967742
3	0	1	0	0	144.4585987120757	274.5194174757282
3	0	2	0	0	99.42317768255778	260.71890547263683
3	0	3	0	0	132.9563501290497	293.59231362566123
3	0	4	0	0	123.57282026729513	247.45180509076027
3	0	5	0	0	126.7801040817893	277.6769197142284
3	0	6	0	0	125.67255295387419	212.6555394829362
3	0	7	0	0	119.99818108058257	297.7728499070028
3	0	8	0	0	111.90017366204874	259.57104095960784
3	0	9	0	0	107.8404041362662	265.2536508944226
3	0	10	0	0	137.50909619812143	294.0423197492163
3	0	11	0	0	112.89851611447709	251.4059829059829
3	0	12	0	0	109.00584577882063	279.8833333333333
3	0	13	0	0	93.07520601558913	270.6358024691358
3	0	14	0	0	140.58495526285094	283.63253012048193
3	0	0	0	1	123.31648371227733	280.25757575757575
3	0	1	0	1	104.86037959019708	257.0360824742268
3	0	2	0	1	115.70552743136413	277.8980582524272
3	0	3	0	1	87.70058269706004	252.4974915475206
3	0	4	0	1	123.41687912337932	265.42321146022437
3	0	5	0	1	103.64348361485804	242.44441639121405
3	0	6	0	1	102.20680041242584	232.03453093539557
3	0	7	0	1	107.14015003190103	252.82475135734708
3	0	8	0	1	120.38517947325693	240.01425195970236
3	0	9	0	1	103.39891106094763	228.25910150374423
3	0	10	0	1	115.86921710224432	254.89795918367346
3	0	11	0	1	113.45867720993768	253.02586206896552
3	0	12	0	1	110.13736021632651	264.56722689075633
3	0	13	0	1	104.68726155255749	273.994623655914
3	0	14	0	1	111.34568927626283	285.64503816793894
3	0	0	1	0	723305.3409090909	-0.0009765625
3	0	1	1	0	722849.8387096775	-0.0009765625
3	0	2	1	0	723874.7080291971	-0.0009765625
3	0	3	1	0	723831.9520884807	-0.0009765625
3	0	4	1	0	724623.6332281434	-0.0009765625
3	0	5	1	0	725118.2257946414	-0.0009765625
3	0	6	1	0	723978.0368243848	-0.0009765625
3	0	7	1	0	723999.0452776153	-0.0009765625
3	0	8	1	0	724859.08537049	-0.0009765625
3	0	9	1	0	724697.1889804486	-0.0009765625
3	0	10	1	0	724011.0323088338	-0.0009765625
3	0	11	1	0	723383.9583333334	-0.0009765625
3	0	12	1	0	723361.091954023	-0.0009765625
3	0	13	1	0	722757.1951219512	-0.0009765625
3	0	14	1	0	722844.6739130435	-0.0009765625
3	0	0	1	1	726332.6666666666	-0.0009765625
3	0	1	1	1	725456.1340206185	-0.0009765625
3	0	2	1	1	727398.8267148015	-0.0009765625
3	0	3	1	1	727101.0234385474	-0.0009765625
3	0	4	1	1	726792.450034151	-0.0009765625
3	0	5	1	1	727362.1822067166	-0.0009765625
3	0	6	1	1	727292.3878679713	-0.0009765625
3	0	7	1	1	727489.2962080007	-0.0009765625
3	0	8	1	1	728148.7721864434	-0.0009765625
3	0	9	1	1	727695.389899431	-0.0009765625
3	0	10	1	1	727782.163195835	-0.0009765625
3	0	11	1	1	726238.1615120275	-0.0009765625
3	0	12	1	1	726309.8461538461	-0.0009765625
3	0	13	1	1	725753.2038834952	-0.0009765625
3	0	14	1	1	726030.4497354497	-0.0009765625
3	0	0	1	2	-0.22011450381679293	1.0
3	0	1	1	2	-0.426525423728813	1.0
3	0	2	1	2	0.184425837320575	1.0
3	0	3	1	2	0.3731324055719325	1.0
3	0	4	1	2	-0.4136335110299022	1.0
3	0	5	1	2	0.5500814073947987	1.0
3	0	6	1	2	-0.39677828464280396	1.0
3	0	7	1	2	0.307055380654445	1.0
3	0	8	1	2	-0.2680382534439772	1.0
3	0	9	1	2	-0.14825148267743796	1.0
3	0	10	1	2	-0.5708986489756579	1.0
3	0	11	1	2	-0.6628602060583999	1.0
3	0	12	1	2	-1.0385897435897435	1.0
3	0	13	1	2	-0.8604066007490374	1.0
3	0	14	1	2	-0.8905371900826442	1.0
#BAC
4	0	0	0	0	100.48801460397316	11.208
4	0	1	0	0	86.36503875607667	10.463
4	0	2	0	0	85.23034924148482	9.015
4	0	3	0	0	74.68274682599298	10.424
4	0	4	0	0	227.23350554260932	10.278
4	0	0	1	0	1.000000e+00	-9.765625e-04
4	0	1	1	0	1.000000e+00	-9.765625e-04
4	0	2	1	0	1.000000e+00	-9.765625e-04
4	0	3	1	0	1.000000e+00	-9.765625e-04
4	0	4	1	0	712848.8168573438	-0.0009765625
#HTOF
5	0	0	0	0	0.000000e+00	1.000000e+00
5	0	1	0	0	0.000000e+00	1.000000e+00
5	0	2	0	0	0.000000e+00	1.000000e+00
5	0	3	0	0	0.000000e+00	1.000000e+00
5	0	4	0	0	0.000000e+00	1.000000e+00
5	0	5	0	0	0.000000e+00	1.000000e+00
5	0	6	0	0	0.000000e+00	1.000000e+00
5	0	7	0	0	0.000000e+00	1.000000e+00
5	0	8	0	0	0.000000e+00	1.000000e+00
5	0	9	0	0	0.000000e+00	1.000000e+00
5	0	10	0	0	0.000000e+00	1.000000e+00
5	0	11	0	0	0.000000e+00	1.000000e+00
5	0	12	0	0	0.000000e+00	1.000000e+00
5	0	13	0	0	0.000000e+00	1.000000e+00
5	0	14	0	0	0.000000e+00	1.000000e+00
5	0	15	0	0	0.000000e+00	1.000000e+00
5	0	16	0	0	0.000000e+00	1.000000e+00
5	0	17	0	0	0.000000e+00	1.000000e+00
5	0	18	0	0	0.000000e+00	1.000000e+00
5	0	19	0	0	0.000000e+00	1.000000e+00
5	0	20	0	0	0.000000e+00	1.000000e+00
5	0	21	0	0	0.000000e+00	1.000000e+00
5	0	22	0	0	0.000000e+00	1.000000e+00
5	0	23	0	0	0.000000e+00	1.000000e+00
5	0	24	0	0	0.000000e+00	1.000000e+00
5	0	25	0	0	0.000000e+00	1.000000e+00
5	0	26	0	0	0.000000e+00	1.000000e+00
5	0	27	0	0	0.000000e+00	1.000000e+00
5	0	28	0	0	0.000000e+00	1.000000e+00
5	0	29	0	0	0.000000e+00	1.000000e+00
5	0	30	0	0	0.000000e+00	1.000000e+00
5	0	31	0	0	0.000000e+00	1.000000e+00
5	0	32	0	0	0.000000e+00	1.000000e+00
5	0	33	0	0	0.000000e+00	1.000000e+00
5	0	0	0	1	0.000000e+00	1.000000e+00
5	0	1	0	1	0.000000e+00	1.000000e+00
5	0	2	0	1	0.000000e+00	1.000000e+00
5	0	3	0	1	0.000000e+00	1.000000e+00
5	0	4	0	1	0.000000e+00	1.000000e+00
5	0	5	0	1	0.000000e+00	1.000000e+00
5	0	6	0	1	0.000000e+00	1.000000e+00
5	0	7	0	1	0.000000e+00	1.000000e+00
5	0	8	0	1	0.000000e+00	1.000000e+00
5	0	9	0	1	0.000000e+00	1.000000e+00
5	0	10	0	1	0.000000e+00	1.000000e+00
5	0	11	0	1	0.000000e+00	1.000000e+00
5	0	12	0	1	0.000000e+00	1.000000e+00
5	0	13	0	1	0.000000e+00	1.000000e+00
5	0	14	0	1	0.000000e+00	1.000000e+00
5	0	15	0	1	0.000000e+00	1.000000e+00
5	0	16	0	1	0.000000e+00	1.000000e+00
5	0	17	0	1	0.000000e+00	1.000000e+00
5	0	18	0	1	0.000000e+00	1.000000e+00
5	0	19	0	1	0.000000e+00	1.000000e+00
5	0	20	0	1	0.000000e+00	1.000000e+00
5	0	21	0	1	0.000000e+00	1.000000e+00
5	0	22	0	1	0.000000e+00	1.000000e+00
5	0	23	0	1	0.000000e+00	1.000000e+00
5	0	24	0	1	0.000000e+00	1.000000e+00
5	0	25	0	1	0.000000e+00	1.000000e+00
5	0	26	0	1	0.000000e+00	1.000000e+00
5	0	27	0	1	0.000000e+00	1.000000e+00
5	0	28	0	1	0.000000e+00	1.000000e+00
5	0	29	0	1	0.000000e+00	1.000000e+00
5	0	30	0	1	0.000000e+00	1.000000e+00
5	0	31	0	1	0.000000e+00	1.000000e+00
5	0	32	0	1	0.000000e+00	1.000000e+00
5	0	33	0	1	0.000000e+00	1.000000e+00
5	0	0	0	2	0.000000e+00	1.000000e+00
5	0	1	0	2	0.000000e+00	1.000000e+00
5	0	2	0	2	0.000000e+00	1.000000e+00
5	0	3	0	2	0.000000e+00	1.000000e+00
5	0	4	0	2	0.000000e+00	1.000000e+00
5	0	5	0	2	0.000000e+00	1.000000e+00
5	0	6	0	2	0.000000e+00	1.000000e+00
5	0	7	0	2	0.000000e+00	1.000000e+00
5	0	8	0	2	0.000000e+00	1.000000e+00
5	0	9	0	2	0.000000e+00	1.000000e+00
5	0	10	0	2	0.000000e+00	1.000000e+00
5	0	11	0	2	0.000000e+00	1.000000e+00
5	0	12	0	2	0.000000e+00	1.000000e+00
5	0	13	0	2	0.000000e+00	1.000000e+00
5	0	14	0	2	0.000000e+00	1.000000e+00
5	0	15	0	2	0.000000e+00	1.000000e+00
5	0	16	0	2	0.000000e+00	1.000000e+00
5	0	17	0	2	0.000000e+00	1.000000e+00
5	0	18	0	2	0.000000e+00	1.000000e+00
5	0	19	0	2	0.000000e+00	1.000000e+00
5	0	20	0	2	0.000000e+00	1.000000e+00
5	0	21	0	2	0.000000e+00	1.000000e+00
5	0	22	0	2	0.000000e+00	1.000000e+00
5	0	23	0	2	0.000000e+00	1.000000e+00
5	0	24	0	2	0.000000e+00	1.000000e+00
5	0	25	0	2	0.000000e+00	1.000000e+00
5	0	26	0	2	0.000000e+00	1.000000e+00
5	0	27	0	2	0.000000e+00	1.000000e+00
5	0	28	0	2	0.000000e+00	1.000000e+00
5	0	29	0	2	0.000000e+00	1.000000e+00
5	0	30	0	2	0.000000e+00	1.000000e+00
5	0	31	0	2	0.000000e+00	1.000000e+00
5	0	32	0	2	0.000000e+00	1.000000e+00
5	0	33	0	2	0.000000e+00	1.000000e+00
5	0	0	1	0	1.000000e+00	-9.765625e-04
5	0	1	1	0	1.000000e+00	-9.765625e-04
5	0	2	1	0	1.000000e+00	-9.765625e-04
5	0	3	1	0	1.000000e+00	-9.765625e-04
5	0	4	1	0	1.000000e+00	-9.765625e-04
5	0	5	1	0	1.000000e+00	-9.765625e-04
5	0	6	1	0	1.000000e+00	-9.765625e-04
5	0	7	1	0	1.000000e+00	-9.765625e-04
5	0	8	1	0	1.000000e+00	-9.765625e-04
5	0	9	1	0	1.000000e+00	-9.765625e-04
5	0	10	1	0	1.000000e+00	-9.765625e-04
5	0	11	1	0	1.000000e+00	-9.765625e-04
5	0	12	1	0	1.000000e+00	-9.765625e-04
5	0	13	1	0	1.000000e+00	-9.765625e-04
5	0	14	1	0	1.000000e+00	-9.765625e-04
5	0	15	1	0	1.000000e+00	-9.765625e-04
5	0	16	1	0	1.000000e+00	-9.765625e-04
5	0	17	1	0	1.000000e+00	-9.765625e-04
5	0	18	1	0	1.000000e+00	-9.765625e-04
5	0	19	1	0	1.000000e+00	-9.765625e-04
5	0	20	1	0	1.000000e+00	-9.765625e-04
5	0	21	1	0	1.000000e+00	-9.765625e-04
5	0	22	1	0	1.000000e+00	-9.765625e-04
5	0	23	1	0	1.000000e+00	-9.765625e-04
5	0	24	1	0	1.000000e+00	-9.765625e-04
5	0	25	1	0	1.000000e+00	-9.765625e-04
5	0	26	1	0	1.000000e+00	-9.765625e-04
5	0	27	1	0	1.000000e+00	-9.765625e-04
5	0	28	1	0	1.000000e+00	-9.765625e-04
5	0	29	1	0	1.000000e+00	-9.765625e-04
5	0	30	1	0	1.000000e+00	-9.765625e-04
5	0	31	1	0	1.000000e+00	-9.765625e-04
5	0	32	1	0	1.000000e+00	-9.765625e-04
5	0	33	1	0	1.000000e+00	-9.765625e-04
5	0	0	1	1	1.000000e+00	-9.765625e-04
5	0	1	1	1	1.000000e+00	-9.765625e-04
5	0	2	1	1	1.000000e+00	-9.765625e-04
5	0	3	1	1	1.000000e+00	-9.765625e-04
5	0	4	1	1	1.000000e+00	-9.765625e-04
5	0	5	1	1	1.000000e+00	-9.765625e-04
5	0	6	1	1	1.000000e+00	-9.765625e-04
5	0	7	1	1	1.000000e+00	-9.765625e-04
5	0	8	1	1	1.000000e+00	-9.765625e-04
5	0	9	1	1	1.000000e+00	-9.765625e-04
5	0	10	1	1	1.000000e+00	-9.765625e-04
5	0	11	1	1	1.000000e+00	-9.765625e-04
5	0	12	1	1	1.000000e+00	-9.765625e-04
5	0	13	1	1	1.000000e+00	-9.765625e-04
5	0	14	1	1	1.000000e+00	-9.765625e-04
5	0	15	1	1	1.000000e+00	-9.765625e-04
5	0	16	1	1	1.000000e+00	-9.765625e-04
5	0	17	1	1	1.000000e+00	-9.765625e-04
5	0	18	1	1	1.000000e+00	-9.765625e-04
5	0	19	1	1	1.000000e+00	-9.765625e-04
5	0	20	1	1	1.000000e+00	-9.765625e-04
5	0	21	1	1	1.000000e+00	-9.765625e-04
5	0	22	1	1	1.000000e+00	-9.765625e-04
5	0	23	1	1	1.000000e+00	-9.765625e-04
5	0	24	1	1	1.000000e+00	-9.765625e-04
5	0	25	1	1	1.000000e+00	-9.765625e-04
5	0	26	1	1	1.000000e+00	-9.765625e-04
5	0	27	1	1	1.000000e+00	-9.765625e-04
5	0	28	1	1	1.000000e+00	-9.765625e-04
5	0	29	1	1	1.000000e+00	-9.765625e-04
5	0	30	1	1	1.000000e+00	-9.765625e-04
5	0	31	1	1	1.000000e+00	-9.765625e-04
5	0	32	1	1	1.000000e+00	-9.765625e-04
5	0	33	1	1	1.000000e+00	-9.765625e-04
5	0	0	1	2	1.000000e+00	-9.765625e-04
5	0	1	1	2	1.000000e+00	-9.765625e-04
5	0	2	1	2	1.000000e+00	-9.765625e-04
5	0	3	1	2	1.000000e+00	-9.765625e-04
5	0	4	1	2	1.000000e+00	-9.765625e-04
5	0	5	1	2	1.000000e+00	-9.765625e-04
5	0	6	1	2	1.000000e+00	-9.765625e-04
5	0	7	1	2	1.000000e+00	-9.765625e-04
5	0	8	1	2	1.000000e+00	-9.765625e-04
5	0	9	1	2	1.000000e+00	-9.765625e-04
5	0	10	1	2	1.000000e+00	-9.765625e-04
5	0	11	1	2	1.000000e+00	-9.765625e-04
5	0	12	1	2	1.000000e+00	-9.765625e-04
5	0	13	1	2	1.000000e+00	-9.765625e-04
5	0	14	1	2	1.000000e+00	-9.765625e-04
5	0	15	1	2	1.000000e+00	-9.765625e-04
5	0	16	1	2	1.000000e+00	-9.765625e-04
5	0	17	1	2	1.000000e+00	-9.765625e-04
5	0	18	1	2	1.000000e+00	-9.765625e-04
5	0	19	1	2	1.000000e+00	-9.765625e-04
5	0	20	1	2	1.000000e+00	-9.765625e-04
5	0	21	1	2	1.000000e+00	-9.765625e-04
5	0	22	1	2	1.000000e+00	-9.765625e-04
5	0	23	1	2	1.000000e+00	-9.765625e-04
5	0	24	1	2	1.000000e+00	-9.765625e-04
5	0	25	1	2	1.000000e+00	-9.765625e-04
5	0	26	1	2	1.000000e+00	-9.765625e-04
5	0	27	1	2	1.000000e+00	-9.765625e-04
5	0	28	1	2	1.000000e+00	-9.765625e-04
5	0	29	1	2	1.000000e+00	-9.765625e-04
5	0	30	1	2	1.000000e+00	-9.765625e-04
5	0	31	1	2	1.000000e+00	-9.765625e-04
5	0	32	1	2	1.000000e+00	-9.765625e-04
5	0	33	1	2	1.000000e+00	-9.765625e-04
#KVC
6	0	0	0	0	122.70115607508573	9.405720e+00
6	0	1	0	0	98.57708433266434	9.293611e+00
6	0	2	0	0	101.98118453206162	9.794817e+00
6	0	3	0	0	118.6256193505488	8.935510e+00
6	0	4	0	0	115.69538670678223	9.405720e+00
6	0	5	0	0	127.25347221183401	9.293611e+00
6	0	6	0	0	102.84682635988369	9.794817e+00
6	0	7	0	0	120.94525830474261	8.935510e+00
6	0	0	0	1	140.3185575798181	8.864464e+00
6	0	1	0	1	113.36134789155058	1.002469e+01
6	0	2	0	1	142.98337378678323	9.032530e+00
6	0	3	0	1	90.08782961782723	8.566897e+00
6	0	4	0	1	97.7620189608429	8.864464e+00
6	0	5	0	1	120.24087582995617	1.002469e+01
6	0	6	0	1	104.39365360503267	9.032530e+00
6	0	7	0	1	113.18951731674218	8.566897e+00
6	0	0	0	2	103.38220490210927	9.281763e+00
6	0	1	0	2	108.30249222850819	9.597398e+00
6	0	2	0	2	112.06560298405388	9.604148e+00
6	0	3	0	2	97.45193916184314	9.156487e+00
6	0	4	0	2	91.52574247140903	9.281763e+00
6	0	5	0	2	107.19196318145433	9.597398e+00
6	0	6	0	2	111.30405954467956	9.604148e+00
6	0	7	0	2	114.36649257931573	9.156487e+00
6	0	0	0	3	110.78044221359256	9.215651e+00
6	0	1	0	3	134.89577126468978	9.984777e+00
6	0	2	0	3	110.9245369013606	9.305942e+00
6	0	3	0	3	102.25460356155824	9.693401e+00
6	0	4	0	3	101.64821703328818	9.215651e+00
6	0	5	0	3	122.50494515639751	9.984777e+00
6	0	6	0	3	88.51024792204116	9.305942e+00
6	0	7	0	3	126.83871960792172	9.693401e+00
6	0	0	0	4	189.99252600057665	9.192747e+00
6	0	1	0	4	169.0252139644298	9.755004e+00
6	0	2	0	4	157.17420979786345	9.437462e+00
6	0	3	0	4	166.71926781452603	9.100621e+00
6	0	4	0	4	197.3108719334526	9.192747e+00
6	0	5	0	4	130.766241016858	9.755004e+00
6	0	6	0	4	122.83580252593775	9.437462e+00
6	0	7	0	4	263.7587713582344	9.100621e+00
6	0	0	1	4	693716.3775233041	-0.0009765625
6	0	1	1	4	694932.6024830876	-0.0009765625
6	0	2	1	4	698116.3471760607	-0.0009765625
6	0	3	1	4	698632.7803541102	-0.0009765625
6	0	4	1	4	698339.8901126597	-0.0009765625
6	0	5	1	4	698578.8224699879	-0.0009765625
6	0	6	1	4	696644.2251330577	-0.0009765625
6	0	7	1	4	694363.6153854223	-0.0009765625
#T1
7	0	0	0	0	263.54187368971003	374.7119753685293
7	0	0	1	0	701620.5717672901	-0.0009765625
#CVC
8	0	0	0	0	0.000000e+00	1.000000e+00
8	0	1	0	0	0.000000e+00	1.000000e+00
8	0	2	0	0	0.000000e+00	1.000000e+00
8	0	3	0	0	0.000000e+00	1.000000e+00
8	0	4	0	0	0.000000e+00	1.000000e+00
8	0	5	0	0	0.000000e+00	1.000000e+00
8	0	6	0	0	0.000000e+00	1.000000e+00
8	0	7	0	0	0.000000e+00	1.000000e+00
8	0	0	0	1	0.000000e+00	1.000000e+00
8	0	1	0	1	0.000000e+00	1.000000e+00
8	0	2	0	1	0.000000e+00	1.000000e+00
8	0	3	0	1	0.000000e+00	1.000000e+00
8	0	4	0	1	0.000000e+00	1.000000e+00
8	0	5	0	1	0.000000e+00	1.000000e+00
8	0	6	0	1	0.000000e+00	1.000000e+00
8	0	7	0	1	0.000000e+00	1.000000e+00
8	0	0	1	0	1.000000e+00	-9.765625e-04
8	0	1	1	0	1.000000e+00	-9.765625e-04
8	0	2	1	0	1.000000e+00	-9.765625e-04
8	0	3	1	0	1.000000e+00	-9.765625e-04
8	0	4	1	0	1.000000e+00	-9.765625e-04
8	0	5	1	0	1.000000e+00	-9.765625e-04
8	0	6	1	0	1.000000e+00	-9.765625e-04
8	0	7	1	0	1.000000e+00	-9.765625e-04
8	0	0	1	1	1.000000e+00	-9.765625e-04
8	0	1	1	1	1.000000e+00	-9.765625e-04
8	0	2	1	1	1.000000e+00	-9.765625e-04
8	0	3	1	1	1.000000e+00	-9.765625e-04
8	0	4	1	1	1.000000e+00	-9.765625e-04
8	0	5	1	1	1.000000e+00	-9.765625e-04
8	0	6	1	1	1.000000e+00	-9.765625e-04
8	0	7	1	1	1.000000e+00	-9.765625e-04
#SAC3
9	0	0	0	0	0.000000e+00	1.000000e+00
9	0	0	1	0	1.000000e+00	-9.765625e-04
#SFV
10	0	0	1	0	1.000000e+00	-9.765625e-04
#COBO
11	0	0	1	0	1.575e+06	-9.765625e-04
11	0	1	1	0	1.575e+06	-9.765625e-04
11	0	2	1	0	1.575e+06	-9.765625e-04
11	0	3	1	0	1.575e+06	-9.765625e-04
11	0	4	1	0	1.575e+06	-9.765625e-04
11	0	5	1	0	1.575e+06	-9.765625e-04
11	0	6	1	0	1.575e+06	-9.765625e-04
11	0	7	1	0	1.575e+06	-9.765625e-04
