#CId	PlId	SegId	AorT	UorD	p0	p1
#BHT
1	0	0	0	0	0.0	9.150041349586388
1	0	1	0	0	0.0	8.5454696504122
1	0	2	0	0	0.0	9.796181902536828
1	0	3	0	0	0.0	8.845954346056061
1	0	4	0	0	0.0	9.299750293371549
1	0	5	0	0	0.0	9.142265666015488
1	0	6	0	0	0.0	9.675464547886632
1	0	7	0	0	0.0	7.823766616053975
1	0	8	0	0	0.0	9.444501432495727
1	0	9	0	0	0.0	8.440406346929969
1	0	10	0	0	0.0	9.103109663151159
1	0	11	0	0	0.0	8.209024904395804
1	0	12	0	0	0.0	9.568046570211445
1	0	13	0	0	0.0	8.547318686833025
1	0	14	0	0	0.0	9.54630079440273
1	0	15	0	0	0.0	8.012212989210047
1	0	16	0	0	0.0	8.9590780304192
1	0	17	0	0	0.0	8.634914505027984
1	0	18	0	0	0.0	9.069467985194931
1	0	19	0	0	0.0	8.28331048505055
1	0	20	0	0	0.0	8.831624391863558
1	0	21	0	0	0.0	8.76252986315708
1	0	22	0	0	0.0	8.838308222628527
1	0	23	0	0	0.0	7.800425108783226
1	0	24	0	0	0.0	9.041689504998029
1	0	25	0	0	0.0	8.752312457430888
1	0	26	0	0	0.0	9.049192326942421
1	0	27	0	0	0.0	8.370400875879037
1	0	28	0	0	0.0	8.955305291280476
1	0	29	0	0	0.0	9.249396874627354
1	0	30	0	0	0.0	8.89900397591696
1	0	31	0	0	0.0	8.45112422547617
1	0	32	0	0	0.0	9.12749160326804
1	0	33	0	0	0.0	8.816502998857702
1	0	34	0	0	0.0	8.972798754576052
1	0	35	0	0	0.0	8.44424153803061
1	0	36	0	0	0.0	9.333979182115321
1	0	37	0	0	0.0	8.628440707468803
1	0	38	0	0	0.0	8.83148796728983
1	0	39	0	0	0.0	8.496453412136752
1	0	40	0	0	0.0	9.111607743361695
1	0	41	0	0	0.0	8.505446415490416
1	0	42	0	0	0.0	9.233174943757986
1	0	43	0	0	0.0	8.50663766456387
1	0	44	0	0	0.0	9.207221223552375
1	0	45	0	0	0.0	8.789613289122126
1	0	46	0	0	0.0	9.09549839599279
1	0	47	0	0	0.0	8.804489390813899
1	0	48	0	0	0.0	9.539042326313435
1	0	49	0	0	0.0	9.014221090969764
1	0	50	0	0	0.0	9.135753977561896
1	0	51	0	0	0.0	8.256750866635901
1	0	52	0	0	0.0	9.299981898627488
1	0	53	0	0	0.0	8.900785969154375
1	0	54	0	0	0.0	9.502397456412572
1	0	55	0	0	0.0	8.43795435039967
1	0	56	0	0	0.0	9.487707291209787
1	0	57	0	0	0.0	9.184694226197026
1	0	58	0	0	0.0	9.143839218267733
1	0	59	0	0	0.0	8.386016107997746
1	0	60	0	0	0.0	9.554992576754064
1	0	61	0	0	0.0	9.409250128629044
1	0	62	0	0	0.0	9.743435722669167
1	0	0	0	1	0.0	9.513343756397147
1	0	1	0	1	0.0	9.7428265956011
1	0	2	0	1	0.0	9.85502357559922
1	0	3	0	1	0.0	9.765421640555553
1	0	4	0	1	0.0	9.083741461043852
1	0	5	0	1	0.0	9.537299604894573
1	0	6	0	1	0.0	9.507256139774649
1	0	7	0	1	0.0	8.71513966071526
1	0	8	0	1	0.0	8.957743767295746
1	0	9	0	1	0.0	8.869176545912165
1	0	10	0	1	0.0	9.04233172137863
1	0	11	0	1	0.0	9.001632463101208
1	0	12	0	1	0.0	9.178319054794143
1	0	13	0	1	0.0	8.778415821174821
1	0	14	0	1	0.0	8.65103172189444
1	0	15	0	1	0.0	9.040158555281085
1	0	16	0	1	0.0	8.980790861830366
1	0	17	0	1	0.0	9.12430722118998
1	0	18	0	1	0.0	9.235749505006295
1	0	19	0	1	0.0	9.208836076897702
1	0	20	0	1	0.0	8.990199206363013
1	0	21	0	1	0.0	8.949519300071243
1	0	22	0	1	0.0	9.006577579489761
1	0	23	0	1	0.0	8.856177110803575
1	0	24	0	1	0.0	8.71808811739665
1	0	25	0	1	0.0	8.80970972620862
1	0	26	0	1	0.0	8.769195857300263
1	0	27	0	1	0.0	8.991109415004605
1	0	28	0	1	0.0	8.911647495525209
1	0	29	0	1	0.0	9.088841206825515
1	0	30	0	1	0.0	9.020946196516133
1	0	31	0	1	0.0	9.024305020613077
1	0	32	0	1	0.0	8.957846064953845
1	0	33	0	1	0.0	8.836577405789
1	0	34	0	1	0.0	8.88826562563481
1	0	35	0	1	0.0	8.741489797033687
1	0	36	0	1	0.0	9.079795477840301
1	0	37	0	1	0.0	8.689288387158784
1	0	38	0	1	0.0	8.822923166041813
1	0	39	0	1	0.0	8.926784246055643
1	0	40	0	1	0.0	8.7035203726372
1	0	41	0	1	0.0	8.618673109961074
1	0	42	0	1	0.0	9.171855172761253
1	0	43	0	1	0.0	8.753376415718165
1	0	44	0	1	0.0	8.866362377562755
1	0	45	0	1	0.0	8.740026370681116
1	0	46	0	1	0.0	8.865118805511912
1	0	47	0	1	0.0	9.118193150454728
1	0	48	0	1	0.0	9.188166409773713
1	0	49	0	1	0.0	9.209666944105862
1	0	50	0	1	0.0	8.876267629648456
1	0	51	0	1	0.0	8.625111717634237
1	0	52	0	1	0.0	8.846527066273389
1	0	53	0	1	0.0	8.785413581070323
1	0	54	0	1	0.0	9.339779246279091
1	0	55	0	1	0.0	9.210857891174612
1	0	56	0	1	0.0	8.468857407356289
1	0	57	0	1	0.0	9.045332991852282
1	0	58	0	1	0.0	8.695700313162213
1	0	59	0	1	0.0	9.116283020191592
1	0	60	0	1	0.0	8.902360833492462
1	0	61	0	1	0.0	9.219790835639365
1	0	62	0	1	0.0	9.144978596174447
1	0	0	1	0	1415362.0930232557	-0.0009765625
1	0	1	1	0	1415196.2222222222	-0.0009765625
1	0	2	1	0	1416275.9090909092	-0.0009765625
1	0	3	1	0	1414805.0	-0.0009765625
1	0	4	1	0	1415130.7547169812	-0.0009765625
1	0	5	1	0	1414560.6382978724	-0.0009765625
1	0	6	1	0	1414675.7692307692	-0.0009765625
1	0	7	1	0	1414571.0526315789	-0.0009765625
1	0	8	1	0	1414262.894736842	-0.0009765625
1	0	9	1	0	1414972.7692307692	-0.0009765625
1	0	10	1	0	1414858.2191780822	-0.0009765625
1	0	11	1	0	1415851.8390804597	-0.0009765625
1	0	12	1	0	1414595.1948051949	-0.0009765625
1	0	13	1	0	1415527.391304348	-0.0009765625
1	0	14	1	0	1415709.8742138364	-0.0009765625
1	0	15	1	0	1416067.7466969201	-0.0009765625
1	0	16	1	0	1415808.2108452336	-0.0009765625
1	0	17	1	0	1416907.8952821468	-0.0009765625
1	0	18	1	0	1416486.9158219665	-0.0009765625
1	0	19	1	0	1416748.309364272	-0.0009765625
1	0	20	1	0	1417175.2976265473	-0.0009765625
1	0	21	1	0	1417270.3360475693	-0.0009765625
1	0	22	1	0	1417468.0378198444	-0.0009765625
1	0	23	1	0	1416808.874724384	-0.0009765625
1	0	24	1	0	1416981.0880184546	-0.0009765625
1	0	25	1	0	1417306.6232495862	-0.0009765625
1	0	26	1	0	1417422.9794712246	-0.0009765625
1	0	27	1	0	1416835.8930271403	-0.0009765625
1	0	28	1	0	1417221.1619321255	-0.0009765625
1	0	29	1	0	1417287.9658689236	-0.0009765625
1	0	30	1	0	1417439.1178301424	-0.0009765625
1	0	31	1	0	1415689.087289887	-0.0009765625
1	0	32	1	0	1416148.6796285426	-0.0009765625
1	0	33	1	0	1415951.7553386758	-0.0009765625
1	0	34	1	0	1416494.5622115107	-0.0009765625
1	0	35	1	0	1416732.11923902	-0.0009765625
1	0	36	1	0	1416514.3365496732	-0.0009765625
1	0	37	1	0	1416953.7274579296	-0.0009765625
1	0	38	1	0	1416506.1079152855	-0.0009765625
1	0	39	1	0	1416833.1637275282	-0.0009765625
1	0	40	1	0	1416129.6694402965	-0.0009765625
1	0	41	1	0	1416822.943445707	-0.0009765625
1	0	42	1	0	1416481.5913572705	-0.0009765625
1	0	43	1	0	1417004.1003077007	-0.0009765625
1	0	44	1	0	1416312.8937438964	-0.0009765625
1	0	45	1	0	1417090.8592013782	-0.0009765625
1	0	46	1	0	1416321.0757714172	-0.0009765625
1	0	47	1	0	1416748.88893644	-0.0009765625
1	0	48	1	0	1416135.462234305	-0.0009765625
1	0	49	1	0	1416965.4050624121	-0.0009765625
1	0	50	1	0	1416225.618020839	-0.0009765625
1	0	51	1	0	1416600.64072963	-0.0009765625
1	0	52	1	0	1416593.6235779799	-0.0009765625
1	0	53	1	0	1417058.7522480395	-0.0009765625
1	0	54	1	0	1416893.716799842	-0.0009765625
1	0	55	1	0	1416876.53491652	-0.0009765625
1	0	56	1	0	1416488.3054860318	-0.0009765625
1	0	57	1	0	1417478.4880318814	-0.0009765625
1	0	58	1	0	1417169.707514642	-0.0009765625
1	0	59	1	0	1417215.7506379383	-0.0009765625
1	0	60	1	0	1416904.2881358291	-0.0009765625
1	0	61	1	0	1417226.9953296534	-0.0009765625
1	0	62	1	0	1416715.2855525997	-0.0009765625
1	0	0	1	1	1416470.4347826086	-0.0009765625
1	0	1	1	1	1417573.75	-0.0009765625
1	0	2	1	1	1416778.0952380951	-0.0009765625
1	0	3	1	1	1416742.6923076923	-0.0009765625
1	0	4	1	1	1417136.923076923	-0.0009765625
1	0	5	1	1	1416581.1538461538	-0.0009765625
1	0	6	1	1	1416031.1320754718	-0.0009765625
1	0	7	1	1	1416161.0	-0.0009765625
1	0	8	1	1	1416234.0	-0.0009765625
1	0	9	1	1	1417300.4347826086	-0.0009765625
1	0	10	1	1	1416742.105263158	-0.0009765625
1	0	11	1	1	1417733.1460674158	-0.0009765625
1	0	12	1	1	1416428.9473684211	-0.0009765625
1	0	13	1	1	1417187.6842105263	-0.0009765625
1	0	14	1	1	1416571.9875776398	-0.0009765625
1	0	15	1	1	1417738.0613742971	-0.0009765625
1	0	16	1	1	1417388.9812216507	-0.0009765625
1	0	17	1	1	1418591.9744539938	-0.0009765625
1	0	18	1	1	1417248.3225754437	-0.0009765625
1	0	19	1	1	1418130.378202555	-0.0009765625
1	0	20	1	1	1417310.913160252	-0.0009765625
1	0	21	1	1	1418182.4375921243	-0.0009765625
1	0	22	1	1	1416972.7917651187	-0.0009765625
1	0	23	1	1	1417673.8354368086	-0.0009765625
1	0	24	1	1	1417390.5395175414	-0.0009765625
1	0	25	1	1	1418096.37359687	-0.0009765625
1	0	26	1	1	1416928.1956160604	-0.0009765625
1	0	27	1	1	1417482.3044489175	-0.0009765625
1	0	28	1	1	1417045.261299616	-0.0009765625
1	0	29	1	1	1416757.8964756958	-0.0009765625
1	0	30	1	1	1416442.767696568	-0.0009765625
1	0	31	1	1	1416146.060058902	-0.0009765625
1	0	32	1	1	1417756.1238301801	-0.0009765625
1	0	33	1	1	1417536.9843874671	-0.0009765625
1	0	34	1	1	1417256.0409299755	-0.0009765625
1	0	35	1	1	1417065.9791519155	-0.0009765625
1	0	36	1	1	1417455.4873333692	-0.0009765625
1	0	37	1	1	1417385.711523567	-0.0009765625
1	0	38	1	1	1416820.7950783463	-0.0009765625
1	0	39	1	1	1417022.593487634	-0.0009765625
1	0	40	1	1	1417303.189293519	-0.0009765625
1	0	41	1	1	1417155.443808958	-0.0009765625
1	0	42	1	1	1416873.1408099574	-0.0009765625
1	0	43	1	1	1416556.283370231	-0.0009765625
1	0	44	1	1	1415949.0562260514	-0.0009765625
1	0	45	1	1	1416580.567025951	-0.0009765625
1	0	46	1	1	1415379.700516362	-0.0009765625
1	0	47	1	1	1416165.2665826466	-0.0009765625
1	0	48	1	1	1415542.794926339	-0.0009765625
1	0	49	1	1	1416391.1756908558	-0.0009765625
1	0	50	1	1	1415127.3278990635	-0.0009765625
1	0	51	1	1	1415789.308703802	-0.0009765625
1	0	52	1	1	1415199.6283615346	-0.0009765625
1	0	53	1	1	1416093.9588037606	-0.0009765625
1	0	54	1	1	1415139.4528994712	-0.0009765625
1	0	55	1	1	1415689.6629898828	-0.0009765625
1	0	56	1	1	1415616.314435981	-0.0009765625
1	0	57	1	1	1416487.675209434	-0.0009765625
1	0	58	1	1	1415754.609142695	-0.0009765625
1	0	59	1	1	1415750.8787357674	-0.0009765625
1	0	60	1	1	1416414.2145032913	-0.0009765625
1	0	61	1	1	1415826.5470146684	-0.0009765625
1	0	62	1	1	1415629.1018090316	-0.0009765625
#BH2
3	0	0	0	0	118.75954382623658	210.07777777777778
3	0	1	0	0	147.01284095287573	280.1607142857143
3	0	2	0	0	102.01377678089959	257.9233128834356
3	0	3	0	0	135.6151128456284	293.513847244353
3	0	4	0	0	126.72869626869367	246.73472285527424
3	0	5	0	0	129.103777342464	275.4424629116996
3	0	6	0	0	128.8182952220358	214.27466704921747
3	0	7	0	0	123.01240136011944	298.44605154529586
3	0	8	0	0	114.10244139266862	258.7950203297098
3	0	9	0	0	110.33309871820104	265.19491205559603
3	0	10	0	0	140.05021847445246	300.5328947368421
3	0	11	0	0	115.51269115287454	253.31679389312978
3	0	12	0	0	111.574233403988	283.57
3	0	13	0	0	95.36301641730915	271.76126126126127
3	0	14	0	0	142.78133969366192	279.5408163265306
3	0	0	0	1	126.05881431154	284.25384615384615
3	0	1	0	1	107.50115327214445	260.63861386138615
3	0	2	0	1	118.64625970342418	278.32608695652175
3	0	3	0	1	90.63832735565065	250.13178673769946
3	0	4	0	1	126.46347859203233	262.1617967824981
3	0	5	0	1	107.83839506396569	242.00324360645052
3	0	6	0	1	105.20116525064684	228.05377168789153
3	0	7	0	1	109.95560945715751	252.38385027352192
3	0	8	0	1	122.8208426287736	234.00718636733376
3	0	9	0	1	105.8781419596854	227.3600375486329
3	0	10	0	1	118.30078457794559	252.13888888888889
3	0	11	0	1	116.21738567810624	256.81325301204816
3	0	12	0	1	113.3311631291563	265.2070707070707
3	0	13	0	1	107.41533592183971	279.36567164179104
3	0	14	0	1	113.92338415857569	291.9146341463415
3	0	0	1	0	722414.4642857143	-0.0009765625
3	0	1	1	0	721801.404494382	-0.0009765625
3	0	2	1	0	722620.2216748769	-0.0009765625
3	0	3	1	0	722744.630851548	-0.0009765625
3	0	4	1	0	723549.3150323881	-0.0009765625
3	0	5	1	0	724013.3741744998	-0.0009765625
3	0	6	1	0	722933.9292737351	-0.0009765625
3	0	7	1	0	722928.0892595171	-0.0009765625
3	0	8	1	0	723804.5596617374	-0.0009765625
3	0	9	1	0	723626.0099085139	-0.0009765625
3	0	10	1	0	722923.2203918248	-0.0009765625
3	0	11	1	0	722355.4081632653	-0.0009765625
3	0	12	1	0	722316.7757009346	-0.0009765625
3	0	13	1	0	721569.4736842106	-0.0009765625
3	0	14	1	0	721764.6226415094	-0.0009765625
3	0	0	1	1	725019.8333333334	-0.0009765625
3	0	1	1	1	724347.5806451613	-0.0009765625
3	0	2	1	1	726213.0099502488	-0.0009765625
3	0	3	1	1	725973.2746911512	-0.0009765625
3	0	4	1	1	725676.142395576	-0.0009765625
3	0	5	1	1	726209.3241202268	-0.0009765625
3	0	6	1	1	726162.9023861284	-0.0009765625
3	0	7	1	1	726362.0928667169	-0.0009765625
3	0	8	1	1	727001.3863716662	-0.0009765625
3	0	9	1	1	726562.9437769937	-0.0009765625
3	0	10	1	1	726569.3560352101	-0.0009765625
3	0	11	1	1	725091.6333333333	-0.0009765625
3	0	12	1	1	725300.7943925234	-0.0009765625
3	0	13	1	1	724511.821192053	-0.0009765625
3	0	14	1	1	724906.0909090909	-0.0009765625
3	0	0	1	2	-0.12460937499999916	1.0
3	0	1	1	2	-0.7102272171790908	1.0
3	0	2	1	2	-0.05607158048833015	1.0
3	0	3	1	2	0.40695277807796015	1.0
3	0	4	1	2	-0.3807246701235692	1.0
3	0	5	1	2	0.5676858006604871	1.0
3	0	6	1	2	-0.3498141600012446	1.0
3	0	7	1	2	0.32870733837031274	1.0
3	0	8	1	2	-0.25083294158453656	1.0
3	0	9	1	2	-0.14349048982560272	1.0
3	0	10	1	2	-0.6231714691283363	1.0
3	0	11	1	2	-0.7196093469052358	1.0
3	0	12	1	2	-0.8062552301255219	1.0
3	0	13	1	2	-0.9690236686390529	1.0
3	0	14	1	2	-1.0336315789473678	1.0
#BAC
4	0	0	0	0	101.2019615048439	11.208
4	0	1	0	0	90.56306968008134	10.463
4	0	2	0	0	88.51711743437446	9.015
4	0	3	0	0	75.1980742453929	10.424
4	0	4	0	0	189.9194913551126	10.278
4	0	0	1	0	1.000000e+00	-9.765625e-04
4	0	1	1	0	1.000000e+00	-9.765625e-04
4	0	2	1	0	1.000000e+00	-9.765625e-04
4	0	3	1	0	1.000000e+00	-9.765625e-04
4	0	4	1	0	711522.1508877279	-0.0009765625
#HTOF
5	0	0	0	0	0.000000e+00	1.000000e+00
5	0	1	0	0	0.000000e+00	1.000000e+00
5	0	2	0	0	0.000000e+00	1.000000e+00
5	0	3	0	0	0.000000e+00	1.000000e+00
5	0	4	0	0	0.000000e+00	1.000000e+00
5	0	5	0	0	0.000000e+00	1.000000e+00
5	0	6	0	0	0.000000e+00	1.000000e+00
5	0	7	0	0	0.000000e+00	1.000000e+00
5	0	8	0	0	0.000000e+00	1.000000e+00
5	0	9	0	0	0.000000e+00	1.000000e+00
5	0	10	0	0	0.000000e+00	1.000000e+00
5	0	11	0	0	0.000000e+00	1.000000e+00
5	0	12	0	0	0.000000e+00	1.000000e+00
5	0	13	0	0	0.000000e+00	1.000000e+00
5	0	14	0	0	0.000000e+00	1.000000e+00
5	0	15	0	0	0.000000e+00	1.000000e+00
5	0	16	0	0	0.000000e+00	1.000000e+00
5	0	17	0	0	0.000000e+00	1.000000e+00
5	0	18	0	0	0.000000e+00	1.000000e+00
5	0	19	0	0	0.000000e+00	1.000000e+00
5	0	20	0	0	0.000000e+00	1.000000e+00
5	0	21	0	0	0.000000e+00	1.000000e+00
5	0	22	0	0	0.000000e+00	1.000000e+00
5	0	23	0	0	0.000000e+00	1.000000e+00
5	0	24	0	0	0.000000e+00	1.000000e+00
5	0	25	0	0	0.000000e+00	1.000000e+00
5	0	26	0	0	0.000000e+00	1.000000e+00
5	0	27	0	0	0.000000e+00	1.000000e+00
5	0	28	0	0	0.000000e+00	1.000000e+00
5	0	29	0	0	0.000000e+00	1.000000e+00
5	0	30	0	0	0.000000e+00	1.000000e+00
5	0	31	0	0	0.000000e+00	1.000000e+00
5	0	32	0	0	0.000000e+00	1.000000e+00
5	0	33	0	0	0.000000e+00	1.000000e+00
5	0	0	0	1	0.000000e+00	1.000000e+00
5	0	1	0	1	0.000000e+00	1.000000e+00
5	0	2	0	1	0.000000e+00	1.000000e+00
5	0	3	0	1	0.000000e+00	1.000000e+00
5	0	4	0	1	0.000000e+00	1.000000e+00
5	0	5	0	1	0.000000e+00	1.000000e+00
5	0	6	0	1	0.000000e+00	1.000000e+00
5	0	7	0	1	0.000000e+00	1.000000e+00
5	0	8	0	1	0.000000e+00	1.000000e+00
5	0	9	0	1	0.000000e+00	1.000000e+00
5	0	10	0	1	0.000000e+00	1.000000e+00
5	0	11	0	1	0.000000e+00	1.000000e+00
5	0	12	0	1	0.000000e+00	1.000000e+00
5	0	13	0	1	0.000000e+00	1.000000e+00
5	0	14	0	1	0.000000e+00	1.000000e+00
5	0	15	0	1	0.000000e+00	1.000000e+00
5	0	16	0	1	0.000000e+00	1.000000e+00
5	0	17	0	1	0.000000e+00	1.000000e+00
5	0	18	0	1	0.000000e+00	1.000000e+00
5	0	19	0	1	0.000000e+00	1.000000e+00
5	0	20	0	1	0.000000e+00	1.000000e+00
5	0	21	0	1	0.000000e+00	1.000000e+00
5	0	22	0	1	0.000000e+00	1.000000e+00
5	0	23	0	1	0.000000e+00	1.000000e+00
5	0	24	0	1	0.000000e+00	1.000000e+00
5	0	25	0	1	0.000000e+00	1.000000e+00
5	0	26	0	1	0.000000e+00	1.000000e+00
5	0	27	0	1	0.000000e+00	1.000000e+00
5	0	28	0	1	0.000000e+00	1.000000e+00
5	0	29	0	1	0.000000e+00	1.000000e+00
5	0	30	0	1	0.000000e+00	1.000000e+00
5	0	31	0	1	0.000000e+00	1.000000e+00
5	0	32	0	1	0.000000e+00	1.000000e+00
5	0	33	0	1	0.000000e+00	1.000000e+00
5	0	0	0	2	0.000000e+00	1.000000e+00
5	0	1	0	2	0.000000e+00	1.000000e+00
5	0	2	0	2	0.000000e+00	1.000000e+00
5	0	3	0	2	0.000000e+00	1.000000e+00
5	0	4	0	2	0.000000e+00	1.000000e+00
5	0	5	0	2	0.000000e+00	1.000000e+00
5	0	6	0	2	0.000000e+00	1.000000e+00
5	0	7	0	2	0.000000e+00	1.000000e+00
5	0	8	0	2	0.000000e+00	1.000000e+00
5	0	9	0	2	0.000000e+00	1.000000e+00
5	0	10	0	2	0.000000e+00	1.000000e+00
5	0	11	0	2	0.000000e+00	1.000000e+00
5	0	12	0	2	0.000000e+00	1.000000e+00
5	0	13	0	2	0.000000e+00	1.000000e+00
5	0	14	0	2	0.000000e+00	1.000000e+00
5	0	15	0	2	0.000000e+00	1.000000e+00
5	0	16	0	2	0.000000e+00	1.000000e+00
5	0	17	0	2	0.000000e+00	1.000000e+00
5	0	18	0	2	0.000000e+00	1.000000e+00
5	0	19	0	2	0.000000e+00	1.000000e+00
5	0	20	0	2	0.000000e+00	1.000000e+00
5	0	21	0	2	0.000000e+00	1.000000e+00
5	0	22	0	2	0.000000e+00	1.000000e+00
5	0	23	0	2	0.000000e+00	1.000000e+00
5	0	24	0	2	0.000000e+00	1.000000e+00
5	0	25	0	2	0.000000e+00	1.000000e+00
5	0	26	0	2	0.000000e+00	1.000000e+00
5	0	27	0	2	0.000000e+00	1.000000e+00
5	0	28	0	2	0.000000e+00	1.000000e+00
5	0	29	0	2	0.000000e+00	1.000000e+00
5	0	30	0	2	0.000000e+00	1.000000e+00
5	0	31	0	2	0.000000e+00	1.000000e+00
5	0	32	0	2	0.000000e+00	1.000000e+00
5	0	33	0	2	0.000000e+00	1.000000e+00
5	0	0	1	0	1.000000e+00	-9.765625e-04
5	0	1	1	0	1.000000e+00	-9.765625e-04
5	0	2	1	0	1.000000e+00	-9.765625e-04
5	0	3	1	0	1.000000e+00	-9.765625e-04
5	0	4	1	0	1.000000e+00	-9.765625e-04
5	0	5	1	0	1.000000e+00	-9.765625e-04
5	0	6	1	0	1.000000e+00	-9.765625e-04
5	0	7	1	0	1.000000e+00	-9.765625e-04
5	0	8	1	0	1.000000e+00	-9.765625e-04
5	0	9	1	0	1.000000e+00	-9.765625e-04
5	0	10	1	0	1.000000e+00	-9.765625e-04
5	0	11	1	0	1.000000e+00	-9.765625e-04
5	0	12	1	0	1.000000e+00	-9.765625e-04
5	0	13	1	0	1.000000e+00	-9.765625e-04
5	0	14	1	0	1.000000e+00	-9.765625e-04
5	0	15	1	0	1.000000e+00	-9.765625e-04
5	0	16	1	0	1.000000e+00	-9.765625e-04
5	0	17	1	0	1.000000e+00	-9.765625e-04
5	0	18	1	0	1.000000e+00	-9.765625e-04
5	0	19	1	0	1.000000e+00	-9.765625e-04
5	0	20	1	0	1.000000e+00	-9.765625e-04
5	0	21	1	0	1.000000e+00	-9.765625e-04
5	0	22	1	0	1.000000e+00	-9.765625e-04
5	0	23	1	0	1.000000e+00	-9.765625e-04
5	0	24	1	0	1.000000e+00	-9.765625e-04
5	0	25	1	0	1.000000e+00	-9.765625e-04
5	0	26	1	0	1.000000e+00	-9.765625e-04
5	0	27	1	0	1.000000e+00	-9.765625e-04
5	0	28	1	0	1.000000e+00	-9.765625e-04
5	0	29	1	0	1.000000e+00	-9.765625e-04
5	0	30	1	0	1.000000e+00	-9.765625e-04
5	0	31	1	0	1.000000e+00	-9.765625e-04
5	0	32	1	0	1.000000e+00	-9.765625e-04
5	0	33	1	0	1.000000e+00	-9.765625e-04
5	0	0	1	1	1.000000e+00	-9.765625e-04
5	0	1	1	1	1.000000e+00	-9.765625e-04
5	0	2	1	1	1.000000e+00	-9.765625e-04
5	0	3	1	1	1.000000e+00	-9.765625e-04
5	0	4	1	1	1.000000e+00	-9.765625e-04
5	0	5	1	1	1.000000e+00	-9.765625e-04
5	0	6	1	1	1.000000e+00	-9.765625e-04
5	0	7	1	1	1.000000e+00	-9.765625e-04
5	0	8	1	1	1.000000e+00	-9.765625e-04
5	0	9	1	1	1.000000e+00	-9.765625e-04
5	0	10	1	1	1.000000e+00	-9.765625e-04
5	0	11	1	1	1.000000e+00	-9.765625e-04
5	0	12	1	1	1.000000e+00	-9.765625e-04
5	0	13	1	1	1.000000e+00	-9.765625e-04
5	0	14	1	1	1.000000e+00	-9.765625e-04
5	0	15	1	1	1.000000e+00	-9.765625e-04
5	0	16	1	1	1.000000e+00	-9.765625e-04
5	0	17	1	1	1.000000e+00	-9.765625e-04
5	0	18	1	1	1.000000e+00	-9.765625e-04
5	0	19	1	1	1.000000e+00	-9.765625e-04
5	0	20	1	1	1.000000e+00	-9.765625e-04
5	0	21	1	1	1.000000e+00	-9.765625e-04
5	0	22	1	1	1.000000e+00	-9.765625e-04
5	0	23	1	1	1.000000e+00	-9.765625e-04
5	0	24	1	1	1.000000e+00	-9.765625e-04
5	0	25	1	1	1.000000e+00	-9.765625e-04
5	0	26	1	1	1.000000e+00	-9.765625e-04
5	0	27	1	1	1.000000e+00	-9.765625e-04
5	0	28	1	1	1.000000e+00	-9.765625e-04
5	0	29	1	1	1.000000e+00	-9.765625e-04
5	0	30	1	1	1.000000e+00	-9.765625e-04
5	0	31	1	1	1.000000e+00	-9.765625e-04
5	0	32	1	1	1.000000e+00	-9.765625e-04
5	0	33	1	1	1.000000e+00	-9.765625e-04
5	0	0	1	2	1.000000e+00	-9.765625e-04
5	0	1	1	2	1.000000e+00	-9.765625e-04
5	0	2	1	2	1.000000e+00	-9.765625e-04
5	0	3	1	2	1.000000e+00	-9.765625e-04
5	0	4	1	2	1.000000e+00	-9.765625e-04
5	0	5	1	2	1.000000e+00	-9.765625e-04
5	0	6	1	2	1.000000e+00	-9.765625e-04
5	0	7	1	2	1.000000e+00	-9.765625e-04
5	0	8	1	2	1.000000e+00	-9.765625e-04
5	0	9	1	2	1.000000e+00	-9.765625e-04
5	0	10	1	2	1.000000e+00	-9.765625e-04
5	0	11	1	2	1.000000e+00	-9.765625e-04
5	0	12	1	2	1.000000e+00	-9.765625e-04
5	0	13	1	2	1.000000e+00	-9.765625e-04
5	0	14	1	2	1.000000e+00	-9.765625e-04
5	0	15	1	2	1.000000e+00	-9.765625e-04
5	0	16	1	2	1.000000e+00	-9.765625e-04
5	0	17	1	2	1.000000e+00	-9.765625e-04
5	0	18	1	2	1.000000e+00	-9.765625e-04
5	0	19	1	2	1.000000e+00	-9.765625e-04
5	0	20	1	2	1.000000e+00	-9.765625e-04
5	0	21	1	2	1.000000e+00	-9.765625e-04
5	0	22	1	2	1.000000e+00	-9.765625e-04
5	0	23	1	2	1.000000e+00	-9.765625e-04
5	0	24	1	2	1.000000e+00	-9.765625e-04
5	0	25	1	2	1.000000e+00	-9.765625e-04
5	0	26	1	2	1.000000e+00	-9.765625e-04
5	0	27	1	2	1.000000e+00	-9.765625e-04
5	0	28	1	2	1.000000e+00	-9.765625e-04
5	0	29	1	2	1.000000e+00	-9.765625e-04
5	0	30	1	2	1.000000e+00	-9.765625e-04
5	0	31	1	2	1.000000e+00	-9.765625e-04
5	0	32	1	2	1.000000e+00	-9.765625e-04
5	0	33	1	2	1.000000e+00	-9.765625e-04
#KVC
6	0	0	0	0	123.18267405196262	9.405720e+00
6	0	1	0	0	98.80123191094299	9.293611e+00
6	0	2	0	0	100.96043028748797	9.794817e+00
6	0	3	0	0	116.87591153250538	8.935510e+00
6	0	4	0	0	114.17055276646695	9.405720e+00
6	0	5	0	0	126.5016823284081	9.293611e+00
6	0	6	0	0	102.20701793575876	9.794817e+00
6	0	7	0	0	120.6701320362496	8.935510e+00
6	0	0	0	1	140.10099106266063	8.864464e+00
6	0	1	0	1	113.44337192283332	1.002469e+01
6	0	2	0	1	142.663703921021	9.032530e+00
6	0	3	0	1	88.18513391040813	8.566897e+00
6	0	4	0	1	96.6656905607915	8.864464e+00
6	0	5	0	1	120.13485068724371	1.002469e+01
6	0	6	0	1	103.62718456835803	9.032530e+00
6	0	7	0	1	113.08232677409892	8.566897e+00
6	0	0	0	2	102.94781614064004	9.281763e+00
6	0	1	0	2	107.15984058136095	9.597398e+00
6	0	2	0	2	110.9266384889235	9.604148e+00
6	0	3	0	2	96.1743681544723	9.156487e+00
6	0	4	0	2	90.9619779544277	9.281763e+00
6	0	5	0	2	106.04282910860488	9.597398e+00
6	0	6	0	2	110.86456041224042	9.604148e+00
6	0	7	0	2	113.90499452584315	9.156487e+00
6	0	0	0	3	109.96901065233202	9.215651e+00
6	0	1	0	3	133.53697921233456	9.984777e+00
6	0	2	0	3	110.58733948334195	9.305942e+00
6	0	3	0	3	101.05104548366538	9.693401e+00
6	0	4	0	3	100.34492812673825	9.215651e+00
6	0	5	0	3	120.8982682168831	9.984777e+00
6	0	6	0	3	88.86119828862714	9.305942e+00
6	0	7	0	3	126.1594133838071	9.693401e+00
6	0	0	0	4	166.7127699105311	9.192747e+00
6	0	1	0	4	154.89930834697591	9.755004e+00
6	0	2	0	4	144.92420602062745	9.437462e+00
6	0	3	0	4	96.99850780789164	9.100621e+00
6	0	4	0	4	183.50967635209696	9.192747e+00
6	0	5	0	4	88.88382249238198	9.755004e+00
6	0	6	0	4	101.45750163064565	9.437462e+00
6	0	7	0	4	252.83227269304314	9.100621e+00
6	0	0	1	4	692702.765571636	-0.0009765625
6	0	1	1	4	693732.1211512005	-0.0009765625
6	0	2	1	4	696455.9934610834	-0.0009765625
6	0	3	1	4	697572.5010647003	-0.0009765625
6	0	4	1	4	697274.8982882119	-0.0009765625
6	0	5	1	4	697386.2481993055	-0.0009765625
6	0	6	1	4	695307.7294609756	-0.0009765625
6	0	7	1	4	694106.6676653483	-0.0009765625
#T1
7	0	0	0	0	262.23131984163876	372.2529012861489
7	0	0	1	0	701068.2634778095	-0.0009765625
#CVC
8	0	0	0	0	0.000000e+00	1.000000e+00
8	0	1	0	0	0.000000e+00	1.000000e+00
8	0	2	0	0	0.000000e+00	1.000000e+00
8	0	3	0	0	0.000000e+00	1.000000e+00
8	0	4	0	0	0.000000e+00	1.000000e+00
8	0	5	0	0	0.000000e+00	1.000000e+00
8	0	6	0	0	0.000000e+00	1.000000e+00
8	0	7	0	0	0.000000e+00	1.000000e+00
8	0	0	0	1	0.000000e+00	1.000000e+00
8	0	1	0	1	0.000000e+00	1.000000e+00
8	0	2	0	1	0.000000e+00	1.000000e+00
8	0	3	0	1	0.000000e+00	1.000000e+00
8	0	4	0	1	0.000000e+00	1.000000e+00
8	0	5	0	1	0.000000e+00	1.000000e+00
8	0	6	0	1	0.000000e+00	1.000000e+00
8	0	7	0	1	0.000000e+00	1.000000e+00
8	0	0	1	0	1.000000e+00	-9.765625e-04
8	0	1	1	0	1.000000e+00	-9.765625e-04
8	0	2	1	0	1.000000e+00	-9.765625e-04
8	0	3	1	0	1.000000e+00	-9.765625e-04
8	0	4	1	0	1.000000e+00	-9.765625e-04
8	0	5	1	0	1.000000e+00	-9.765625e-04
8	0	6	1	0	1.000000e+00	-9.765625e-04
8	0	7	1	0	1.000000e+00	-9.765625e-04
8	0	0	1	1	1.000000e+00	-9.765625e-04
8	0	1	1	1	1.000000e+00	-9.765625e-04
8	0	2	1	1	1.000000e+00	-9.765625e-04
8	0	3	1	1	1.000000e+00	-9.765625e-04
8	0	4	1	1	1.000000e+00	-9.765625e-04
8	0	5	1	1	1.000000e+00	-9.765625e-04
8	0	6	1	1	1.000000e+00	-9.765625e-04
8	0	7	1	1	1.000000e+00	-9.765625e-04
#SAC3
9	0	0	0	0	0.000000e+00	1.000000e+00
9	0	0	1	0	1.000000e+00	-9.765625e-04
#SFV
10	0	0	1	0	1.000000e+00	-9.765625e-04
#COBO
11	0	0	1	0	1.575e+06	-9.765625e-04
11	0	1	1	0	1.575e+06	-9.765625e-04
11	0	2	1	0	1.575e+06	-9.765625e-04
11	0	3	1	0	1.575e+06	-9.765625e-04
11	0	4	1	0	1.575e+06	-9.765625e-04
11	0	5	1	0	1.575e+06	-9.765625e-04
11	0	6	1	0	1.575e+06	-9.765625e-04
11	0	7	1	0	1.575e+06	-9.765625e-04
