#CId	PlId	SegId	AorT	UorD	p0	p1
#BHT
1	0	0	0	0	0.0	8.915411832849124
1	0	1	0	0	0.0	8.284830132424597
1	0	2	0	0	0.0	9.613389222754993
1	0	3	0	0	0.0	8.624258874665411
1	0	4	0	0	0.0	9.073738852691024
1	0	5	0	0	0.0	8.821932087543848
1	0	6	0	0	0.0	9.411243063372881
1	0	7	0	0	0.0	7.5158850912001425
1	0	8	0	0	0.0	9.229747968709578
1	0	9	0	0	0.0	8.191352659660723
1	0	10	0	0	0.0	8.809087711817192
1	0	11	0	0	0.0	7.9528504978777095
1	0	12	0	0	0.0	9.3439431516522
1	0	13	0	0	0.0	8.202224805032841
1	0	14	0	0	0.0	9.316689249417395
1	0	15	0	0	0.0	7.874098548846571
1	0	16	0	0	0.0	8.902710383321022
1	0	17	0	0	0.0	8.520690083525697
1	0	18	0	0	0.0	8.982074503391164
1	0	19	0	0	0.0	8.139295838705202
1	0	20	0	0	0.0	8.763659152537057
1	0	21	0	0	0.0	8.628599773672722
1	0	22	0	0	0.0	8.755591596932955
1	0	23	0	0	0.0	7.631756936645386
1	0	24	0	0	0.0	8.980581302159804
1	0	25	0	0	0.0	8.65061716513696
1	0	26	0	0	0.0	8.984945894121838
1	0	27	0	0	0.0	8.188988373559662
1	0	28	0	0	0.0	8.862558025152362
1	0	29	0	0	0.0	8.891819830404753
1	0	30	0	0	0.0	8.811012987818096
1	0	31	0	0	0.0	8.258298466377791
1	0	32	0	0	0.0	9.039339883705416
1	0	33	0	0	0.0	8.699179960138077
1	0	34	0	0	0.0	8.868397023035078
1	0	35	0	0	0.0	8.223660003859905
1	0	36	0	0	0.0	9.027084090930677
1	0	37	0	0	0.0	8.503592197067357
1	0	38	0	0	0.0	8.760011287014777
1	0	39	0	0	0.0	8.181565788025871
1	0	40	0	0	0.0	9.036672095820046
1	0	41	0	0	0.0	8.343116057994052
1	0	42	0	0	0.0	9.123100691450547
1	0	43	0	0	0.0	8.218129570623947
1	0	44	0	0	0.0	9.043119699188312
1	0	45	0	0	0.0	8.607018659245055
1	0	46	0	0	0.0	8.946428390910787
1	0	47	0	0	0.0	8.59860442186728
1	0	48	0	0	0.0	9.357853024332853
1	0	49	0	0	0.0	8.731206267768505
1	0	50	0	0	0.0	8.900010950722699
1	0	51	0	0	0.0	8.021159858308627
1	0	52	0	0	0.0	9.075205253968887
1	0	53	0	0	0.0	8.631931488542095
1	0	54	0	0	0.0	9.260046663627609
1	0	55	0	0	0.0	8.188803854476415
1	0	56	0	0	0.0	9.22324527442228
1	0	57	0	0	0.0	8.890428597864586
1	0	58	0	0	0.0	8.894468861575563
1	0	59	0	0	0.0	8.169367212861788
1	0	60	0	0	0.0	9.221037035135296
1	0	61	0	0	0.0	9.108511137618544
1	0	62	0	0	0.0	9.533040201652792
1	0	0	0	1	0.0	9.32032537142122
1	0	1	0	1	0.0	9.689333385927643
1	0	2	0	1	0.0	9.788984473461396
1	0	3	0	1	0.0	9.712031817872305
1	0	4	0	1	0.0	8.959981297516117
1	0	5	0	1	0.0	9.295015877931323
1	0	6	0	1	0.0	9.42503568322472
1	0	7	0	1	0.0	8.660015212599399
1	0	8	0	1	0.0	8.85719639200404
1	0	9	0	1	0.0	8.733808629010234
1	0	10	0	1	0.0	8.94002153459632
1	0	11	0	1	0.0	8.882078622676378
1	0	12	0	1	0.0	9.08084021734752
1	0	13	0	1	0.0	8.637475017167787
1	0	14	0	1	0.0	8.484859576695758
1	0	15	0	1	0.0	8.824325802037807
1	0	16	0	1	0.0	8.819729420917458
1	0	17	0	1	0.0	8.944486874292432
1	0	18	0	1	0.0	9.089896955800446
1	0	19	0	1	0.0	9.072601227928212
1	0	20	0	1	0.0	8.920790046315528
1	0	21	0	1	0.0	8.890053362619561
1	0	22	0	1	0.0	8.950281490811907
1	0	23	0	1	0.0	8.811741709478264
1	0	24	0	1	0.0	8.664119725918559
1	0	25	0	1	0.0	8.772444802562006
1	0	26	0	1	0.0	8.73058425667166
1	0	27	0	1	0.0	8.868467298797182
1	0	28	0	1	0.0	8.879630132391082
1	0	29	0	1	0.0	9.050538969754028
1	0	30	0	1	0.0	8.970472922610343
1	0	31	0	1	0.0	8.996902345221903
1	0	32	0	1	0.0	8.908110787219744
1	0	33	0	1	0.0	8.793270767277
1	0	34	0	1	0.0	8.83096350875283
1	0	35	0	1	0.0	8.713066183535634
1	0	36	0	1	0.0	8.991499474545584
1	0	37	0	1	0.0	8.670326798154129
1	0	38	0	1	0.0	8.790663610870777
1	0	39	0	1	0.0	8.900954289109205
1	0	40	0	1	0.0	8.667380160136828
1	0	41	0	1	0.0	8.580037194198253
1	0	42	0	1	0.0	8.92980677704101
1	0	43	0	1	0.0	8.724796122227298
1	0	44	0	1	0.0	8.804498458859857
1	0	45	0	1	0.0	8.70048074250932
1	0	46	0	1	0.0	8.825011202677842
1	0	47	0	1	0.0	9.051574170315462
1	0	48	0	1	0.0	9.031377302010661
1	0	49	0	1	0.0	9.018659145528115
1	0	50	0	1	0.0	8.651322021892707
1	0	51	0	1	0.0	8.422608995196622
1	0	52	0	1	0.0	8.619804871870071
1	0	53	0	1	0.0	8.57715850133561
1	0	54	0	1	0.0	9.090156825939912
1	0	55	0	1	0.0	9.006443394246597
1	0	56	0	1	0.0	8.175032775909207
1	0	57	0	1	0.0	8.847712238011086
1	0	58	0	1	0.0	8.419200029737537
1	0	59	0	1	0.0	8.926082237895521
1	0	60	0	1	0.0	8.705984857553158
1	0	61	0	1	0.0	9.056844911060864
1	0	62	0	1	0.0	8.937860430002681
1	0	0	1	0	1417534.4	-0.0009765625
1	0	1	1	0	1416320.8333333333	-0.0009765625
1	0	2	1	0	1416870.9677419355	-0.0009765625
1	0	3	1	0	1417183.3333333333	-0.0009765625
1	0	4	1	0	1416376.6666666667	-0.0009765625
1	0	5	1	0	1417278.0555555555	-0.0009765625
1	0	6	1	0	1417463.4246575343	-0.0009765625
1	0	7	1	0	1417226.7088607594	-0.0009765625
1	0	8	1	0	1416505.8904109588	-0.0009765625
1	0	9	1	0	1417838.6	-0.0009765625
1	0	10	1	0	1417604.693877551	-0.0009765625
1	0	11	1	0	1417446.551724138	-0.0009765625
1	0	12	1	0	1417385.2136752137	-0.0009765625
1	0	13	1	0	1418121.686746988	-0.0009765625
1	0	14	1	0	1417655.7489878542	-0.0009765625
1	0	15	1	0	1418399.8737035731	-0.0009765625
1	0	16	1	0	1418111.8414902186	-0.0009765625
1	0	17	1	0	1419142.675224829	-0.0009765625
1	0	18	1	0	1418749.317575374	-0.0009765625
1	0	19	1	0	1419049.9754701129	-0.0009765625
1	0	20	1	0	1419481.3817407868	-0.0009765625
1	0	21	1	0	1419532.842554572	-0.0009765625
1	0	22	1	0	1419715.0264478445	-0.0009765625
1	0	23	1	0	1419025.620891012	-0.0009765625
1	0	24	1	0	1419225.9754556376	-0.0009765625
1	0	25	1	0	1419516.5624414126	-0.0009765625
1	0	26	1	0	1419637.3581685456	-0.0009765625
1	0	27	1	0	1419071.9903358424	-0.0009765625
1	0	28	1	0	1419440.7224951235	-0.0009765625
1	0	29	1	0	1419504.2178523357	-0.0009765625
1	0	30	1	0	1419655.2280245658	-0.0009765625
1	0	31	1	0	1417909.260402961	-0.0009765625
1	0	32	1	0	1418373.6466800314	-0.0009765625
1	0	33	1	0	1418167.3402844518	-0.0009765625
1	0	34	1	0	1418722.4759280218	-0.0009765625
1	0	35	1	0	1418975.495895985	-0.0009765625
1	0	36	1	0	1418771.1977967296	-0.0009765625
1	0	37	1	0	1419174.7276123832	-0.0009765625
1	0	38	1	0	1418755.831323139	-0.0009765625
1	0	39	1	0	1419090.5568387783	-0.0009765625
1	0	40	1	0	1418403.3639553268	-0.0009765625
1	0	41	1	0	1419055.0930119075	-0.0009765625
1	0	42	1	0	1418720.0636817187	-0.0009765625
1	0	43	1	0	1419256.389756358	-0.0009765625
1	0	44	1	0	1418552.723706143	-0.0009765625
1	0	45	1	0	1419299.4246056534	-0.0009765625
1	0	46	1	0	1418491.327867348	-0.0009765625
1	0	47	1	0	1418960.2562848388	-0.0009765625
1	0	48	1	0	1418378.7084952046	-0.0009765625
1	0	49	1	0	1419218.3782527226	-0.0009765625
1	0	50	1	0	1418539.7965557713	-0.0009765625
1	0	51	1	0	1418818.3366542193	-0.0009765625
1	0	52	1	0	1418897.1319515824	-0.0009765625
1	0	53	1	0	1419183.719883561	-0.0009765625
1	0	54	1	0	1419103.5227220505	-0.0009765625
1	0	55	1	0	1419385.1582333988	-0.0009765625
1	0	56	1	0	1418882.002751887	-0.0009765625
1	0	57	1	0	1419298.5409166599	-0.0009765625
1	0	58	1	0	1418979.9958045515	-0.0009765625
1	0	59	1	0	1419485.8714156991	-0.0009765625
1	0	60	1	0	1418933.617905166	-0.0009765625
1	0	61	1	0	1419686.93381363	-0.0009765625
1	0	62	1	0	1419264.5138422365	-0.0009765625
1	0	0	1	1	1419626.862745098	-0.0009765625
1	0	1	1	1	1419184.1176470588	-0.0009765625
1	0	2	1	1	1418104.1935483871	-0.0009765625
1	0	3	1	1	1419589.076923077	-0.0009765625
1	0	4	1	1	1418600.8771929825	-0.0009765625
1	0	5	1	1	1419568.309859155	-0.0009765625
1	0	6	1	1	1418778.2666666666	-0.0009765625
1	0	7	1	1	1418539.3023255814	-0.0009765625
1	0	8	1	1	1418397.594936709	-0.0009765625
1	0	9	1	1	1419923.7037037036	-0.0009765625
1	0	10	1	1	1418996.4077669904	-0.0009765625
1	0	11	1	1	1419466.347826087	-0.0009765625
1	0	12	1	1	1418702.96	-0.0009765625
1	0	13	1	1	1419555.8959537572	-0.0009765625
1	0	14	1	1	1418649.203187251	-0.0009765625
1	0	15	1	1	1420048.701844658	-0.0009765625
1	0	16	1	1	1419606.5226534333	-0.0009765625
1	0	17	1	1	1420800.0061657282	-0.0009765625
1	0	18	1	1	1419473.3808240595	-0.0009765625
1	0	19	1	1	1420380.0449132535	-0.0009765625
1	0	20	1	1	1419594.6132277302	-0.0009765625
1	0	21	1	1	1420494.7554103618	-0.0009765625
1	0	22	1	1	1419303.3666051629	-0.0009765625
1	0	23	1	1	1419970.5707136665	-0.0009765625
1	0	24	1	1	1419709.9827646953	-0.0009765625
1	0	25	1	1	1420447.253682362	-0.0009765625
1	0	26	1	1	1419259.6858127236	-0.0009765625
1	0	27	1	1	1419826.9916344397	-0.0009765625
1	0	28	1	1	1419436.5783413488	-0.0009765625
1	0	29	1	1	1419140.0894643108	-0.0009765625
1	0	30	1	1	1418821.321620573	-0.0009765625
1	0	31	1	1	1418554.3087496886	-0.0009765625
1	0	32	1	1	1420147.2643534462	-0.0009765625
1	0	33	1	1	1419944.6543945803	-0.0009765625
1	0	34	1	1	1419680.7333515834	-0.0009765625
1	0	35	1	1	1419505.5679247414	-0.0009765625
1	0	36	1	1	1419883.5818377808	-0.0009765625
1	0	37	1	1	1419840.2270407712	-0.0009765625
1	0	38	1	1	1419263.3714051677	-0.0009765625
1	0	39	1	1	1419482.9024920175	-0.0009765625
1	0	40	1	1	1419770.0158359369	-0.0009765625
1	0	41	1	1	1419646.6934072275	-0.0009765625
1	0	42	1	1	1419335.5287792764	-0.0009765625
1	0	43	1	1	1419039.7622313756	-0.0009765625
1	0	44	1	1	1418431.2686862247	-0.0009765625
1	0	45	1	1	1419062.3872786246	-0.0009765625
1	0	46	1	1	1417812.2465503612	-0.0009765625
1	0	47	1	1	1418593.4257688823	-0.0009765625
1	0	48	1	1	1417952.8407237555	-0.0009765625
1	0	49	1	1	1418782.4665385284	-0.0009765625
1	0	50	1	1	1417462.7312003372	-0.0009765625
1	0	51	1	1	1418062.370193016	-0.0009765625
1	0	52	1	1	1417672.484055711	-0.0009765625
1	0	53	1	1	1418264.8798084003	-0.0009765625
1	0	54	1	1	1417417.6415934719	-0.0009765625
1	0	55	1	1	1418098.8040421982	-0.0009765625
1	0	56	1	1	1418047.551082185	-0.0009765625
1	0	57	1	1	1418409.5278987375	-0.0009765625
1	0	58	1	1	1417562.6293572176	-0.0009765625
1	0	59	1	1	1417981.9404109977	-0.0009765625
1	0	60	1	1	1418465.1702788144	-0.0009765625
1	0	61	1	1	1418447.0970635575	-0.0009765625
1	0	62	1	1	1418260.655051199	-0.0009765625
#BH2
3	0	0	0	0	116.24523520046952	206.788
3	0	1	0	0	144.4585776804452	275.61538461538464
3	0	2	0	0	99.42318169019681	261.5344827586207
3	0	3	0	0	132.95629891655682	297.56454967164893
3	0	4	0	0	123.57285916699217	251.6462361422801
3	0	5	0	0	126.78008975477466	282.53065150076344
3	0	6	0	0	125.67254790936502	216.11184692011335
3	0	7	0	0	119.9983836781443	303.45305472847514
3	0	8	0	0	111.9001029948442	263.6456568925089
3	0	9	0	0	107.84027013964976	269.7563324935795
3	0	10	0	0	137.50908675205693	295.125386996904
3	0	11	0	0	112.89831555365458	253.19747899159663
3	0	12	0	0	109.00584066648338	280.7880658436214
3	0	13	0	0	93.07522051561072	271.8454545454546
3	0	14	0	0	140.5849050879508	284.248502994012
3	0	0	0	1	123.31655428315649	281.12
3	0	1	0	1	104.8604737251982	257.96938775510205
3	0	2	0	1	115.70561239397553	278.2971014492754
3	0	3	0	1	87.70065224277471	256.6804927047935
3	0	4	0	1	123.4169490332591	271.4280122362933
3	0	5	0	1	103.6434708944776	247.08620479097664
3	0	6	0	1	102.20704119416068	236.9872084035472
3	0	7	0	1	107.14021000036412	256.70832197124105
3	0	8	0	1	120.38503099437487	245.77150864699826
3	0	9	0	1	103.39899566241846	231.87764960142238
3	0	10	0	1	115.86924067320989	255.16666666666666
3	0	11	0	1	113.45879966028865	253.4785407725322
3	0	12	0	1	110.13750047731868	265.68672199170123
3	0	13	0	1	104.68730775205084	275.1878306878307
3	0	14	0	1	111.34564750724923	287.2164179104478
3	0	0	1	0	723305.3409090909	-0.0009765625
3	0	1	1	0	722684.4791666666	-0.0009765625
3	0	2	1	0	723799.1516245487	-0.0009765625
3	0	3	1	0	723832.0890447242	-0.0009765625
3	0	4	1	0	724623.643673147	-0.0009765625
3	0	5	1	0	725118.0885605003	-0.0009765625
3	0	6	1	0	723978.2382889023	-0.0009765625
3	0	7	1	0	723998.8380454471	-0.0009765625
3	0	8	1	0	724859.7074771313	-0.0009765625
3	0	9	1	0	724696.5008353483	-0.0009765625
3	0	10	1	0	723963.9810447773	-0.0009765625
3	0	11	1	0	723383.9583333334	-0.0009765625
3	0	12	1	0	723333.7404580152	-0.0009765625
3	0	13	1	0	722757.1951219512	-0.0009765625
3	0	14	1	0	722788.8172043011	-0.0009765625
3	0	0	1	1	726332.6666666666	-0.0009765625
3	0	1	1	1	725456.1340206185	-0.0009765625
3	0	2	1	1	727326.3620071685	-0.0009765625
3	0	3	1	1	727100.9522772616	-0.0009765625
3	0	4	1	1	726791.0288890788	-0.0009765625
3	0	5	1	1	727362.2834573818	-0.0009765625
3	0	6	1	1	727292.3645332673	-0.0009765625
3	0	7	1	1	727489.1110996442	-0.0009765625
3	0	8	1	1	728147.5887759263	-0.0009765625
3	0	9	1	1	727694.5003376579	-0.0009765625
3	0	10	1	1	727782.163195835	-0.0009765625
3	0	11	1	1	726238.1615120275	-0.0009765625
3	0	12	1	1	726309.8461538461	-0.0009765625
3	0	13	1	1	725624.7607655502	-0.0009765625
3	0	14	1	1	725982.2631578947	-0.0009765625
3	0	0	1	2	-0.36481748671297726	1.0
3	0	1	1	2	-0.842184938710936	1.0
3	0	2	1	2	-0.06795263983032246	1.0
3	0	3	1	2	0.37636028842965846	1.0
3	0	4	1	2	-0.4088012102959789	1.0
3	0	5	1	2	0.5545430235328191	1.0
3	0	6	1	2	-0.39339425367581754	1.0
3	0	7	1	2	0.31212658346827726	1.0
3	0	8	1	2	-0.2622628977193082	1.0
3	0	9	1	2	-0.1493427115795047	1.0
3	0	10	1	2	-0.6417699920651257	1.0
3	0	11	1	2	-0.6779395169814961	1.0
3	0	12	1	2	-0.9768809974241949	1.0
3	0	13	1	2	-0.9367137199617073	1.0
3	0	14	1	2	-0.859512548206884	1.0
#BAC
4	0	0	0	0	0.000000e+00	1.000000e+00
4	0	1	0	0	0.000000e+00	1.000000e+00
4	0	2	0	0	0.000000e+00	1.000000e+00
4	0	3	0	0	0.000000e+00	1.000000e+00
4	0	4	0	0	0.000000e+00	1.000000e+00
4	0	0	1	0	1.000000e+00	-9.765625e-04
4	0	1	1	0	1.000000e+00	-9.765625e-04
4	0	2	1	0	1.000000e+00	-9.765625e-04
4	0	3	1	0	1.000000e+00	-9.765625e-04
4	0	4	1	0	712849.4704846755	-0.0009765625
#HTOF
5	0	0	0	0	134.86088992426147	447.89823434671183
5	0	1	0	0	133.5778370113467	404.93613918906897
5	0	2	0	0	279.2066608073311	335.37603451072323
5	0	3	0	0	124.93213614278977	371.0854658026727
5	0	4	0	0	239.0272815019976	282.6415274127279
5	0	5	0	0	156.24134803362176	256.47790376341936
5	0	6	0	0	138.14812261608657	224.56749655496822
5	0	7	0	0	132.5015805078457	281.49240404680836
5	0	8	0	0	133.9598646451218	362.54878124281925
5	0	9	0	0	142.26450313957784	467.7290523416407
5	0	10	0	0	151.5860975703361	416.19656952619505
5	0	11	0	0	155.7326915331165	256.2782107874881
5	0	12	0	0	130.69689044484826	287.52524179906436
5	0	13	0	0	159.7233532507436	269.9024822928377
5	0	14	0	0	114.07522785633019	234.19805016571667
5	0	15	0	0	118.53674562294799	223.194334123
5	0	16	0	0	129.80358190775874	287.80802481990287
5	0	17	0	0	143.29391257019356	239.0569532457329
5	0	18	0	0	136.63042793272996	230.09712286647272
5	0	19	0	0	117.152355680566	299.26193482590224
5	0	20	0	0	73.82874981189973	250.606504443848
5	0	21	0	0	117.50679261674433	359.545033895331
5	0	22	0	0	140.40982906082772	285.3618821838138
5	0	23	0	0	121.49023606980268	235.86928400474943
5	0	24	0	0	140.72541624789224	214.43834526068048
5	0	25	0	0	122.5890491178723	216.9964348383997
5	0	26	0	0	135.62594441010813	240.33670570207454
5	0	27	0	0	132.85156739104298	262.18845614007046
5	0	28	0	0	133.61214116186125	223.61508157223588
5	0	29	0	0	138.93166839320028	242.12517991905435
5	0	30	0	0	123.1295344751419	505.1961630941842
5	0	31	0	0	122.72644151439582	386.93398845251784
5	0	32	0	0	125.58848730387511	411.9680047650384
5	0	33	0	0	123.71386915799049	425.96999488669894
5	0	0	0	1	178.4345882174111	513.0005830878756
5	0	1	0	1	171.36686642772872	319.9571438056913
5	0	2	0	1	198.82076666987442	320.52020289535886
5	0	3	0	1	151.2226071408936	275.0230082343361
5	0	4	0	1	181.5716958285498	553.8486979313205
5	0	5	0	1	158.8666974964332	352.4287490566795
5	0	6	0	1	194.84495625796143	327.3473971535092
5	0	7	0	1	160.96562834591694	494.3973760315497
5	0	8	0	1	213.22565714442828	330.45046201131106
5	0	9	0	1	147.99374032545185	491.46224235712543
5	0	10	0	1	111.12717480518522	474.30073231318886
5	0	11	0	1	160.307680917859	238.14061983912148
5	0	12	0	1	159.13434570637494	379.6368664034454
5	0	13	0	1	143.50199527574432	245.91002338098173
5	0	14	0	1	150.80645343194126	247.92381732588973
5	0	15	0	1	176.7064092852375	275.6988625212136
5	0	16	0	1	152.9141257660948	339.39483514662226
5	0	17	0	1	180.72333715861163	285.5696616419006
5	0	18	0	1	151.82960760553476	253.4363172551991
5	0	19	0	1	145.6380456905362	300.38658716956417
5	0	20	0	1	151.45793237390285	337.7556851144744
5	0	21	0	1	150.12708210014802	367.78639912100107
5	0	22	0	1	174.7693670431215	380.02696777121014
5	0	23	0	1	164.49654579785164	280.05575014667784
5	0	24	0	1	165.60465097240058	262.2250192536518
5	0	25	0	1	143.7744933590256	271.861866335326
5	0	26	0	1	145.78361088583492	248.3794862690529
5	0	27	0	1	159.29855677985623	260.7687486126351
5	0	28	0	1	151.1800769837715	224.38217304460125
5	0	29	0	1	173.35206883954342	259.9539811349506
5	0	30	0	1	146.4067449630586	473.72895668261066
5	0	31	0	1	139.55315319656722	239.4201240919901
5	0	32	0	1	170.97025083906365	279.82729086152005
5	0	33	0	1	161.6327839423695	400.9084453509481
5	0	0	0	2	413.9228524838189	1101.9395191972594
5	0	1	0	2	397.28295907498773	787.060051343988
5	0	2	0	2	563.957063148983	770.1223642209793
5	0	3	0	2	411.2180854337139	751.9118114369792
5	0	4	0	2	572.4366529187184	1008.4322518370909
5	0	5	0	2	414.2279053131218	715.5294263656667
5	0	6	0	2	495.3964619629212	872.0184311527353
5	0	7	0	2	401.0335112059461	755.4766169739297
5	0	8	0	2	480.5234482700559	839.6556162024947
5	0	9	0	2	465.5081666010522	1202.8612726143144
5	0	10	0	2	432.20195184224485	1101.8407686124
5	0	11	0	2	481.75946903829987	665.0404376218456
5	0	12	0	2	421.7775489584261	837.0713528962616
5	0	13	0	2	404.4894401242716	629.8975299633694
5	0	14	0	2	380.4634559773541	623.7247441492852
5	0	15	0	2	469.12712750894735	679.4363031763548
5	0	16	0	2	708.8714265315714	1065.1854644736384
5	0	17	0	2	378.0251916822774	579.3857892130688
5	0	18	0	2	329.5488962986494	524.7529711760574
5	0	19	0	2	376.6340873162632	713.8654214925036
5	0	20	0	2	307.0649054301949	697.1783230088375
5	0	21	0	2	245.23236107956794	716.567308011872
5	0	22	0	2	492.00430293725736	847.091771613048
5	0	23	0	2	417.45320652003755	721.2019430724088
5	0	24	0	2	427.95881888021046	608.4388944182871
5	0	25	0	2	487.7202838037461	791.461229020654
5	0	26	0	2	326.9140008255053	552.8900389336397
5	0	27	0	2	411.74218566429755	627.5754775945542
5	0	28	0	2	473.2797367919171	656.0195284347301
5	0	29	0	2	451.6534125988652	644.3982554478129
5	0	30	0	2	387.67148771854863	1066.959350705638
5	0	31	0	2	523.7593108536097	914.1603640374556
5	0	32	0	2	575.8922802970442	992.6847444380476
5	0	33	0	2	571.1220755950819	1138.0343630766056
5	0	0	1	0	713561.5216656656	-0.0009765625
5	0	1	1	0	713761.779661017	-0.0009765625
5	0	2	1	0	713865.2816901408	-0.0009765625
5	0	3	1	0	713902.3333333334	-0.0009765625
5	0	4	1	0	714527.5974025974	-0.0009765625
5	0	5	1	0	712327.012662834	-0.0009765625
5	0	6	1	0	713051.3636363636	-0.0009765625
5	0	7	1	0	710832.7205882353	-0.0009765625
5	0	8	1	0	711608.4693877551	-0.0009765625
5	0	9	1	0	711865.0	-0.0009765625
5	0	10	1	0	710854.5744680851	-0.0009765625
5	0	11	1	0	710041.0344827586	-0.0009765625
5	0	12	1	0	709885.487804878	-0.0009765625
5	0	13	1	0	711114.3548387097	-0.0009765625
5	0	14	1	0	711895.2702702703	-0.0009765625
5	0	15	1	0	709586.4925373135	-0.0009765625
5	0	16	1	0	710791.0256410256	-0.0009765625
5	0	17	1	0	711690.0549450549	-0.0009765625
5	0	18	1	0	711166.6216216217	-0.0009765625
5	0	19	1	0	710527.735042735	-0.0009765625
5	0	20	1	0	711804.3948175651	-0.0009765625
5	0	21	1	0	712163.2037825666	-0.0009765625
5	0	22	1	0	711733.6226522573	-0.0009765625
5	0	23	1	0	711599.7667051224	-0.0009765625
5	0	24	1	0	713431.7438028129	-0.0009765625
5	0	25	1	0	712856.1165048544	-0.0009765625
5	0	26	1	0	712962.7099236641	-0.0009765625
5	0	27	1	0	711200.9550561798	-0.0009765625
5	0	28	1	0	711401.0606060605	-0.0009765625
5	0	29	1	0	710943.125	-0.0009765625
5	0	30	1	0	711998.9506172839	-0.0009765625
5	0	31	1	0	711943.3333333334	-0.0009765625
5	0	32	1	0	713805.0769230769	-0.0009765625
5	0	33	1	0	714044.3859649122	-0.0009765625
5	0	0	1	1	715324.7966377579	-0.0009765625
5	0	1	1	1	714521.724137931	-0.0009765625
5	0	2	1	1	713628.3333333334	-0.0009765625
5	0	3	1	1	714828.6170212766	-0.0009765625
5	0	4	1	1	713685.8641975309	-0.0009765625
5	0	5	1	1	713243.7866819443	-0.0009765625
5	0	6	1	1	712464.2070484582	-0.0009765625
5	0	7	1	1	713587.0	-0.0009765625
5	0	8	1	1	712040.6862745098	-0.0009765625
5	0	9	1	1	712651.3636363636	-0.0009765625
5	0	10	1	1	711389.0384615385	-0.0009765625
5	0	11	1	1	710439.6551724138	-0.0009765625
5	0	12	1	1	711640.7142857143	-0.0009765625
5	0	13	1	1	711404.1666666666	-0.0009765625
5	0	14	1	1	710450.0	-0.0009765625
5	0	15	1	1	710055.3921568628	-0.0009765625
5	0	16	1	1	710051.3157894737	-0.0009765625
5	0	17	1	1	710111.0	-0.0009765625
5	0	18	1	1	709684.3388429752	-0.0009765625
5	0	19	1	1	709495.9333333333	-0.0009765625
5	0	20	1	1	710988.7831882744	-0.0009765625
5	0	21	1	1	711325.2285331446	-0.0009765625
5	0	22	1	1	712238.8649066348	-0.0009765625
5	0	23	1	1	711127.5000592705	-0.0009765625
5	0	24	1	1	711576.0943842806	-0.0009765625
5	0	25	1	1	711255.703125	-0.0009765625
5	0	26	1	1	709959.1984732824	-0.0009765625
5	0	27	1	1	709313.4705882353	-0.0009765625
5	0	28	1	1	710348.1168831169	-0.0009765625
5	0	29	1	1	710281.8421052631	-0.0009765625
5	0	30	1	1	712090.119047619	-0.0009765625
5	0	31	1	1	712614.7701149426	-0.0009765625
5	0	32	1	1	712918.7903225806	-0.0009765625
5	0	33	1	1	713078.2984293194	-0.0009765625
5	0	0	1	2	701982.8285714285	-0.0009765625
5	0	1	1	2	692175.75	-0.0009765625
5	0	2	1	2	692655.7692307692	-0.0009765625
5	0	3	1	2	692117.2727272727	-0.0009765625
5	0	4	1	2	690567.4489795918	-0.0009765625
5	0	5	1	2	701239.8051948051	-0.0009765625
5	0	6	1	2	700618.3333333334	-0.0009765625
5	0	7	1	2	699000.4545454546	-0.0009765625
5	0	8	1	2	699547.6666666666	-0.0009765625
5	0	9	1	2	698742.1428571428	-0.0009765625
5	0	10	1	2	698654.5652173914	-0.0009765625
5	0	11	1	2	698768.0	-0.0009765625
5	0	12	1	2	700143.5185185185	-0.0009765625
5	0	13	1	2	700339.7368421053	-0.0009765625
5	0	14	1	2	698972.5	-0.0009765625
5	0	15	1	2	697604.1666666666	-0.0009765625
5	0	16	1	2	697936.4634146341	-0.0009765625
5	0	17	1	2	698018.1818181818	-0.0009765625
5	0	18	1	2	697792.7142857143	-0.0009765625
5	0	19	1	2	698511.8518518518	-0.0009765625
5	0	20	1	2	699615.2651549667	-0.0009765625
5	0	21	1	2	699853.2684453464	-0.0009765625
5	0	22	1	2	699803.7555431165	-0.0009765625
5	0	23	1	2	699407.4718746537	-0.0009765625
5	0	24	1	2	699963.431372549	-0.0009765625
5	0	25	1	2	699767.7906976744	-0.0009765625
5	0	26	1	2	700228.5849056604	-0.0009765625
5	0	27	1	2	699271.6666666666	-0.0009765625
5	0	28	1	2	698626.6666666666	-0.0009765625
5	0	29	1	2	699711.4102564103	-0.0009765625
5	0	30	1	2	699890.8974358974	-0.0009765625
5	0	31	1	2	701129.0	-0.0009765625
5	0	32	1	2	701672.1428571428	-0.0009765625
5	0	33	1	2	701093.875	-0.0009765625
#KVC
6	0	0	0	0	0.000000e+00	1.000000e+00
6	0	1	0	0	0.000000e+00	1.000000e+00
6	0	2	0	0	0.000000e+00	1.000000e+00
6	0	3	0	0	0.000000e+00	1.000000e+00
6	0	4	0	0	0.000000e+00	1.000000e+00
6	0	5	0	0	0.000000e+00	1.000000e+00
6	0	6	0	0	0.000000e+00	1.000000e+00
6	0	7	0	0	0.000000e+00	1.000000e+00
6	0	0	0	1	0.000000e+00	1.000000e+00
6	0	1	0	1	0.000000e+00	1.000000e+00
6	0	2	0	1	0.000000e+00	1.000000e+00
6	0	3	0	1	0.000000e+00	1.000000e+00
6	0	4	0	1	0.000000e+00	1.000000e+00
6	0	5	0	1	0.000000e+00	1.000000e+00
6	0	6	0	1	0.000000e+00	1.000000e+00
6	0	7	0	1	0.000000e+00	1.000000e+00
6	0	0	0	2	0.000000e+00	1.000000e+00
6	0	1	0	2	0.000000e+00	1.000000e+00
6	0	2	0	2	0.000000e+00	1.000000e+00
6	0	3	0	2	0.000000e+00	1.000000e+00
6	0	4	0	2	0.000000e+00	1.000000e+00
6	0	5	0	2	0.000000e+00	1.000000e+00
6	0	6	0	2	0.000000e+00	1.000000e+00
6	0	7	0	2	0.000000e+00	1.000000e+00
6	0	0	0	3	0.000000e+00	1.000000e+00
6	0	1	0	3	0.000000e+00	1.000000e+00
6	0	2	0	3	0.000000e+00	1.000000e+00
6	0	3	0	3	0.000000e+00	1.000000e+00
6	0	4	0	3	0.000000e+00	1.000000e+00
6	0	5	0	3	0.000000e+00	1.000000e+00
6	0	6	0	3	0.000000e+00	1.000000e+00
6	0	7	0	3	0.000000e+00	1.000000e+00
6	0	0	0	4	0.000000e+00	1.000000e+00
6	0	1	0	4	0.000000e+00	1.000000e+00
6	0	2	0	4	0.000000e+00	1.000000e+00
6	0	3	0	4	0.000000e+00	1.000000e+00
6	0	4	0	4	0.000000e+00	1.000000e+00
6	0	5	0	4	0.000000e+00	1.000000e+00
6	0	6	0	4	0.000000e+00	1.000000e+00
6	0	7	0	4	0.000000e+00	1.000000e+00
6	0	0	1	4	693565.5715618426	-0.0009765625
6	0	1	1	4	694235.1119825873	-0.0009765625
6	0	2	1	4	698597.8019423583	-0.0009765625
6	0	3	1	4	698869.5661297985	-0.0009765625
6	0	4	1	4	698556.0875909359	-0.0009765625
6	0	5	1	4	698785.1673896286	-0.0009765625
6	0	6	1	4	696160.0776729065	-0.0009765625
6	0	7	1	4	694011.9100934893	-0.0009765625
#T1
7	0	0	0	0	263.5439986964706	374.7123289532922
7	0	0	1	0	701620.5684790692	-0.0009765625
#CVC
8	0	0	0	0	0.000000e+00	1.000000e+00
8	0	1	0	0	0.000000e+00	1.000000e+00
8	0	2	0	0	0.000000e+00	1.000000e+00
8	0	3	0	0	0.000000e+00	1.000000e+00
8	0	4	0	0	0.000000e+00	1.000000e+00
8	0	5	0	0	0.000000e+00	1.000000e+00
8	0	6	0	0	0.000000e+00	1.000000e+00
8	0	7	0	0	0.000000e+00	1.000000e+00
8	0	0	0	1	0.000000e+00	1.000000e+00
8	0	1	0	1	0.000000e+00	1.000000e+00
8	0	2	0	1	0.000000e+00	1.000000e+00
8	0	3	0	1	0.000000e+00	1.000000e+00
8	0	4	0	1	0.000000e+00	1.000000e+00
8	0	5	0	1	0.000000e+00	1.000000e+00
8	0	6	0	1	0.000000e+00	1.000000e+00
8	0	7	0	1	0.000000e+00	1.000000e+00
8	0	0	1	0	1.000000e+00	-9.765625e-04
8	0	1	1	0	1.000000e+00	-9.765625e-04
8	0	2	1	0	1.000000e+00	-9.765625e-04
8	0	3	1	0	1.000000e+00	-9.765625e-04
8	0	4	1	0	1.000000e+00	-9.765625e-04
8	0	5	1	0	1.000000e+00	-9.765625e-04
8	0	6	1	0	1.000000e+00	-9.765625e-04
8	0	7	1	0	1.000000e+00	-9.765625e-04
8	0	0	1	1	1.000000e+00	-9.765625e-04
8	0	1	1	1	1.000000e+00	-9.765625e-04
8	0	2	1	1	1.000000e+00	-9.765625e-04
8	0	3	1	1	1.000000e+00	-9.765625e-04
8	0	4	1	1	1.000000e+00	-9.765625e-04
8	0	5	1	1	1.000000e+00	-9.765625e-04
8	0	6	1	1	1.000000e+00	-9.765625e-04
8	0	7	1	1	1.000000e+00	-9.765625e-04
#SAC3
9	0	0	0	0	0.000000e+00	1.000000e+00
9	0	0	1	0	1.000000e+00	-9.765625e-04
#SFV
10	0	0	1	0	1.000000e+00	-9.765625e-04
10	0	1	1	0	1.000000e+00	-9.765625e-04
10	0	2	1	0	1.000000e+00	-9.765625e-04
10	0	3	1	0	1.000000e+00	-9.765625e-04
10	0	4	1	0	1.000000e+00	-9.765625e-04
10	0	5	1	0	1.000000e+00	-9.765625e-04
#COBO
11      0       0       1       0       1.575e+06       -9.765625e-04
11      0       1       1       0       1.575e+06       -9.765625e-04
11      0       2       1       0       1.575e+06       -9.765625e-04
11      0       3       1       0       1.575e+06       -9.765625e-04
11      0       4       1       0       1.575e+06       -9.765625e-04
11      0       5       1       0       1.575e+06       -9.765625e-04
11      0       6       1       0       1.575e+06       -9.765625e-04
11      0       7       1       0       1.575e+06       -9.765625e-04
#T2
12	0	0	0	0	0.000000e+00	1.000000e+00
12	0	0	1	0	1.000000e+00	-9.765625e-04
#SCH
13	0	0	0	0	0.000000e+00	1.000000e+00
13	0	1	0	0	0.000000e+00	1.000000e+00
13	0	2	0	0	0.000000e+00	1.000000e+00
13	0	3	0	0	0.000000e+00	1.000000e+00
13	0	4	0	0	0.000000e+00	1.000000e+00
13	0	5	0	0	0.000000e+00	1.000000e+00
13	0	6	0	0	0.000000e+00	1.000000e+00
13	0	7	0	0	0.000000e+00	1.000000e+00
13	0	8	0	0	0.000000e+00	1.000000e+00
13	0	9	0	0	0.000000e+00	1.000000e+00
13	0	10	0	0	0.000000e+00	1.000000e+00
13	0	11	0	0	0.000000e+00	1.000000e+00
13	0	12	0	0	0.000000e+00	1.000000e+00
13	0	13	0	0	0.000000e+00	1.000000e+00
13	0	14	0	0	0.000000e+00	1.000000e+00
13	0	15	0	0	0.000000e+00	1.000000e+00
13	0	16	0	0	0.000000e+00	1.000000e+00
13	0	17	0	0	0.000000e+00	1.000000e+00
13	0	18	0	0	0.000000e+00	1.000000e+00
13	0	19	0	0	0.000000e+00	1.000000e+00
13	0	20	0	0	0.000000e+00	1.000000e+00
13	0	21	0	0	0.000000e+00	1.000000e+00
13	0	22	0	0	0.000000e+00	1.000000e+00
13	0	23	0	0	0.000000e+00	1.000000e+00
13	0	24	0	0	0.000000e+00	1.000000e+00
13	0	25	0	0	0.000000e+00	1.000000e+00
13	0	26	0	0	0.000000e+00	1.000000e+00
13	0	27	0	0	0.000000e+00	1.000000e+00
13	0	28	0	0	0.000000e+00	1.000000e+00
13	0	29	0	0	0.000000e+00	1.000000e+00
13	0	30	0	0	0.000000e+00	1.000000e+00
13	0	31	0	0	0.000000e+00	1.000000e+00
13	0	32	0	0	0.000000e+00	1.000000e+00
13	0	33	0	0	0.000000e+00	1.000000e+00
13	0	34	0	0	0.000000e+00	1.000000e+00
13	0	35	0	0	0.000000e+00	1.000000e+00
13	0	36	0	0	0.000000e+00	1.000000e+00
13	0	37	0	0	0.000000e+00	1.000000e+00
13	0	38	0	0	0.000000e+00	1.000000e+00
13	0	39	0	0	0.000000e+00	1.000000e+00
13	0	40	0	0	0.000000e+00	1.000000e+00
13	0	41	0	0	0.000000e+00	1.000000e+00
13	0	42	0	0	0.000000e+00	1.000000e+00
13	0	43	0	0	0.000000e+00	1.000000e+00
13	0	44	0	0	0.000000e+00	1.000000e+00
13	0	45	0	0	0.000000e+00	1.000000e+00
13	0	46	0	0	0.000000e+00	1.000000e+00
13	0	47	0	0	0.000000e+00	1.000000e+00
13	0	48	0	0	0.000000e+00	1.000000e+00
13	0	49	0	0	0.000000e+00	1.000000e+00
13	0	50	0	0	0.000000e+00	1.000000e+00
13	0	51	0	0	0.000000e+00	1.000000e+00
13	0	52	0	0	0.000000e+00	1.000000e+00
13	0	53	0	0	0.000000e+00	1.000000e+00
13	0	54	0	0	0.000000e+00	1.000000e+00
13	0	55	0	0	0.000000e+00	1.000000e+00
13	0	56	0	0	0.000000e+00	1.000000e+00
13	0	57	0	0	0.000000e+00	1.000000e+00
13	0	58	0	0	0.000000e+00	1.000000e+00
13	0	59	0	0	0.000000e+00	1.000000e+00
13	0	60	0	0	0.000000e+00	1.000000e+00
13	0	61	0	0	0.000000e+00	1.000000e+00
13	0	62	0	0	0.000000e+00	1.000000e+00
13	0	63	0	0	0.000000e+00	1.000000e+00
13	0	0	1	0	1.000000e+00	-9.765625e-04
13	0	1	1	0	1.000000e+00	-9.765625e-04
13	0	2	1	0	1.000000e+00	-9.765625e-04
13	0	3	1	0	1.000000e+00	-9.765625e-04
13	0	4	1	0	1.000000e+00	-9.765625e-04
13	0	5	1	0	1.000000e+00	-9.765625e-04
13	0	6	1	0	1.000000e+00	-9.765625e-04
13	0	7	1	0	1.000000e+00	-9.765625e-04
13	0	8	1	0	1.000000e+00	-9.765625e-04
13	0	9	1	0	1.000000e+00	-9.765625e-04
13	0	10	1	0	1.000000e+00	-9.765625e-04
13	0	11	1	0	1.000000e+00	-9.765625e-04
13	0	12	1	0	1.000000e+00	-9.765625e-04
13	0	13	1	0	1.000000e+00	-9.765625e-04
13	0	14	1	0	1.000000e+00	-9.765625e-04
13	0	15	1	0	1.000000e+00	-9.765625e-04
13	0	16	1	0	1.000000e+00	-9.765625e-04
13	0	17	1	0	1.000000e+00	-9.765625e-04
13	0	18	1	0	1.000000e+00	-9.765625e-04
13	0	19	1	0	1.000000e+00	-9.765625e-04
13	0	20	1	0	1.000000e+00	-9.765625e-04
13	0	21	1	0	1.000000e+00	-9.765625e-04
13	0	22	1	0	1.000000e+00	-9.765625e-04
13	0	23	1	0	1.000000e+00	-9.765625e-04
13	0	24	1	0	1.000000e+00	-9.765625e-04
13	0	25	1	0	1.000000e+00	-9.765625e-04
13	0	26	1	0	1.000000e+00	-9.765625e-04
13	0	27	1	0	1.000000e+00	-9.765625e-04
13	0	28	1	0	1.000000e+00	-9.765625e-04
13	0	29	1	0	1.000000e+00	-9.765625e-04
13	0	30	1	0	1.000000e+00	-9.765625e-04
13	0	31	1	0	1.000000e+00	-9.765625e-04
13	0	32	1	0	1.000000e+00	-9.765625e-04
13	0	33	1	0	1.000000e+00	-9.765625e-04
13	0	34	1	0	1.000000e+00	-9.765625e-04
13	0	35	1	0	1.000000e+00	-9.765625e-04
13	0	36	1	0	1.000000e+00	-9.765625e-04
13	0	37	1	0	1.000000e+00	-9.765625e-04
13	0	38	1	0	1.000000e+00	-9.765625e-04
13	0	39	1	0	1.000000e+00	-9.765625e-04
13	0	40	1	0	1.000000e+00	-9.765625e-04
13	0	41	1	0	1.000000e+00	-9.765625e-04
13	0	42	1	0	1.000000e+00	-9.765625e-04
13	0	43	1	0	1.000000e+00	-9.765625e-04
13	0	44	1	0	1.000000e+00	-9.765625e-04
13	0	45	1	0	1.000000e+00	-9.765625e-04
13	0	46	1	0	1.000000e+00	-9.765625e-04
13	0	47	1	0	1.000000e+00	-9.765625e-04
13	0	48	1	0	1.000000e+00	-9.765625e-04
13	0	49	1	0	1.000000e+00	-9.765625e-04
13	0	50	1	0	1.000000e+00	-9.765625e-04
13	0	51	1	0	1.000000e+00	-9.765625e-04
13	0	52	1	0	1.000000e+00	-9.765625e-04
13	0	53	1	0	1.000000e+00	-9.765625e-04
13	0	54	1	0	1.000000e+00	-9.765625e-04
13	0	55	1	0	1.000000e+00	-9.765625e-04
13	0	56	1	0	1.000000e+00	-9.765625e-04
13	0	57	1	0	1.000000e+00	-9.765625e-04
13	0	58	1	0	1.000000e+00	-9.765625e-04
13	0	59	1	0	1.000000e+00	-9.765625e-04
13	0	60	1	0	1.000000e+00	-9.765625e-04
13	0	61	1	0	1.000000e+00	-9.765625e-04
13	0	62	1	0	1.000000e+00	-9.765625e-04
13	0	63	1	0	1.000000e+00	-9.765625e-04
#T3
14	0	0	1	0	1.000000e+00	-9.765625e-04
