#CId	PlId	SegId	AorT	UorD	p0	p1
1	0	0	1	0	1425780	-0.0009765625
1	0	1	1	0	1425780	-0.0009765625
1	0	2	1	0	1425780	-0.0009765625
1	0	3	1	0	1425780	-0.0009765625
1	0	4	1	0	1425780	-0.0009765625
1	0	5	1	0	1425780	-0.0009765625
1	0	6	1	0	1425780	-0.0009765625
1	0	7	1	0	1425780	-0.0009765625
1	0	8	1	0	1425780	-0.0009765625
1	0	9	1	0	1425780	-0.0009765625
1	0	10	1	0	1425780	-0.0009765625
1	0	11	1	0	1425780	-0.0009765625
1	0	12	1	0	1425780	-0.0009765625
1	0	13	1	0	1425780	-0.0009765625
1	0	14	1	0	1425780	-0.0009765625
1	0	15	1	0	1425780	-0.0009765625
1	0	16	1	0	1425780	-0.0009765625
1	0	17	1	0	1425780	-0.0009765625
1	0	18	1	0	1425780	-0.0009765625
1	0	19	1	0	1425780	-0.0009765625
1	0	20	1	0	1425780	-0.0009765625
1	0	21	1	0	1425780	-0.0009765625
1	0	22	1	0	1425780	-0.0009765625
1	0	23	1	0	1425780	-0.0009765625
1	0	24	1	0	1425780	-0.0009765625
1	0	25	1	0	1425780	-0.0009765625
1	0	26	1	0	1425780	-0.0009765625
1	0	27	1	0	1425780	-0.0009765625
1	0	28	1	0	1425780	-0.0009765625
1	0	29	1	0	1425780	-0.0009765625
1	0	30	1	0	1425780	-0.0009765625
1	0	31	1	0	1425780	-0.0009765625
1	0	32	1	0	1425780	-0.0009765625
1	0	33	1	0	1425780	-0.0009765625
1	0	34	1	0	1425780	-0.0009765625
1	0	35	1	0	1425780	-0.0009765625
1	0	36	1	0	1425780	-0.0009765625
1	0	37	1	0	1425780	-0.0009765625
1	0	38	1	0	1425780	-0.0009765625
1	0	39	1	0	1425780	-0.0009765625
1	0	40	1	0	1425780	-0.0009765625
1	0	41	1	0	1425780	-0.0009765625
1	0	42	1	0	1425780	-0.0009765625
1	0	43	1	0	1425780	-0.0009765625
1	0	44	1	0	1425780	-0.0009765625
1	0	45	1	0	1425780	-0.0009765625
1	0	46	1	0	1425780	-0.0009765625
1	0	47	1	0	1425780	-0.0009765625
1	0	48	1	0	1425780	-0.0009765625
1	0	49	1	0	1425780	-0.0009765625
1	0	50	1	0	1425780	-0.0009765625
1	0	51	1	0	1425780	-0.0009765625
1	0	52	1	0	1425780	-0.0009765625
1	0	53	1	0	1425780	-0.0009765625
1	0	54	1	0	1425780	-0.0009765625
1	0	55	1	0	1425780	-0.0009765625
1	0	56	1	0	1425780	-0.0009765625
1	0	57	1	0	1425780	-0.0009765625
1	0	58	1	0	1425780	-0.0009765625
1	0	59	1	0	1425780	-0.0009765625
1	0	60	1	0	1425780	-0.0009765625
1	0	61	1	0	1425780	-0.0009765625
1	0	62	1	0	1425780	-0.0009765625
1	0	0	1	1	1425780	-0.0009765625
1	0	1	1	1	1425780	-0.0009765625
1	0	2	1	1	1425780	-0.0009765625
1	0	3	1	1	1425780	-0.0009765625
1	0	4	1	1	1425780	-0.0009765625
1	0	5	1	1	1425780	-0.0009765625
1	0	6	1	1	1425780	-0.0009765625
1	0	7	1	1	1425780	-0.0009765625
1	0	8	1	1	1425780	-0.0009765625
1	0	9	1	1	1425780	-0.0009765625
1	0	10	1	1	1425780	-0.0009765625
1	0	11	1	1	1425780	-0.0009765625
1	0	12	1	1	1425780	-0.0009765625
1	0	13	1	1	1425780	-0.0009765625
1	0	14	1	1	1425780	-0.0009765625
1	0	15	1	1	1425780	-0.0009765625
1	0	16	1	1	1425780	-0.0009765625
1	0	17	1	1	1425780	-0.0009765625
1	0	18	1	1	1425780	-0.0009765625
1	0	19	1	1	1425780	-0.0009765625
1	0	20	1	1	1425780	-0.0009765625
1	0	21	1	1	1425780	-0.0009765625
1	0	22	1	1	1425780	-0.0009765625
1	0	23	1	1	1425780	-0.0009765625
1	0	24	1	1	1425780	-0.0009765625
1	0	25	1	1	1425780	-0.0009765625
1	0	26	1	1	1425780	-0.0009765625
1	0	27	1	1	1425780	-0.0009765625
1	0	28	1	1	1425780	-0.0009765625
1	0	29	1	1	1425780	-0.0009765625
1	0	30	1	1	1425780	-0.0009765625
1	0	31	1	1	1425780	-0.0009765625
1	0	32	1	1	1425780	-0.0009765625
1	0	33	1	1	1425780	-0.0009765625
1	0	34	1	1	1425780	-0.0009765625
1	0	35	1	1	1425780	-0.0009765625
1	0	36	1	1	1425780	-0.0009765625
1	0	37	1	1	1425780	-0.0009765625
1	0	38	1	1	1425780	-0.0009765625
1	0	39	1	1	1425780	-0.0009765625
1	0	40	1	1	1425780	-0.0009765625
1	0	41	1	1	1425780	-0.0009765625
1	0	42	1	1	1425780	-0.0009765625
1	0	43	1	1	1425780	-0.0009765625
1	0	44	1	1	1425780	-0.0009765625
1	0	45	1	1	1425780	-0.0009765625
1	0	46	1	1	1425780	-0.0009765625
1	0	47	1	1	1425780	-0.0009765625
1	0	48	1	1	1425780	-0.0009765625
1	0	49	1	1	1425780	-0.0009765625
1	0	50	1	1	1425780	-0.0009765625
1	0	51	1	1	1425780	-0.0009765625
1	0	52	1	1	1425780	-0.0009765625
1	0	53	1	1	1425780	-0.0009765625
1	0	54	1	1	1425780	-0.0009765625
1	0	55	1	1	1425780	-0.0009765625
1	0	56	1	1	1425780	-0.0009765625
1	0	57	1	1	1425780	-0.0009765625
1	0	58	1	1	1425780	-0.0009765625
1	0	59	1	1	1425780	-0.0009765625
1	0	60	1	1	1425780	-0.0009765625
1	0	61	1	1	1425780	-0.0009765625
1	0	62	1	1	1425780	-0.0009765625
1	0	0	0	0	0	8.59250042963515
1	0	1	0	0	0	8.55571391343067
1	0	2	0	0	0	8.1196440713392
1	0	3	0	0	0	8.404794877917553
1	0	4	0	0	0	7.918395791534286
1	0	5	0	0	0	8.326058789575107
1	0	6	0	0	0	7.546540613924296
1	0	7	0	0	0	8.563598523937866
1	0	8	0	0	0	8.752175963504262
1	0	9	0	0	0	8.167552711422966
1	0	10	0	0	0	8.091302682519755
1	0	11	0	0	0	8.013108435857468
1	0	12	0	0	0	8.501592349458482
1	0	13	0	0	0	8.568863029222841
1	0	14	0	0	0	8.46977822726829
1	0	15	0	0	0	8.544854807397027
1	0	16	0	0	0	8.284318059774549
1	0	17	0	0	0	8.170273842461965
1	0	18	0	0	0	8.166797512983633
1	0	19	0	0	0	8.253217048320003
1	0	20	0	0	0	8.693521043961109
1	0	21	0	0	0	8.045718100123421
1	0	22	0	0	0	8.080140329505612
1	0	23	0	0	0	8.460684264817989
1	0	24	0	0	0	8.516507375633509
1	0	25	0	0	0	8.233221156708629
1	0	26	0	0	0	8.515400798798318
1	0	27	0	0	0	8.327414184620459
1	0	28	0	0	0	8.26545259888824
1	0	29	0	0	0	8.332736757651093
1	0	30	0	0	0	8.446993755242529
1	0	31	0	0	0	8.556030268934393
1	0	32	0	0	0	8.614158946448116
1	0	33	0	0	0	8.629267181173104
1	0	34	0	0	0	8.363187359592613
1	0	35	0	0	0	8.587593209380845
1	0	36	0	0	0	8.463927678809798
1	0	37	0	0	0	8.373287666243368
1	0	38	0	0	0	8.237441309518175
1	0	39	0	0	0	8.449115426792277
1	0	40	0	0	0	8.56119855301413
1	0	41	0	0	0	8.506840460278791
1	0	42	0	0	0	8.444724384336528
1	0	43	0	0	0	8.625494147747181
1	0	44	0	0	0	8.569906091501966
1	0	45	0	0	0	8.47323259482518
1	0	46	0	0	0	8.32301627489554
1	0	47	0	0	0	8.408701733784579
1	0	48	0	0	0	8.170962674280553
1	0	49	0	0	0	8.168352322508484
1	0	50	0	0	0	8.514422238167217
1	0	51	0	0	0	8.317558482582223
1	0	52	0	0	0	8.614157440368093
1	0	53	0	0	0	8.250837592661528
1	0	54	0	0	0	8.281398929237906
1	0	55	0	0	0	8.078570100697906
1	0	56	0	0	0	9.087072884392919
1	0	57	0	0	0	8.805337776641803
1	0	58	0	0	0	8.41668684303692
1	0	59	0	0	0	9.130545830031663
1	0	60	0	0	0	9.453293792426377
1	0	61	0	0	0	9.055797032396335
1	0	62	0	0	0	8.699334794825814
1	0	0	0	1	0	8.891117719649277
1	0	1	0	1	0	8.750527606911849
1	0	2	0	1	0	8.696065530819858
1	0	3	0	1	0	7.7883133034207646
1	0	4	0	1	0	8.278187509400631
1	0	5	0	1	0	8.397803539924109
1	0	6	0	1	0	8.658283786770236
1	0	7	0	1	0	7.721637873361534
1	0	8	0	1	0	8.56845251281096
1	0	9	0	1	0	8.071334373637331
1	0	10	0	1	0	8.50824968384922
1	0	11	0	1	0	7.5097677604436734
1	0	12	0	1	0	8.155153298528779
1	0	13	0	1	0	7.9669214907840455
1	0	14	0	1	0	8.83000547724098
1	0	15	0	1	0	8.141542792648512
1	0	16	0	1	0	8.297725535544004
1	0	17	0	1	0	8.130983694342028
1	0	18	0	1	0	8.537578312875558
1	0	19	0	1	0	7.70805404866895
1	0	20	0	1	0	8.624775785233917
1	0	21	0	1	0	7.826841276692248
1	0	22	0	1	0	8.545390253193608
1	0	23	0	1	0	7.761736075100745
1	0	24	0	1	0	8.220212195875613
1	0	25	0	1	0	8.206622939514888
1	0	26	0	1	0	8.632655976961207
1	0	27	0	1	0	7.761235649305111
1	0	28	0	1	0	8.320173704232678
1	0	29	0	1	0	8.082373908106955
1	0	30	0	1	0	8.667265180721943
1	0	31	0	1	0	7.868096943977594
1	0	32	0	1	0	8.319216432469423
1	0	33	0	1	0	8.613548165524092
1	0	34	0	1	0	8.485455467385977
1	0	35	0	1	0	7.765210655362517
1	0	36	0	1	0	8.43750225500532
1	0	37	0	1	0	8.169062688030719
1	0	38	0	1	0	8.557811015015512
1	0	39	0	1	0	7.163404099368555
1	0	40	0	1	0	8.101187341129462
1	0	41	0	1	0	8.2635161562064
1	0	42	0	1	0	8.303872700802945
1	0	43	0	1	0	7.52861479548658
1	0	44	0	1	0	8.332737433772458
1	0	45	0	1	0	7.966496280103875
1	0	46	0	1	0	8.339148879169642
1	0	47	0	1	0	7.367977524861216
1	0	48	0	1	0	8.66706684106653
1	0	49	0	1	0	7.666415998733864
1	0	50	0	1	0	8.86162507475036
1	0	51	0	1	0	7.460609118031213
1	0	52	0	1	0	8.25120439342087
1	0	53	0	1	0	7.720508211391683
1	0	54	0	1	0	8.759461816619027
1	0	55	0	1	0	7.101224274567682
1	0	56	0	1	0	8.839247836754808
1	0	57	0	1	0	8.35941081475296
1	0	58	0	1	0	8.683568634966546
1	0	59	0	1	0	8.220604088062444
1	0	60	0	1	0	9.105303525298146
1	0	61	0	1	0	7.889748823886847
1	0	62	0	1	0	8.558848895060079
2	0	0	1	0	710384.8332475004	-0.0009765625
2	0	1	1	0	709692.3926495669	-0.0009765625
2	0	2	1	0	709472.3290990255	-0.0009765625
2	0	3	1	0	709744.198570702	-0.0009765625
2	0	4	1	0	709983.8158174146	-0.0009765625
2	0	0	1	1	709856.1895568923	-0.0009765625
2	0	1	1	1	710621.3697966519	-0.0009765625
2	0	2	1	1	711336.166417155	-0.0009765625
2	0	3	1	1	711752.9715493146	-0.0009765625
2	0	4	1	1	710260.8452271799	-0.0009765625
2	0	0	1	2	-0.584400260776049	1.000000
2	0	1	1	2	-0.564084898220184	1.000000
2	0	2	1	2	0.3141610249705385	1.000000
2	0	3	1	2	-0.060341277067757874	1.000000
2	0	4	1	2	-0.5823012211315696	1.000000
2	0	0	0	0	150.93215333762038	231.82219061889
2	0	1	0	0	192.37147178423805	248.152415441264
2	0	2	0	0	133.68536063094993	213.81085581121485
2	0	3	0	0	173.87669897278323	231.5883230237566
2	0	4	0	0	156.04989349180292	234.35822336436868
2	0	0	0	1	208.57493998912065	274.8114256312479
2	0	1	0	1	166.55209809387844	210.33162698121254
2	0	2	0	1	169.69454405445234	230.65621864033585
2	0	3	0	1	147.89550253897195	205.59449440889978
2	0	4	0	1	152.59117097167683	201.2781773316056
3	0	0	0	0	266.178	11.20
3	0	1	0	0	2.53461e+02	10.48
3	0	2	0	0	2.78174e+02	9.01
3	0	3	0	0	2.59813e+02	10.40
3	0	4	0	0	2.74993e+02	10.27
4	0	0	1	0	1.1135274e+03	-9.765625e-04
4	0	0	1	1	1.1135274e+03	-9.765625e-04
4	0	0	0	0	1.3455566e+02	1.4793803e-02
4	0	0	0	1	1.4484381e+02	1.0429227e-02
4	0	0	1	2	0	1
5	0	0	1	0	2.4000000e+06	-9.765625e-04
5	0	1	1	0	2.4000000e+06	-9.765625e-04
5	0	2	1	0	2.4000000e+06	-9.765625e-04
5	0	0	1	1	2.4000000e+06	-9.765625e-04
5	0	1	1	1	2.4000000e+06	-9.765625e-04
5	0	2	1	1	2.4000000e+06	-9.765625e-04
5	0	0	0	0	1.0000000e+02	1.0000000e-02
5	0	1	0	0	1.0000000e+02	1.0000000e-02
5	0	2	0	0	1.0000000e+02	1.0000000e-02
5	0	0	0	1	1.0000000e+02	1.0000000e-02
5	0	1	0	1	1.0000000e+02	1.0000000e-02
5	0	2	0	1	1.0000000e+02	1.0000000e-02
6	0	0	1	0	723000.0	-0.0009765625
6	0	1	1	0	723000.0	-0.0009765625
6	0	2	1	0	723000.0	-0.0009765625
6	0	3	1	0	723000.0	-0.0009765625
6	0	4	1	0	723000.0	-0.0009765625
6	0	5	1	0	723000.0	-0.0009765625
6	0	6	1	0	723000.0	-0.0009765625
6	0	7	1	0	723000.0	-0.0009765625
6	0	8	1	0	723000.0	-0.0009765625
6	0	9	1	0	723000.0	-0.0009765625
6	0	10	1	0	723000.0	-0.0009765625
6	0	11	1	0	723000.0	-0.0009765625
6	0	12	1	0	723000.0	-0.0009765625
6	0	13	1	0	723000.0	-0.0009765625
6	0	14	1	0	723000.0	-0.0009765625
6	0	0	1	1	723000.0	-0.0009765625
6	0	1	1	1	723000.0	-0.0009765625
6	0	2	1	1	723000.0	-0.0009765625
6	0	3	1	1	723000.0	-0.0009765625
6	0	4	1	1	723000.0	-0.0009765625
6	0	5	1	1	723000.0	-0.0009765625
6	0	6	1	1	723000.0	-0.0009765625
6	0	7	1	1	723000.0	-0.0009765625
6	0	8	1	1	723000.0	-0.0009765625
6	0	9	1	1	723000.0	-0.0009765625
6	0	10	1	1	723000.0	-0.0009765625
6	0	11	1	1	723000.0	-0.0009765625
6	0	12	1	1	723000.0	-0.0009765625
6	0	13	1	1	723000.0	-0.0009765625
6	0	14	1	1	723000.0	-0.0009765625
6	0	0	0	0	176.87459709691467	302.64681626858885
6	0	1	0	0	166.47637548086942	294.6154043277835
6	0	2	0	0	173.63436038169147	305.9628870370267
6	0	3	0	0	137.1369821564598	266.52206459600404
6	0	4	0	0	194.80090867670162	243.72167583115765
6	0	5	0	0	158.94915485824285	268.3832544193722
6	0	6	0	0	145.84728428398358	244.41684362820544
6	0	7	0	0	185.5085992606956	289.83485580185373
6	0	8	0	0	196.1060434929931	300.2652346169874
6	0	9	0	0	160.87962304676083	256.3737680506883
6	0	10	0	0	152.76343859967653	272.3632343655031
6	0	11	0	0	152.76343859967653	272.3632343655031
6	0	12	0	0	152.76343859967653	272.3632343655031
6	0	13	0	0	152.76343859967653	272.3632343655031
6	0	14	0	0	152.76343859967653	272.3632343655031
6	0	0	0	1	161.7940491882242	284.6284259939546
6	0	1	0	1	159.73720392485487	266.5033207466212
6	0	2	0	1	160.17858987240714	288.0127567624743
6	0	3	0	1	138.45242338081312	266.555380373179
6	0	4	0	1	139.79570369954618	244.30670935249202
6	0	5	0	1	165.3278219102128	214.46850039709557
6	0	6	0	1	144.50768480800133	236.0116474714329
6	0	7	0	1	172.20632593780363	275.55940814150085
6	0	8	0	1	150.90566497071654	252.06442851673526
6	0	9	0	1	163.9589984933376	263.1766113416965
6	0	10	0	1	163.9589984933376	263.1766113416965
6	0	11	0	1	163.9589984933376	263.1766113416965
6	0	12	0	1	163.9589984933376	263.1766113416965
6	0	13	0	1	163.9589984933376	263.1766113416965
6	0	14	0	1	163.9589984933376	263.1766113416965
6	0	10	0	1	165.67114549190677	270.8614500103574
7	0	18	1	0	716532.3880215752	-0.0009765625
7	0	19	1	0	714376.2359867562	-0.0009765625
7	0	20	1	0	714637.358819268	-0.0009765625
7	0	21	1	0	714305.063832713	-0.0009765625
7	0	18	1	1	718342.1321366748	-0.0009765625
7	0	19	1	1	715875.9114529734	-0.0009765625
7	0	20	1	1	715739.4841686256	-0.0009765625
7	0	21	1	1	714468.5611124098	-0.0009765625
7	0	18	0	0	193.96595729958588	501.4324245464367
7	0	19	0	0	172.35169396707693	439.204125641947
7	0	20	0	0	165.37048590079658	486.3008753765108
7	0	21	0	0	173.28085408023904	413.66619317837245
7	0	18	0	1	161.00882437719017	599.313
7	0	19	0	1	176.00556786008346	435.1282888253116
7	0	20	0	1	190.29057469285203	415.58616547108795
7	0	21	0	1	168.96279590281577	409.9269377458137
14	0	0	1	0	1.1516939e+03	-9.765625e-04
14	0	1	1	0	1.1505109e+03	-9.765625e-04
14	0	2	1	0	1.1517815e+03	-9.765625e-04
14	0	3	1	0	1.1519986e+03	-9.765625e-04
14	0	4	1	0	1.1515077e+03	-9.765625e-04
14	0	5	1	0	1.1516939e+03	-9.765625e-04
14	0	6	1	0	1.1505109e+03	-9.765625e-04
14	0	7	1	0	1.1517815e+03	-9.765625e-04
14	0	8	1	0	1.1519986e+03	-9.765625e-04
14	0	9	1	0	1.1515077e+03	-9.765625e-04
14	0	0	1	1	1.1516939e+03	-9.765625e-04
14	0	1	1	1	1.1516409e+03	-9.765625e-04
14	0	2	1	1	1.1510315e+03	-9.765625e-04
14	0	3	1	1	1.1508686e+03	-9.765625e-04
14	0	4	1	1	1.1503777e+03	-9.765625e-04
14	0	5	1	1	1.1516939e+03	-9.765625e-04
14	0	6	1	1	1.1516409e+03	-9.765625e-04
14	0	7	1	1	1.1510315e+03	-9.765625e-04
14	0	8	1	1	1.1508686e+03	-9.765625e-04
14	0	9	1	1	1.1503777e+03	-9.765625e-04
14	0	0	0	0	1.4147819e+02	2.5585663e-03
14	0	1	0	0	1.5941157e+02	2.6910202e-03
14	0	2	0	0	1.5686004e+02	2.6473237e-03
14	0	3	0	0	1.5012841e+02	2.6670343e-03
14	0	4	0	0	1.7056421e+02	2.8190462e-03
14	0	5	0	0	1.4147819e+02	2.5585663e-03
14	0	6	0	0	1.5941157e+02	2.6910202e-03
14	0	7	0	0	1.5686004e+02	2.6473237e-03
14	0	8	0	0	1.5012841e+02	2.6670343e-03
14	0	9	0	0	1.7056421e+02	2.8190462e-03
14	0	0	0	1	1.6685622e+02	2.5826743e-03
14	0	1	0	1	1.5909794e+02	2.5546385e-03
14	0	2	0	1	1.8952484e+02	2.3969571e-03
14	0	3	0	1	1.5981575e+02	2.6580803e-03
14	0	4	0	1	1.8179661e+02	3.6934399e-03
14	0	5	0	1	1.6685622e+02	2.5826743e-03
14	0	6	0	1	1.5909794e+02	2.5546385e-03
14	0	7	0	1	1.8952484e+02	2.3969571e-03
14	0	8	0	1	1.5981575e+02	2.6580803e-03
14	0	9	0	1	1.8179661e+02	3.6934399e-03
29	0	0	1	0	1.1260951e+03	-9.765625e-04
29	0	1	1	0	1.1264033e+03	-9.765625e-04
29	0	2	1	0	1.1250364e+03	-9.765625e-04
29	0	3	1	0	1.1263489e+03	-9.765625e-04
29	0	4	1	0	1.1258471e+03	-9.765625e-04
29	0	5	1	0	1.1261934e+03	-9.765625e-04
29	0	6	1	0	1.1265176e+03	-9.765625e-04
29	0	7	1	0	1.1257841e+03	-9.765625e-04
29	0	8	1	0	1.1263021e+03	-9.765625e-04
29	0	9	1	0	1.1268120e+03	-9.765625e-04
29	0	10	1	0	1.1265051e+03	-9.765625e-04
29	0	11	1	0	1.1268843e+03	-9.765625e-04
29	0	12	1	0	1.1254204e+03	-9.765625e-04
29	0	13	1	0	1.1266765e+03	-9.765625e-04
29	0	14	1	0	1.1250526e+03	-9.765625e-04
29	0	15	1	0	1.1249840e+03	-9.765625e-04
29	0	16	1	0	1.1257428e+03	-9.765625e-04
29	0	17	1	0	1.1263799e+03	-9.765625e-04
29	0	18	1	0	1.1250398e+03	-9.765625e-04
29	0	19	1	0	1.1262817e+03	-9.765625e-04
29	0	20	1	0	1.1258041e+03	-9.765625e-04
29	0	21	1	0	1.1257534e+03	-9.765625e-04
29	0	22	1	0	1.1249550e+03	-9.765625e-04
29	0	23	1	0	1.1251210e+03	-9.765625e-04
29	0	24	1	0	1.1262235e+03	-9.765625e-04
29	0	25	1	0	1.1269891e+03	-9.765625e-04
29	0	26	1	0	1.1246155e+03	-9.765625e-04
29	0	27	1	0	1.1246086e+03	-9.765625e-04
29	0	28	1	0	1.1251069e+03	-9.765625e-04
29	0	29	1	0	1.1239503e+03	-9.765625e-04
29	0	30	1	0	1.1242300e+03	-9.765625e-04
29	0	31	1	0	1.1255904e+03	-9.765625e-04
29	0	32	1	0	1.1255331e+03	-9.765625e-04
29	0	33	1	0	1.1261292e+03	-9.765625e-04
29	0	34	1	0	1.1256456e+03	-9.765625e-04
29	0	35	1	0	1.1259411e+03	-9.765625e-04
29	0	36	1	0	1.1250893e+03	-9.765625e-04
29	0	37	1	0	1.1261153e+03	-9.765625e-04
29	0	38	1	0	1.1267243e+03	-9.765625e-04
29	0	39	1	0	1.1255763e+03	-9.765625e-04
29	0	0	0	0	1.4182021e+02	1.6489300e-02
29	0	1	0	0	1.8189310e+02	1.6531100e-02
29	0	2	0	0	1.2139587e+02	1.6685600e-02
29	0	3	0	0	1.6137675e+02	1.6726200e-02
29	0	4	0	0	1.4422073e+02	1.6197300e-02
29	0	5	0	0	1.6299567e+02	1.6512600e-02
29	0	6	0	0	1.5565983e+02	1.6085800e-02
29	0	7	0	0	1.5785925e+02	1.6571500e-02
29	0	8	0	0	1.6410944e+02	1.6521200e-02
29	0	9	0	0	1.6770263e+02	1.6215700e-02
29	0	10	0	0	1.8288110e+02	1.6446400e-02
29	0	11	0	0	1.6584233e+02	1.6818200e-02
29	0	12	0	0	1.5798020e+02	1.6475300e-02
29	0	13	0	0	1.5316461e+02	1.6796400e-02
29	0	14	0	0	1.9187741e+02	1.6356500e-02
29	0	15	0	0	1.8606579e+02	1.6529800e-02
29	0	16	0	0	1.4537941e+02	1.6844400e-02
29	0	17	0	0	1.3403618e+02	1.6552700e-02
29	0	18	0	0	1.4276013e+02	1.6840100e-02
29	0	19	0	0	1.1465025e+02	1.6764400e-02
29	0	20	0	0	1.4179194e+02	1.6906500e-02
29	0	21	0	0	1.3318418e+02	1.6826300e-02
29	0	22	0	0	1.2761984e+02	1.6831700e-02
29	0	23	0	0	1.3970114e+02	1.6566900e-02
29	0	24	0	0	1.4557566e+02	1.6765800e-02
29	0	25	0	0	1.3885728e+02	1.6918100e-02
29	0	26	0	0	1.4382979e+02	1.7011800e-02
29	0	27	0	0	1.5019764e+02	1.7160100e-02
29	0	28	0	0	1.3747409e+02	1.6858500e-02
29	0	29	0	0	1.3780593e+02	1.6615100e-02
29	0	30	0	0	1.4631089e+02	1.6892600e-02
29	0	31	0	0	1.6090892e+02	1.6851200e-02
29	0	32	0	0	1.2820325e+02	1.7044500e-02
29	0	33	0	0	1.2931956e+02	1.6682800e-02
29	0	34	0	0	1.1446932e+02	1.6882200e-02
29	0	35	0	0	1.3175656e+02	1.6954100e-02
29	0	36	0	0	1.4097202e+02	1.6870000e-02
29	0	37	0	0	1.2140085e+02	1.6510100e-02
29	0	38	0	0	1.2524563e+02	1.6811500e-02
29	0	39	0	0	1.4423502e+02	1.1831200e-02
30	0	0	1	0	1.1260951e+03	-9.765625e-04
30	0	1	1	0	1.1264033e+03	-9.765625e-04
30	0	2	1	0	1.1250364e+03	-9.765625e-04
30	0	3	1	0	1.1263489e+03	-9.765625e-04
30	0	4	1	0	1.1258471e+03	-9.765625e-04
30	0	5	1	0	1.1261934e+03	-9.765625e-04
30	0	6	1	0	1.1265176e+03	-9.765625e-04
30	0	7	1	0	1.1257841e+03	-9.765625e-04
30	0	8	1	0	1.1263021e+03	-9.765625e-04
30	0	9	1	0	1.1268120e+03	-9.765625e-04
30	0	10	1	0	1.1265051e+03	-9.765625e-04
30	0	11	1	0	1.1268843e+03	-9.765625e-04
30	0	12	1	0	1.1254204e+03	-9.765625e-04
30	0	13	1	0	1.1266765e+03	-9.765625e-04
30	0	14	1	0	1.1250526e+03	-9.765625e-04
30	0	15	1	0	1.1249840e+03	-9.765625e-04
30	0	16	1	0	1.1257428e+03	-9.765625e-04
30	0	17	1	0	1.1263799e+03	-9.765625e-04
30	0	18	1	0	1.1250398e+03	-9.765625e-04
30	0	19	1	0	1.1262817e+03	-9.765625e-04
30	0	20	1	0	1.1258041e+03	-9.765625e-04
30	0	21	1	0	1.1257534e+03	-9.765625e-04
30	0	22	1	0	1.1249550e+03	-9.765625e-04
30	0	23	1	0	1.1251210e+03	-9.765625e-04
30	0	24	1	0	1.1262235e+03	-9.765625e-04
30	0	25	1	0	1.1269891e+03	-9.765625e-04
30	0	26	1	0	1.1246155e+03	-9.765625e-04
30	0	27	1	0	1.1246086e+03	-9.765625e-04
30	0	28	1	0	1.1251069e+03	-9.765625e-04
30	0	29	1	0	1.1239503e+03	-9.765625e-04
30	0	30	1	0	1.1242300e+03	-9.765625e-04
30	0	31	1	0	1.1255904e+03	-9.765625e-04
30	0	32	1	0	1.1255331e+03	-9.765625e-04
30	0	33	1	0	1.1261292e+03	-9.765625e-04
30	0	34	1	0	1.1256456e+03	-9.765625e-04
30	0	35	1	0	1.1259411e+03	-9.765625e-04
30	0	0	0	0	1.7369581e+02	1.6489300e-02
30	0	1	0	0	1.4595371e+02	1.6531100e-02
30	0	2	0	0	1.5056288e+02	1.6685600e-02
30	0	3	0	0	1.5080512e+02	1.6726200e-02
30	0	4	0	0	1.7291166e+02	1.6197300e-02
30	0	5	0	0	1.5007076e+02	1.6512600e-02
30	0	6	0	0	1.4781535e+02	1.6085800e-02
30	0	7	0	0	1.6825771e+02	1.6571500e-02
30	0	8	0	0	1.7979893e+02	1.6521200e-02
30	0	9	0	0	1.3938351e+02	1.6215700e-02
30	0	10	0	0	1.2691377e+02	1.6446400e-02
30	0	11	0	0	1.3827764e+02	1.6818200e-02
30	0	12	0	0	1.4281123e+02	1.6475300e-02
30	0	13	0	0	1.6095515e+02	1.6796400e-02
30	0	14	0	0	1.6540689e+02	1.6356500e-02
30	0	15	0	0	1.6727086e+02	1.6529800e-02
30	0	16	0	0	1.4964277e+02	1.6844400e-02
30	0	17	0	0	1.3489770e+02	1.6552700e-02
30	0	18	0	0	1.5164858e+02	1.6840100e-02
30	0	19	0	0	1.4912344e+02	1.6764400e-02
30	0	20	0	0	1.2866910e+02	1.6906500e-02
30	0	21	0	0	1.5159302e+02	1.6826300e-02
30	0	22	0	0	1.4650098e+02	1.6831700e-02
30	0	23	0	0	1.5634696e+02	1.6566900e-02
30	0	24	0	0	1.3862012e+02	1.6765800e-02
30	0	25	0	0	1.3775768e+02	1.6918100e-02
30	0	26	0	0	1.6656065e+02	1.7011800e-02
30	0	27	0	0	1.4357643e+02	1.7160100e-02
30	0	28	0	0	1.5713475e+02	1.6858500e-02
30	0	29	0	0	1.3213953e+02	1.6615100e-02
30	0	30	0	0	1.5687091e+02	1.6892600e-02
30	0	31	0	0	1.7061639e+02	1.6851200e-02
30	0	32	0	0	1.4084888e+02	1.7044500e-02
30	0	33	0	0	1.6019194e+02	1.6682800e-02
30	0	34	0	0	1.5711909e+02	1.6882200e-02
30	0	35	0	0	1.4019184e+02	1.6954100e-02
31	0	0	1	0	1.1035179e+03	-9.765625e-04
31	0	1	1	0	1.1026804e+03	-9.765625e-04
31	0	2	1	0	1.1205921e+03	-9.765625e-04
31	0	3	1	0	1.1201746e+03	-9.765625e-04
31	0	0	1	1	1.1038979e+03	-9.765625e-04
31	0	1	1	1	1.1030604e+03	-9.765625e-04
31	0	2	1	1	1.1209721e+03	-9.765625e-04
31	0	3	1	1	1.1205546e+03	-9.765625e-04
31	0	0	0	0	1.5914115e+02	5.0362411e-03
31	0	1	0	0	1.5256647e+02	8.5572670e-03
31	0	2	0	0	1.2096903e+02	3.1264105e-02
31	0	3	0	0	1.3918041e+02	3.3846425e-02
31	0	0	0	1	1.5315950e+02	1.2504080e-02
31	0	1	0	1	1.4100417e+02	1.8239293e-02
31	0	2	0	1	1.2396189e+02	2.8629800e-02
31	0	3	0	1	1.3000150e+02	3.5752342e-02
32	0	0	1	0	1.1035179e+03	-9.765625e-04
32	0	1	1	0	1.1026804e+03	-9.765625e-04
32	0	2	1	0	1.1205921e+03	-9.765625e-04
32	0	3	1	0	1.1201746e+03	-9.765625e-04
32	0	4	1	0	1.1205921e+03	-9.765625e-04
32	0	5	1	0	1.1201746e+03	-9.765625e-04
32	0	0	1	1	1.1038979e+03	-9.765625e-04
32	0	1	1	1	1.1030604e+03	-9.765625e-04
32	0	2	1	1	1.1209721e+03	-9.765625e-04
32	0	3	1	1	1.1205546e+03	-9.765625e-04
32	0	4	1	1	1.1209721e+03	-9.765625e-04
32	0	5	1	1	1.1205546e+03	-9.765625e-04
32	0	0	0	0	1.5914115e+02	5.0362411e-03
32	0	1	0	0	1.5256647e+02	8.5572670e-03
32	0	2	0	0	1.2096903e+02	3.1264105e-02
32	0	3	0	0	1.3918041e+02	3.3846425e-02
32	0	4	0	0	1.2096903e+02	3.1264105e-02
32	0	5	0	0	1.3918041e+02	3.3846425e-02
32	0	0	0	1	1.5315950e+02	1.2504080e-02
32	0	1	0	1	1.4100417e+02	1.8239293e-02
32	0	2	0	1	1.2396189e+02	2.8629800e-02
32	0	3	0	1	1.3000150e+02	3.5752342e-02
32	0	4	0	1	1.2396189e+02	2.8629800e-02
32	0	5	0	1	1.3000150e+02	3.5752342e-02
33	0	0	1	0	1.1089781e+03	-9.765625e-04
33	0	1	1	0	1.1084875e+03	-9.765625e-04
33	0	0	1	1	1.1089781e+03	-9.765625e-04
33	0	1	1	1	1.1084875e+03	-9.765625e-04
33	0	0	0	0	1.4405114e+02	2.5136606e-02
33	0	1	0	0	1.4047746e+02	2.7119590e-02
33	0	0	0	1	1.4156548e+02	4.4306895e-02
33	0	1	0	1	1.1907953e+02	5.4229676e-02
99	0	0	1	0	7.3208300e+02	-8.3333300e-01
99	0	1	1	0	7.3208300e+02	-8.3333300e-01
99	0	2	1	0	7.7291600e+02	-8.3333300e-01
99	0	3	1	0	7.5791600e+02	-8.3333300e-01
99	0	4	1	0	7.6041600e+02	-8.3333300e-01
99	0	5	1	0	7.5791600e+02	-8.3333300e-01
99	0	6	1	0	7.5208300e+02	-8.3333300e-01
99	0	7	1	0	7.5208300e+02	-8.3333300e-01
99	0	8	1	0	7.5625000e+02	-8.3333300e-01
99	0	9	1	0	7.5291600e+02	-8.3333300e-01
99	0	10	1	0	7.5208300e+02	-8.3333300e-01
99	0	11	1	0	7.5291600e+02	-8.3333300e-01
99	0	12	1	0	7.4458300e+02	-8.3333300e-01
99	0	13	1	0	7.4375000e+02	-8.3333300e-01
99	0	14	1	0	7.5000000e+02	-8.3333300e-01
99	0	15	1	0	7.5000000e+02	-8.3333300e-01
99	0	16	1	0	7.5208300e+02	-8.3333300e-01
99	0	17	1	0	7.5208300e+02	-8.3333300e-01
99	0	18	1	0	7.5625000e+02	-8.3333300e-01
99	0	19	1	0	7.5291600e+02	-8.3333300e-01
99	0	20	1	0	7.5208300e+02	-8.3333300e-01
99	0	21	1	0	7.5291600e+02	-8.3333300e-01
99	0	22	1	0	7.4458300e+02	-8.3333300e-01
99	0	23	1	0	7.4375000e+02	-8.3333300e-01
99	0	24	1	0	7.5000000e+02	-8.3333300e-01
99	0	25	1	0	7.5000000e+02	-8.3333300e-01
99	0	26	1	0	7.5208300e+02	-8.3333300e-01
99	0	27	1	0	7.5208300e+02	-8.3333300e-01
99	0	28	1	0	7.5625000e+02	-8.3333300e-01
99	0	29	1	0	7.5291600e+02	-8.3333300e-01
99	0	30	1	0	7.5208300e+02	-8.3333300e-01
99	0	31	1	0	7.5291600e+02	-8.3333300e-01
