#Cid	Plid	WireId	p0	p1
101	0	0	1159.5588576332707	-0.8333333333
101	0	1	1159.5588576332707	-0.8333333333
101	0	2	1159.5588576332707	-0.8333333333
101	0	3	1159.5588576332707	-0.8333333333
101	0	4	1159.5588576332707	-0.8333333333
101	0	5	1159.5588576332707	-0.8333333333
101	0	6	1159.5588576332707	-0.8333333333
101	0	7	1159.5588576332707	-0.8333333333
101	0	8	1159.5588576332707	-0.8333333333
101	0	9	1159.5588576332707	-0.8333333333
101	0	10	1159.5588576332707	-0.8333333333
101	0	11	1159.5588576332707	-0.8333333333
101	0	12	1159.5588576332707	-0.8333333333
101	0	13	1159.5588576332707	-0.8333333333
101	0	14	1159.5588576332707	-0.8333333333
101	0	15	1159.5588576332707	-0.8333333333
101	0	16	1160.0318932343246	-0.8333333333
101	0	17	1160.0318932343246	-0.8333333333
101	0	18	1160.0318932343246	-0.8333333333
101	0	19	1160.0318932343246	-0.8333333333
101	0	20	1160.0318932343246	-0.8333333333
101	0	21	1160.0318932343246	-0.8333333333
101	0	22	1160.0318932343246	-0.8333333333
101	0	23	1160.0318932343246	-0.8333333333
101	0	24	1160.0318932343246	-0.8333333333
101	0	25	1160.0318932343246	-0.8333333333
101	0	26	1160.0318932343246	-0.8333333333
101	0	27	1160.0318932343246	-0.8333333333
101	0	28	1160.0318932343246	-0.8333333333
101	0	29	1160.0318932343246	-0.8333333333
101	0	30	1160.0318932343246	-0.8333333333
101	0	31	1160.0318932343246	-0.8333333333
101	1	0	1157.7043651571614	-0.8333333333
101	1	1	1157.7043651571614	-0.8333333333
101	1	2	1157.7043651571614	-0.8333333333
101	1	3	1157.7043651571614	-0.8333333333
101	1	4	1157.7043651571614	-0.8333333333
101	1	5	1157.7043651571614	-0.8333333333
101	1	6	1157.7043651571614	-0.8333333333
101	1	7	1157.7043651571614	-0.8333333333
101	1	8	1157.7043651571614	-0.8333333333
101	1	9	1157.7043651571614	-0.8333333333
101	1	10	1157.7043651571614	-0.8333333333
101	1	11	1157.7043651571614	-0.8333333333
101	1	12	1157.7043651571614	-0.8333333333
101	1	13	1157.7043651571614	-0.8333333333
101	1	14	1157.7043651571614	-0.8333333333
101	1	15	1157.7043651571614	-0.8333333333
101	1	16	1158.7080948024402	-0.8333333333
101	1	17	1158.7080948024402	-0.8333333333
101	1	18	1158.7080948024402	-0.8333333333
101	1	19	1158.7080948024402	-0.8333333333
101	1	20	1158.7080948024402	-0.8333333333
101	1	21	1158.7080948024402	-0.8333333333
101	1	22	1158.7080948024402	-0.8333333333
101	1	23	1158.7080948024402	-0.8333333333
101	1	24	1158.7080948024402	-0.8333333333
101	1	25	1158.7080948024402	-0.8333333333
101	1	26	1158.7080948024402	-0.8333333333
101	1	27	1158.7080948024402	-0.8333333333
101	1	28	1158.7080948024402	-0.8333333333
101	1	29	1158.7080948024402	-0.8333333333
101	1	30	1158.7080948024402	-0.8333333333
101	1	31	1158.7080948024402	-0.8333333333
101	2	0	1161.850349516545	-0.8333333333
101	2	1	1161.850349516545	-0.8333333333
101	2	2	1161.850349516545	-0.8333333333
101	2	3	1161.850349516545	-0.8333333333
101	2	4	1161.850349516545	-0.8333333333
101	2	5	1161.850349516545	-0.8333333333
101	2	6	1161.850349516545	-0.8333333333
101	2	7	1161.850349516545	-0.8333333333
101	2	8	1161.850349516545	-0.8333333333
101	2	9	1161.850349516545	-0.8333333333
101	2	10	1161.850349516545	-0.8333333333
101	2	11	1161.850349516545	-0.8333333333
101	2	12	1161.850349516545	-0.8333333333
101	2	13	1161.850349516545	-0.8333333333
101	2	14	1161.850349516545	-0.8333333333
101	2	15	1161.850349516545	-0.8333333333
101	2	16	1160.7403277241422	-0.8333333333
101	2	17	1160.7403277241422	-0.8333333333
101	2	18	1160.7403277241422	-0.8333333333
101	2	19	1160.7403277241422	-0.8333333333
101	2	20	1160.7403277241422	-0.8333333333
101	2	21	1160.7403277241422	-0.8333333333
101	2	22	1160.7403277241422	-0.8333333333
101	2	23	1160.7403277241422	-0.8333333333
101	2	24	1160.7403277241422	-0.8333333333
101	2	25	1160.7403277241422	-0.8333333333
101	2	26	1160.7403277241422	-0.8333333333
101	2	27	1160.7403277241422	-0.8333333333
101	2	28	1160.7403277241422	-0.8333333333
101	2	29	1160.7403277241422	-0.8333333333
101	2	30	1160.7403277241422	-0.8333333333
101	2	31	1160.7403277241422	-0.8333333333
101	3	0	1160.3370530410684	-0.8333333333
101	3	1	1160.3370530410684	-0.8333333333
101	3	2	1160.3370530410684	-0.8333333333
101	3	3	1160.3370530410684	-0.8333333333
101	3	4	1160.3370530410684	-0.8333333333
101	3	5	1160.3370530410684	-0.8333333333
101	3	6	1160.3370530410684	-0.8333333333
101	3	7	1160.3370530410684	-0.8333333333
101	3	8	1160.3370530410684	-0.8333333333
101	3	9	1160.3370530410684	-0.8333333333
101	3	10	1160.3370530410684	-0.8333333333
101	3	11	1160.3370530410684	-0.8333333333
101	3	12	1160.3370530410684	-0.8333333333
101	3	13	1160.3370530410684	-0.8333333333
101	3	14	1160.3370530410684	-0.8333333333
101	3	15	1160.3370530410684	-0.8333333333
101	3	16	1160.4311501672817	-0.8333333333
101	3	17	1160.4311501672817	-0.8333333333
101	3	18	1160.4311501672817	-0.8333333333
101	3	19	1160.4311501672817	-0.8333333333
101	3	20	1160.4311501672817	-0.8333333333
101	3	21	1160.4311501672817	-0.8333333333
101	3	22	1160.4311501672817	-0.8333333333
101	3	23	1160.4311501672817	-0.8333333333
101	3	24	1160.4311501672817	-0.8333333333
101	3	25	1160.4311501672817	-0.8333333333
101	3	26	1160.4311501672817	-0.8333333333
101	3	27	1160.4311501672817	-0.8333333333
101	3	28	1160.4311501672817	-0.8333333333
101	3	29	1160.4311501672817	-0.8333333333
101	3	30	1160.4311501672817	-0.8333333333
101	3	31	1160.4311501672817	-0.8333333333
101	4	0	1159.6154135075105	-0.8333333333
101	4	1	1159.6154135075105	-0.8333333333
101	4	2	1159.6154135075105	-0.8333333333
101	4	3	1159.6154135075105	-0.8333333333
101	4	4	1159.6154135075105	-0.8333333333
101	4	5	1159.6154135075105	-0.8333333333
101	4	6	1159.6154135075105	-0.8333333333
101	4	7	1159.6154135075105	-0.8333333333
101	4	8	1159.6154135075105	-0.8333333333
101	4	9	1159.6154135075105	-0.8333333333
101	4	10	1159.6154135075105	-0.8333333333
101	4	11	1159.6154135075105	-0.8333333333
101	4	12	1159.6154135075105	-0.8333333333
101	4	13	1159.6154135075105	-0.8333333333
101	4	14	1159.6154135075105	-0.8333333333
101	4	15	1159.6154135075105	-0.8333333333
101	4	16	1159.6466515856107	-0.8333333333
101	4	17	1159.6466515856107	-0.8333333333
101	4	18	1159.6466515856107	-0.8333333333
101	4	19	1159.6466515856107	-0.8333333333
101	4	20	1159.6466515856107	-0.8333333333
101	4	21	1159.6466515856107	-0.8333333333
101	4	22	1159.6466515856107	-0.8333333333
101	4	23	1159.6466515856107	-0.8333333333
101	4	24	1159.6466515856107	-0.8333333333
101	4	25	1159.6466515856107	-0.8333333333
101	4	26	1159.6466515856107	-0.8333333333
101	4	27	1159.6466515856107	-0.8333333333
101	4	28	1159.6466515856107	-0.8333333333
101	4	29	1159.6466515856107	-0.8333333333
101	4	30	1159.6466515856107	-0.8333333333
101	4	31	1159.6466515856107	-0.8333333333
101	5	0	1156.6408799426097	-0.8333333333
101	5	1	1156.6408799426097	-0.8333333333
101	5	2	1156.6408799426097	-0.8333333333
101	5	3	1156.6408799426097	-0.8333333333
101	5	4	1156.6408799426097	-0.8333333333
101	5	5	1156.6408799426097	-0.8333333333
101	5	6	1156.6408799426097	-0.8333333333
101	5	7	1156.6408799426097	-0.8333333333
101	5	8	1156.6408799426097	-0.8333333333
101	5	9	1156.6408799426097	-0.8333333333
101	5	10	1156.6408799426097	-0.8333333333
101	5	11	1156.6408799426097	-0.8333333333
101	5	12	1156.6408799426097	-0.8333333333
101	5	13	1156.6408799426097	-0.8333333333
101	5	14	1156.6408799426097	-0.8333333333
101	5	15	1156.6408799426097	-0.8333333333
101	5	16	1158.0051993622906	-0.8333333333
101	5	17	1158.0051993622906	-0.8333333333
101	5	18	1158.0051993622906	-0.8333333333
101	5	19	1158.0051993622906	-0.8333333333
101	5	20	1158.0051993622906	-0.8333333333
101	5	21	1158.0051993622906	-0.8333333333
101	5	22	1158.0051993622906	-0.8333333333
101	5	23	1158.0051993622906	-0.8333333333
101	5	24	1158.0051993622906	-0.8333333333
101	5	25	1158.0051993622906	-0.8333333333
101	5	26	1158.0051993622906	-0.8333333333
101	5	27	1158.0051993622906	-0.8333333333
101	5	28	1158.0051993622906	-0.8333333333
101	5	29	1158.0051993622906	-0.8333333333
101	5	30	1158.0051993622906	-0.8333333333
101	5	31	1158.0051993622906	-0.8333333333
101	6	0	1160.7389208239329	-0.8333333333
101	6	1	1160.7389208239329	-0.8333333333
101	6	2	1160.7389208239329	-0.8333333333
101	6	3	1160.7389208239329	-0.8333333333
101	6	4	1160.7389208239329	-0.8333333333
101	6	5	1160.7389208239329	-0.8333333333
101	6	6	1160.7389208239329	-0.8333333333
101	6	7	1160.7389208239329	-0.8333333333
101	6	8	1160.7389208239329	-0.8333333333
101	6	9	1160.7389208239329	-0.8333333333
101	6	10	1160.7389208239329	-0.8333333333
101	6	11	1160.7389208239329	-0.8333333333
101	6	12	1160.7389208239329	-0.8333333333
101	6	13	1160.7389208239329	-0.8333333333
101	6	14	1160.7389208239329	-0.8333333333
101	6	15	1160.7389208239329	-0.8333333333
101	6	16	1161.2497971438388	-0.8333333333
101	6	17	1161.2497971438388	-0.8333333333
101	6	18	1161.2497971438388	-0.8333333333
101	6	19	1161.2497971438388	-0.8333333333
101	6	20	1161.2497971438388	-0.8333333333
101	6	21	1161.2497971438388	-0.8333333333
101	6	22	1161.2497971438388	-0.8333333333
101	6	23	1161.2497971438388	-0.8333333333
101	6	24	1161.2497971438388	-0.8333333333
101	6	25	1161.2497971438388	-0.8333333333
101	6	26	1161.2497971438388	-0.8333333333
101	6	27	1161.2497971438388	-0.8333333333
101	6	28	1161.2497971438388	-0.8333333333
101	6	29	1161.2497971438388	-0.8333333333
101	6	30	1161.2497971438388	-0.8333333333
101	6	31	1161.2497971438388	-0.8333333333
101	7	0	1160.6772909638028	-0.8333333333
101	7	1	1160.6772909638028	-0.8333333333
101	7	2	1160.6772909638028	-0.8333333333
101	7	3	1160.6772909638028	-0.8333333333
101	7	4	1160.6772909638028	-0.8333333333
101	7	5	1160.6772909638028	-0.8333333333
101	7	6	1160.6772909638028	-0.8333333333
101	7	7	1160.6772909638028	-0.8333333333
101	7	8	1160.6772909638028	-0.8333333333
101	7	9	1160.6772909638028	-0.8333333333
101	7	10	1160.6772909638028	-0.8333333333
101	7	11	1160.6772909638028	-0.8333333333
101	7	12	1160.6772909638028	-0.8333333333
101	7	13	1160.6772909638028	-0.8333333333
101	7	14	1160.6772909638028	-0.8333333333
101	7	15	1160.6772909638028	-0.8333333333
101	7	16	1160.4227735634624	-0.8333333333
101	7	17	1160.4227735634624	-0.8333333333
101	7	18	1160.4227735634624	-0.8333333333
101	7	19	1160.4227735634624	-0.8333333333
101	7	20	1160.4227735634624	-0.8333333333
101	7	21	1160.4227735634624	-0.8333333333
101	7	22	1160.4227735634624	-0.8333333333
101	7	23	1160.4227735634624	-0.8333333333
101	7	24	1160.4227735634624	-0.8333333333
101	7	25	1160.4227735634624	-0.8333333333
101	7	26	1160.4227735634624	-0.8333333333
101	7	27	1160.4227735634624	-0.8333333333
101	7	28	1160.4227735634624	-0.8333333333
101	7	29	1160.4227735634624	-0.8333333333
101	7	30	1160.4227735634624	-0.8333333333
101	7	31	1160.4227735634624	-0.8333333333
102	0	0	1159.008854648906	-0.8333333333
102	0	1	1159.008854648906	-0.8333333333
102	0	2	1159.008854648906	-0.8333333333
102	0	3	1159.008854648906	-0.8333333333
102	0	4	1159.008854648906	-0.8333333333
102	0	5	1159.008854648906	-0.8333333333
102	0	6	1159.008854648906	-0.8333333333
102	0	7	1159.008854648906	-0.8333333333
102	0	8	1159.008854648906	-0.8333333333
102	0	9	1159.008854648906	-0.8333333333
102	0	10	1159.008854648906	-0.8333333333
102	0	11	1159.008854648906	-0.8333333333
102	0	12	1159.008854648906	-0.8333333333
102	0	13	1159.008854648906	-0.8333333333
102	0	14	1159.008854648906	-0.8333333333
102	0	15	1159.008854648906	-0.8333333333
102	0	16	1158.6309671637491	-0.8333333333
102	0	17	1158.6309671637491	-0.8333333333
102	0	18	1158.6309671637491	-0.8333333333
102	0	19	1158.6309671637491	-0.8333333333
102	0	20	1158.6309671637491	-0.8333333333
102	0	21	1158.6309671637491	-0.8333333333
102	0	22	1158.6309671637491	-0.8333333333
102	0	23	1158.6309671637491	-0.8333333333
102	0	24	1158.6309671637491	-0.8333333333
102	0	25	1158.6309671637491	-0.8333333333
102	0	26	1158.6309671637491	-0.8333333333
102	0	27	1158.6309671637491	-0.8333333333
102	0	28	1158.6309671637491	-0.8333333333
102	0	29	1158.6309671637491	-0.8333333333
102	0	30	1158.6309671637491	-0.8333333333
102	0	31	1158.6309671637491	-0.8333333333
102	1	0	1155.966497330649	-0.8333333333
102	1	1	1155.966497330649	-0.8333333333
102	1	2	1155.966497330649	-0.8333333333
102	1	3	1155.966497330649	-0.8333333333
102	1	4	1155.966497330649	-0.8333333333
102	1	5	1155.966497330649	-0.8333333333
102	1	6	1155.966497330649	-0.8333333333
102	1	7	1155.966497330649	-0.8333333333
102	1	8	1155.966497330649	-0.8333333333
102	1	9	1155.966497330649	-0.8333333333
102	1	10	1155.966497330649	-0.8333333333
102	1	11	1155.966497330649	-0.8333333333
102	1	12	1155.966497330649	-0.8333333333
102	1	13	1155.966497330649	-0.8333333333
102	1	14	1155.966497330649	-0.8333333333
102	1	15	1155.966497330649	-0.8333333333
102	1	16	1156.973958638633	-0.8333333333
102	1	17	1156.973958638633	-0.8333333333
102	1	18	1156.973958638633	-0.8333333333
102	1	19	1156.973958638633	-0.8333333333
102	1	20	1156.973958638633	-0.8333333333
102	1	21	1156.973958638633	-0.8333333333
102	1	22	1156.973958638633	-0.8333333333
102	1	23	1156.973958638633	-0.8333333333
102	1	24	1156.973958638633	-0.8333333333
102	1	25	1156.973958638633	-0.8333333333
102	1	26	1156.973958638633	-0.8333333333
102	1	27	1156.973958638633	-0.8333333333
102	1	28	1156.973958638633	-0.8333333333
102	1	29	1156.973958638633	-0.8333333333
102	1	30	1156.973958638633	-0.8333333333
102	1	31	1156.973958638633	-0.8333333333
102	2	0	1160.2516350081607	-0.8333333333
102	2	1	1160.2516350081607	-0.8333333333
102	2	2	1160.2516350081607	-0.8333333333
102	2	3	1160.2516350081607	-0.8333333333
102	2	4	1160.2516350081607	-0.8333333333
102	2	5	1160.2516350081607	-0.8333333333
102	2	6	1160.2516350081607	-0.8333333333
102	2	7	1160.2516350081607	-0.8333333333
102	2	8	1160.2516350081607	-0.8333333333
102	2	9	1160.2516350081607	-0.8333333333
102	2	10	1160.2516350081607	-0.8333333333
102	2	11	1160.2516350081607	-0.8333333333
102	2	12	1160.2516350081607	-0.8333333333
102	2	13	1160.2516350081607	-0.8333333333
102	2	14	1160.2516350081607	-0.8333333333
102	2	15	1160.2516350081607	-0.8333333333
102	2	16	1158.9977174003623	-0.8333333333
102	2	17	1158.9977174003623	-0.8333333333
102	2	18	1158.9977174003623	-0.8333333333
102	2	19	1158.9977174003623	-0.8333333333
102	2	20	1158.9977174003623	-0.8333333333
102	2	21	1158.9977174003623	-0.8333333333
102	2	22	1158.9977174003623	-0.8333333333
102	2	23	1158.9977174003623	-0.8333333333
102	2	24	1158.9977174003623	-0.8333333333
102	2	25	1158.9977174003623	-0.8333333333
102	2	26	1158.9977174003623	-0.8333333333
102	2	27	1158.9977174003623	-0.8333333333
102	2	28	1158.9977174003623	-0.8333333333
102	2	29	1158.9977174003623	-0.8333333333
102	2	30	1158.9977174003623	-0.8333333333
102	2	31	1158.9977174003623	-0.8333333333
102	3	0	1158.5783047790105	-0.8333333333
102	3	1	1158.5783047790105	-0.8333333333
102	3	2	1158.5783047790105	-0.8333333333
102	3	3	1158.5783047790105	-0.8333333333
102	3	4	1158.5783047790105	-0.8333333333
102	3	5	1158.5783047790105	-0.8333333333
102	3	6	1158.5783047790105	-0.8333333333
102	3	7	1158.5783047790105	-0.8333333333
102	3	8	1158.5783047790105	-0.8333333333
102	3	9	1158.5783047790105	-0.8333333333
102	3	10	1158.5783047790105	-0.8333333333
102	3	11	1158.5783047790105	-0.8333333333
102	3	12	1158.5783047790105	-0.8333333333
102	3	13	1158.5783047790105	-0.8333333333
102	3	14	1158.5783047790105	-0.8333333333
102	3	15	1158.5783047790105	-0.8333333333
102	3	16	1158.8536684887974	-0.8333333333
102	3	17	1158.8536684887974	-0.8333333333
102	3	18	1158.8536684887974	-0.8333333333
102	3	19	1158.8536684887974	-0.8333333333
102	3	20	1158.8536684887974	-0.8333333333
102	3	21	1158.8536684887974	-0.8333333333
102	3	22	1158.8536684887974	-0.8333333333
102	3	23	1158.8536684887974	-0.8333333333
102	3	24	1158.8536684887974	-0.8333333333
102	3	25	1158.8536684887974	-0.8333333333
102	3	26	1158.8536684887974	-0.8333333333
102	3	27	1158.8536684887974	-0.8333333333
102	3	28	1158.8536684887974	-0.8333333333
102	3	29	1158.8536684887974	-0.8333333333
102	3	30	1158.8536684887974	-0.8333333333
102	3	31	1158.8536684887974	-0.8333333333
102	4	0	1159.1588516032466	-0.8333333333
102	4	1	1159.1588516032466	-0.8333333333
102	4	2	1159.1588516032466	-0.8333333333
102	4	3	1159.1588516032466	-0.8333333333
102	4	4	1159.1588516032466	-0.8333333333
102	4	5	1159.1588516032466	-0.8333333333
102	4	6	1159.1588516032466	-0.8333333333
102	4	7	1159.1588516032466	-0.8333333333
102	4	8	1159.1588516032466	-0.8333333333
102	4	9	1159.1588516032466	-0.8333333333
102	4	10	1159.1588516032466	-0.8333333333
102	4	11	1159.1588516032466	-0.8333333333
102	4	12	1159.1588516032466	-0.8333333333
102	4	13	1159.1588516032466	-0.8333333333
102	4	14	1159.1588516032466	-0.8333333333
102	4	15	1159.1588516032466	-0.8333333333
102	4	16	1158.990760022633	-0.8333333333
102	4	17	1158.990760022633	-0.8333333333
102	4	18	1158.990760022633	-0.8333333333
102	4	19	1158.990760022633	-0.8333333333
102	4	20	1158.990760022633	-0.8333333333
102	4	21	1158.990760022633	-0.8333333333
102	4	22	1158.990760022633	-0.8333333333
102	4	23	1158.990760022633	-0.8333333333
102	4	24	1158.990760022633	-0.8333333333
102	4	25	1158.990760022633	-0.8333333333
102	4	26	1158.990760022633	-0.8333333333
102	4	27	1158.990760022633	-0.8333333333
102	4	28	1158.990760022633	-0.8333333333
102	4	29	1158.990760022633	-0.8333333333
102	4	30	1158.990760022633	-0.8333333333
102	4	31	1158.990760022633	-0.8333333333
102	5	0	1156.0079490749629	-0.8333333333
102	5	1	1156.0079490749629	-0.8333333333
102	5	2	1156.0079490749629	-0.8333333333
102	5	3	1156.0079490749629	-0.8333333333
102	5	4	1156.0079490749629	-0.8333333333
102	5	5	1156.0079490749629	-0.8333333333
102	5	6	1156.0079490749629	-0.8333333333
102	5	7	1156.0079490749629	-0.8333333333
102	5	8	1156.0079490749629	-0.8333333333
102	5	9	1156.0079490749629	-0.8333333333
102	5	10	1156.0079490749629	-0.8333333333
102	5	11	1156.0079490749629	-0.8333333333
102	5	12	1156.0079490749629	-0.8333333333
102	5	13	1156.0079490749629	-0.8333333333
102	5	14	1156.0079490749629	-0.8333333333
102	5	15	1156.0079490749629	-0.8333333333
102	5	16	1156.7000942487512	-0.8333333333
102	5	17	1156.7000942487512	-0.8333333333
102	5	18	1156.7000942487512	-0.8333333333
102	5	19	1156.7000942487512	-0.8333333333
102	5	20	1156.7000942487512	-0.8333333333
102	5	21	1156.7000942487512	-0.8333333333
102	5	22	1156.7000942487512	-0.8333333333
102	5	23	1156.7000942487512	-0.8333333333
102	5	24	1156.7000942487512	-0.8333333333
102	5	25	1156.7000942487512	-0.8333333333
102	5	26	1156.7000942487512	-0.8333333333
102	5	27	1156.7000942487512	-0.8333333333
102	5	28	1156.7000942487512	-0.8333333333
102	5	29	1156.7000942487512	-0.8333333333
102	5	30	1156.7000942487512	-0.8333333333
102	5	31	1156.7000942487512	-0.8333333333
102	6	0	1160.2230857529041	-0.8333333333
102	6	1	1160.2230857529041	-0.8333333333
102	6	2	1160.2230857529041	-0.8333333333
102	6	3	1160.2230857529041	-0.8333333333
102	6	4	1160.2230857529041	-0.8333333333
102	6	5	1160.2230857529041	-0.8333333333
102	6	6	1160.2230857529041	-0.8333333333
102	6	7	1160.2230857529041	-0.8333333333
102	6	8	1160.2230857529041	-0.8333333333
102	6	9	1160.2230857529041	-0.8333333333
102	6	10	1160.2230857529041	-0.8333333333
102	6	11	1160.2230857529041	-0.8333333333
102	6	12	1160.2230857529041	-0.8333333333
102	6	13	1160.2230857529041	-0.8333333333
102	6	14	1160.2230857529041	-0.8333333333
102	6	15	1160.2230857529041	-0.8333333333
102	6	16	1160.238983924344	-0.8333333333
102	6	17	1160.238983924344	-0.8333333333
102	6	18	1160.238983924344	-0.8333333333
102	6	19	1160.238983924344	-0.8333333333
102	6	20	1160.238983924344	-0.8333333333
102	6	21	1160.238983924344	-0.8333333333
102	6	22	1160.238983924344	-0.8333333333
102	6	23	1160.238983924344	-0.8333333333
102	6	24	1160.238983924344	-0.8333333333
102	6	25	1160.238983924344	-0.8333333333
102	6	26	1160.238983924344	-0.8333333333
102	6	27	1160.238983924344	-0.8333333333
102	6	28	1160.238983924344	-0.8333333333
102	6	29	1160.238983924344	-0.8333333333
102	6	30	1160.238983924344	-0.8333333333
102	6	31	1160.238983924344	-0.8333333333
102	7	0	1159.1942813944163	-0.8333333333
102	7	1	1159.1942813944163	-0.8333333333
102	7	2	1159.1942813944163	-0.8333333333
102	7	3	1159.1942813944163	-0.8333333333
102	7	4	1159.1942813944163	-0.8333333333
102	7	5	1159.1942813944163	-0.8333333333
102	7	6	1159.1942813944163	-0.8333333333
102	7	7	1159.1942813944163	-0.8333333333
102	7	8	1159.1942813944163	-0.8333333333
102	7	9	1159.1942813944163	-0.8333333333
102	7	10	1159.1942813944163	-0.8333333333
102	7	11	1159.1942813944163	-0.8333333333
102	7	12	1159.1942813944163	-0.8333333333
102	7	13	1159.1942813944163	-0.8333333333
102	7	14	1159.1942813944163	-0.8333333333
102	7	15	1159.1942813944163	-0.8333333333
102	7	16	1159.791207020174	-0.8333333333
102	7	17	1159.791207020174	-0.8333333333
102	7	18	1159.791207020174	-0.8333333333
102	7	19	1159.791207020174	-0.8333333333
102	7	20	1159.791207020174	-0.8333333333
102	7	21	1159.791207020174	-0.8333333333
102	7	22	1159.791207020174	-0.8333333333
102	7	23	1159.791207020174	-0.8333333333
102	7	24	1159.791207020174	-0.8333333333
102	7	25	1159.791207020174	-0.8333333333
102	7	26	1159.791207020174	-0.8333333333
102	7	27	1159.791207020174	-0.8333333333
102	7	28	1159.791207020174	-0.8333333333
102	7	29	1159.791207020174	-0.8333333333
102	7	30	1159.791207020174	-0.8333333333
102	7	31	1159.791207020174	-0.8333333333
103	0	0	1148.3918007397224	-0.8333333333
103	0	1	1148.3918007397224	-0.8333333333
103	0	2	1148.3918007397224	-0.8333333333
103	0	3	1148.3918007397224	-0.8333333333
103	0	4	1148.3918007397224	-0.8333333333
103	0	5	1148.3918007397224	-0.8333333333
103	0	6	1148.3918007397224	-0.8333333333
103	0	7	1148.3918007397224	-0.8333333333
103	0	8	1148.3918007397224	-0.8333333333
103	0	9	1148.3918007397224	-0.8333333333
103	0	10	1148.3918007397224	-0.8333333333
103	0	11	1148.3918007397224	-0.8333333333
103	0	12	1148.3918007397224	-0.8333333333
103	0	13	1148.3918007397224	-0.8333333333
103	0	14	1148.3918007397224	-0.8333333333
103	0	15	1148.3918007397224	-0.8333333333
103	0	16	1148.8934658189046	-0.8333333333
103	0	17	1148.8934658189046	-0.8333333333
103	0	18	1148.8934658189046	-0.8333333333
103	0	19	1148.8934658189046	-0.8333333333
103	0	20	1148.8934658189046	-0.8333333333
103	0	21	1148.8934658189046	-0.8333333333
103	0	22	1148.8934658189046	-0.8333333333
103	0	23	1148.8934658189046	-0.8333333333
103	0	24	1148.8934658189046	-0.8333333333
103	0	25	1148.8934658189046	-0.8333333333
103	0	26	1148.8934658189046	-0.8333333333
103	0	27	1148.8934658189046	-0.8333333333
103	0	28	1148.8934658189046	-0.8333333333
103	0	29	1148.8934658189046	-0.8333333333
103	0	30	1148.8934658189046	-0.8333333333
103	0	31	1148.8934658189046	-0.8333333333
103	1	0	1149.8321170327722	-0.8333333333
103	1	1	1149.8321170327722	-0.8333333333
103	1	2	1149.8321170327722	-0.8333333333
103	1	3	1149.8321170327722	-0.8333333333
103	1	4	1149.8321170327722	-0.8333333333
103	1	5	1149.8321170327722	-0.8333333333
103	1	6	1149.8321170327722	-0.8333333333
103	1	7	1149.8321170327722	-0.8333333333
103	1	8	1149.8321170327722	-0.8333333333
103	1	9	1149.8321170327722	-0.8333333333
103	1	10	1149.8321170327722	-0.8333333333
103	1	11	1149.8321170327722	-0.8333333333
103	1	12	1149.8321170327722	-0.8333333333
103	1	13	1149.8321170327722	-0.8333333333
103	1	14	1149.8321170327722	-0.8333333333
103	1	15	1149.8321170327722	-0.8333333333
103	1	16	1149.1856174816833	-0.8333333333
103	1	17	1149.1856174816833	-0.8333333333
103	1	18	1149.1856174816833	-0.8333333333
103	1	19	1149.1856174816833	-0.8333333333
103	1	20	1149.1856174816833	-0.8333333333
103	1	21	1149.1856174816833	-0.8333333333
103	1	22	1149.1856174816833	-0.8333333333
103	1	23	1149.1856174816833	-0.8333333333
103	1	24	1149.1856174816833	-0.8333333333
103	1	25	1149.1856174816833	-0.8333333333
103	1	26	1149.1856174816833	-0.8333333333
103	1	27	1149.1856174816833	-0.8333333333
103	1	28	1149.1856174816833	-0.8333333333
103	1	29	1149.1856174816833	-0.8333333333
103	1	30	1149.1856174816833	-0.8333333333
103	1	31	1149.1856174816833	-0.8333333333
103	2	0	1144.632387316179	-0.8333333333
103	2	1	1144.632387316179	-0.8333333333
103	2	2	1144.632387316179	-0.8333333333
103	2	3	1144.632387316179	-0.8333333333
103	2	4	1144.632387316179	-0.8333333333
103	2	5	1144.632387316179	-0.8333333333
103	2	6	1144.632387316179	-0.8333333333
103	2	7	1144.632387316179	-0.8333333333
103	2	8	1144.632387316179	-0.8333333333
103	2	9	1144.632387316179	-0.8333333333
103	2	10	1144.632387316179	-0.8333333333
103	2	11	1144.632387316179	-0.8333333333
103	2	12	1144.632387316179	-0.8333333333
103	2	13	1144.632387316179	-0.8333333333
103	2	14	1144.632387316179	-0.8333333333
103	2	15	1144.632387316179	-0.8333333333
103	2	16	1146.528224330174	-0.8333333333
103	2	17	1146.528224330174	-0.8333333333
103	2	18	1146.528224330174	-0.8333333333
103	2	19	1146.528224330174	-0.8333333333
103	2	20	1146.528224330174	-0.8333333333
103	2	21	1146.528224330174	-0.8333333333
103	2	22	1146.528224330174	-0.8333333333
103	2	23	1146.528224330174	-0.8333333333
103	2	24	1146.528224330174	-0.8333333333
103	2	25	1146.528224330174	-0.8333333333
103	2	26	1146.528224330174	-0.8333333333
103	2	27	1146.528224330174	-0.8333333333
103	2	28	1146.528224330174	-0.8333333333
103	2	29	1146.528224330174	-0.8333333333
103	2	30	1146.528224330174	-0.8333333333
103	2	31	1146.528224330174	-0.8333333333
103	3	0	1147.723292405138	-0.8333333333
103	3	1	1147.723292405138	-0.8333333333
103	3	2	1147.723292405138	-0.8333333333
103	3	3	1147.723292405138	-0.8333333333
103	3	4	1147.723292405138	-0.8333333333
103	3	5	1147.723292405138	-0.8333333333
103	3	6	1147.723292405138	-0.8333333333
103	3	7	1147.723292405138	-0.8333333333
103	3	8	1147.723292405138	-0.8333333333
103	3	9	1147.723292405138	-0.8333333333
103	3	10	1147.723292405138	-0.8333333333
103	3	11	1147.723292405138	-0.8333333333
103	3	12	1147.723292405138	-0.8333333333
103	3	13	1147.723292405138	-0.8333333333
103	3	14	1147.723292405138	-0.8333333333
103	3	15	1147.723292405138	-0.8333333333
103	3	16	1148.5006864452666	-0.8333333333
103	3	17	1148.5006864452666	-0.8333333333
103	3	18	1148.5006864452666	-0.8333333333
103	3	19	1148.5006864452666	-0.8333333333
103	3	20	1148.5006864452666	-0.8333333333
103	3	21	1148.5006864452666	-0.8333333333
103	3	22	1148.5006864452666	-0.8333333333
103	3	23	1148.5006864452666	-0.8333333333
103	3	24	1148.5006864452666	-0.8333333333
103	3	25	1148.5006864452666	-0.8333333333
103	3	26	1148.5006864452666	-0.8333333333
103	3	27	1148.5006864452666	-0.8333333333
103	3	28	1148.5006864452666	-0.8333333333
103	3	29	1148.5006864452666	-0.8333333333
103	3	30	1148.5006864452666	-0.8333333333
103	3	31	1148.5006864452666	-0.8333333333
103	4	0	1148.9293887026365	-0.8333333333
103	4	1	1148.9293887026365	-0.8333333333
103	4	2	1148.9293887026365	-0.8333333333
103	4	3	1148.9293887026365	-0.8333333333
103	4	4	1148.9293887026365	-0.8333333333
103	4	5	1148.9293887026365	-0.8333333333
103	4	6	1148.9293887026365	-0.8333333333
103	4	7	1148.9293887026365	-0.8333333333
103	4	8	1148.9293887026365	-0.8333333333
103	4	9	1148.9293887026365	-0.8333333333
103	4	10	1148.9293887026365	-0.8333333333
103	4	11	1148.9293887026365	-0.8333333333
103	4	12	1148.9293887026365	-0.8333333333
103	4	13	1148.9293887026365	-0.8333333333
103	4	14	1148.9293887026365	-0.8333333333
103	4	15	1148.9293887026365	-0.8333333333
103	4	16	1148.5237159420603	-0.8333333333
103	4	17	1148.5237159420603	-0.8333333333
103	4	18	1148.5237159420603	-0.8333333333
103	4	19	1148.5237159420603	-0.8333333333
103	4	20	1148.5237159420603	-0.8333333333
103	4	21	1148.5237159420603	-0.8333333333
103	4	22	1148.5237159420603	-0.8333333333
103	4	23	1148.5237159420603	-0.8333333333
103	4	24	1148.5237159420603	-0.8333333333
103	4	25	1148.5237159420603	-0.8333333333
103	4	26	1148.5237159420603	-0.8333333333
103	4	27	1148.5237159420603	-0.8333333333
103	4	28	1148.5237159420603	-0.8333333333
103	4	29	1148.5237159420603	-0.8333333333
103	4	30	1148.5237159420603	-0.8333333333
103	4	31	1148.5237159420603	-0.8333333333
103	5	0	1149.606380095036	-0.8333333333
103	5	1	1149.606380095036	-0.8333333333
103	5	2	1149.606380095036	-0.8333333333
103	5	3	1149.606380095036	-0.8333333333
103	5	4	1149.606380095036	-0.8333333333
103	5	5	1149.606380095036	-0.8333333333
103	5	6	1149.606380095036	-0.8333333333
103	5	7	1149.606380095036	-0.8333333333
103	5	8	1149.606380095036	-0.8333333333
103	5	9	1149.606380095036	-0.8333333333
103	5	10	1149.606380095036	-0.8333333333
103	5	11	1149.606380095036	-0.8333333333
103	5	12	1149.606380095036	-0.8333333333
103	5	13	1149.606380095036	-0.8333333333
103	5	14	1149.606380095036	-0.8333333333
103	5	15	1149.606380095036	-0.8333333333
103	5	16	1149.3356624469325	-0.8333333333
103	5	17	1149.3356624469325	-0.8333333333
103	5	18	1149.3356624469325	-0.8333333333
103	5	19	1149.3356624469325	-0.8333333333
103	5	20	1149.3356624469325	-0.8333333333
103	5	21	1149.3356624469325	-0.8333333333
103	5	22	1149.3356624469325	-0.8333333333
103	5	23	1149.3356624469325	-0.8333333333
103	5	24	1149.3356624469325	-0.8333333333
103	5	25	1149.3356624469325	-0.8333333333
103	5	26	1149.3356624469325	-0.8333333333
103	5	27	1149.3356624469325	-0.8333333333
103	5	28	1149.3356624469325	-0.8333333333
103	5	29	1149.3356624469325	-0.8333333333
103	5	30	1149.3356624469325	-0.8333333333
103	5	31	1149.3356624469325	-0.8333333333
103	6	0	1146.369558651811	-0.8333333333
103	6	1	1146.369558651811	-0.8333333333
103	6	2	1146.369558651811	-0.8333333333
103	6	3	1146.369558651811	-0.8333333333
103	6	4	1146.369558651811	-0.8333333333
103	6	5	1146.369558651811	-0.8333333333
103	6	6	1146.369558651811	-0.8333333333
103	6	7	1146.369558651811	-0.8333333333
103	6	8	1146.369558651811	-0.8333333333
103	6	9	1146.369558651811	-0.8333333333
103	6	10	1146.369558651811	-0.8333333333
103	6	11	1146.369558651811	-0.8333333333
103	6	12	1146.369558651811	-0.8333333333
103	6	13	1146.369558651811	-0.8333333333
103	6	14	1146.369558651811	-0.8333333333
103	6	15	1146.369558651811	-0.8333333333
103	6	16	1146.153775231804	-0.8333333333
103	6	17	1146.153775231804	-0.8333333333
103	6	18	1146.153775231804	-0.8333333333
103	6	19	1146.153775231804	-0.8333333333
103	6	20	1146.153775231804	-0.8333333333
103	6	21	1146.153775231804	-0.8333333333
103	6	22	1146.153775231804	-0.8333333333
103	6	23	1146.153775231804	-0.8333333333
103	6	24	1146.153775231804	-0.8333333333
103	6	25	1146.153775231804	-0.8333333333
103	6	26	1146.153775231804	-0.8333333333
103	6	27	1146.153775231804	-0.8333333333
103	6	28	1146.153775231804	-0.8333333333
103	6	29	1146.153775231804	-0.8333333333
103	6	30	1146.153775231804	-0.8333333333
103	6	31	1146.153775231804	-0.8333333333
103	7	0	1148.017559755479	-0.8333333333
103	7	1	1148.017559755479	-0.8333333333
103	7	2	1148.017559755479	-0.8333333333
103	7	3	1148.017559755479	-0.8333333333
103	7	4	1148.017559755479	-0.8333333333
103	7	5	1148.017559755479	-0.8333333333
103	7	6	1148.017559755479	-0.8333333333
103	7	7	1148.017559755479	-0.8333333333
103	7	8	1148.017559755479	-0.8333333333
103	7	9	1148.017559755479	-0.8333333333
103	7	10	1148.017559755479	-0.8333333333
103	7	11	1148.017559755479	-0.8333333333
103	7	12	1148.017559755479	-0.8333333333
103	7	13	1148.017559755479	-0.8333333333
103	7	14	1148.017559755479	-0.8333333333
103	7	15	1148.017559755479	-0.8333333333
103	7	16	1148.5490124978342	-0.8333333333
103	7	17	1148.5490124978342	-0.8333333333
103	7	18	1148.5490124978342	-0.8333333333
103	7	19	1148.5490124978342	-0.8333333333
103	7	20	1148.5490124978342	-0.8333333333
103	7	21	1148.5490124978342	-0.8333333333
103	7	22	1148.5490124978342	-0.8333333333
103	7	23	1148.5490124978342	-0.8333333333
103	7	24	1148.5490124978342	-0.8333333333
103	7	25	1148.5490124978342	-0.8333333333
103	7	26	1148.5490124978342	-0.8333333333
103	7	27	1148.5490124978342	-0.8333333333
103	7	28	1148.5490124978342	-0.8333333333
103	7	29	1148.5490124978342	-0.8333333333
103	7	30	1148.5490124978342	-0.8333333333
103	7	31	1148.5490124978342	-0.8333333333
104	0	0	1147.4560360938538	-0.8333333333
104	0	1	1147.4560360938538	-0.8333333333
104	0	2	1147.4560360938538	-0.8333333333
104	0	3	1147.4560360938538	-0.8333333333
104	0	4	1147.4560360938538	-0.8333333333
104	0	5	1147.4560360938538	-0.8333333333
104	0	6	1147.4560360938538	-0.8333333333
104	0	7	1147.4560360938538	-0.8333333333
104	0	8	1147.4560360938538	-0.8333333333
104	0	9	1147.4560360938538	-0.8333333333
104	0	10	1147.4560360938538	-0.8333333333
104	0	11	1147.4560360938538	-0.8333333333
104	0	12	1147.4560360938538	-0.8333333333
104	0	13	1147.4560360938538	-0.8333333333
104	0	14	1147.4560360938538	-0.8333333333
104	0	15	1147.4560360938538	-0.8333333333
104	0	16	1147.2974156466285	-0.8333333333
104	0	17	1147.2974156466285	-0.8333333333
104	0	18	1147.2974156466285	-0.8333333333
104	0	19	1147.2974156466285	-0.8333333333
104	0	20	1147.2974156466285	-0.8333333333
104	0	21	1147.2974156466285	-0.8333333333
104	0	22	1147.2974156466285	-0.8333333333
104	0	23	1147.2974156466285	-0.8333333333
104	0	24	1147.2974156466285	-0.8333333333
104	0	25	1147.2974156466285	-0.8333333333
104	0	26	1147.2974156466285	-0.8333333333
104	0	27	1147.2974156466285	-0.8333333333
104	0	28	1147.2974156466285	-0.8333333333
104	0	29	1147.2974156466285	-0.8333333333
104	0	30	1147.2974156466285	-0.8333333333
104	0	31	1147.2974156466285	-0.8333333333
104	1	0	1144.4634885425291	-0.8333333333
104	1	1	1144.4634885425291	-0.8333333333
104	1	2	1144.4634885425291	-0.8333333333
104	1	3	1144.4634885425291	-0.8333333333
104	1	4	1144.4634885425291	-0.8333333333
104	1	5	1144.4634885425291	-0.8333333333
104	1	6	1144.4634885425291	-0.8333333333
104	1	7	1144.4634885425291	-0.8333333333
104	1	8	1144.4634885425291	-0.8333333333
104	1	9	1144.4634885425291	-0.8333333333
104	1	10	1144.4634885425291	-0.8333333333
104	1	11	1144.4634885425291	-0.8333333333
104	1	12	1144.4634885425291	-0.8333333333
104	1	13	1144.4634885425291	-0.8333333333
104	1	14	1144.4634885425291	-0.8333333333
104	1	15	1144.4634885425291	-0.8333333333
104	1	16	1144.2937725198055	-0.8333333333
104	1	17	1144.2937725198055	-0.8333333333
104	1	18	1144.2937725198055	-0.8333333333
104	1	19	1144.2937725198055	-0.8333333333
104	1	20	1144.2937725198055	-0.8333333333
104	1	21	1144.2937725198055	-0.8333333333
104	1	22	1144.2937725198055	-0.8333333333
104	1	23	1144.2937725198055	-0.8333333333
104	1	24	1144.2937725198055	-0.8333333333
104	1	25	1144.2937725198055	-0.8333333333
104	1	26	1144.2937725198055	-0.8333333333
104	1	27	1144.2937725198055	-0.8333333333
104	1	28	1144.2937725198055	-0.8333333333
104	1	29	1144.2937725198055	-0.8333333333
104	1	30	1144.2937725198055	-0.8333333333
104	1	31	1144.2937725198055	-0.8333333333
104	2	0	1148.258288034659	-0.8333333333
104	2	1	1148.258288034659	-0.8333333333
104	2	2	1148.258288034659	-0.8333333333
104	2	3	1148.258288034659	-0.8333333333
104	2	4	1148.258288034659	-0.8333333333
104	2	5	1148.258288034659	-0.8333333333
104	2	6	1148.258288034659	-0.8333333333
104	2	7	1148.258288034659	-0.8333333333
104	2	8	1148.258288034659	-0.8333333333
104	2	9	1148.258288034659	-0.8333333333
104	2	10	1148.258288034659	-0.8333333333
104	2	11	1148.258288034659	-0.8333333333
104	2	12	1148.258288034659	-0.8333333333
104	2	13	1148.258288034659	-0.8333333333
104	2	14	1148.258288034659	-0.8333333333
104	2	15	1148.258288034659	-0.8333333333
104	2	16	1147.721971650418	-0.8333333333
104	2	17	1147.721971650418	-0.8333333333
104	2	18	1147.721971650418	-0.8333333333
104	2	19	1147.721971650418	-0.8333333333
104	2	20	1147.721971650418	-0.8333333333
104	2	21	1147.721971650418	-0.8333333333
104	2	22	1147.721971650418	-0.8333333333
104	2	23	1147.721971650418	-0.8333333333
104	2	24	1147.721971650418	-0.8333333333
104	2	25	1147.721971650418	-0.8333333333
104	2	26	1147.721971650418	-0.8333333333
104	2	27	1147.721971650418	-0.8333333333
104	2	28	1147.721971650418	-0.8333333333
104	2	29	1147.721971650418	-0.8333333333
104	2	30	1147.721971650418	-0.8333333333
104	2	31	1147.721971650418	-0.8333333333
104	3	0	1147.8035271002989	-0.8333333333
104	3	1	1147.8035271002989	-0.8333333333
104	3	2	1147.8035271002989	-0.8333333333
104	3	3	1147.8035271002989	-0.8333333333
104	3	4	1147.8035271002989	-0.8333333333
104	3	5	1147.8035271002989	-0.8333333333
104	3	6	1147.8035271002989	-0.8333333333
104	3	7	1147.8035271002989	-0.8333333333
104	3	8	1147.8035271002989	-0.8333333333
104	3	9	1147.8035271002989	-0.8333333333
104	3	10	1147.8035271002989	-0.8333333333
104	3	11	1147.8035271002989	-0.8333333333
104	3	12	1147.8035271002989	-0.8333333333
104	3	13	1147.8035271002989	-0.8333333333
104	3	14	1147.8035271002989	-0.8333333333
104	3	15	1147.8035271002989	-0.8333333333
104	3	16	1147.7169277057385	-0.8333333333
104	3	17	1147.7169277057385	-0.8333333333
104	3	18	1147.7169277057385	-0.8333333333
104	3	19	1147.7169277057385	-0.8333333333
104	3	20	1147.7169277057385	-0.8333333333
104	3	21	1147.7169277057385	-0.8333333333
104	3	22	1147.7169277057385	-0.8333333333
104	3	23	1147.7169277057385	-0.8333333333
104	3	24	1147.7169277057385	-0.8333333333
104	3	25	1147.7169277057385	-0.8333333333
104	3	26	1147.7169277057385	-0.8333333333
104	3	27	1147.7169277057385	-0.8333333333
104	3	28	1147.7169277057385	-0.8333333333
104	3	29	1147.7169277057385	-0.8333333333
104	3	30	1147.7169277057385	-0.8333333333
104	3	31	1147.7169277057385	-0.8333333333
104	4	0	1147.5967035592969	-0.8333333333
104	4	1	1147.5967035592969	-0.8333333333
104	4	2	1147.5967035592969	-0.8333333333
104	4	3	1147.5967035592969	-0.8333333333
104	4	4	1147.5967035592969	-0.8333333333
104	4	5	1147.5967035592969	-0.8333333333
104	4	6	1147.5967035592969	-0.8333333333
104	4	7	1147.5967035592969	-0.8333333333
104	4	8	1147.5967035592969	-0.8333333333
104	4	9	1147.5967035592969	-0.8333333333
104	4	10	1147.5967035592969	-0.8333333333
104	4	11	1147.5967035592969	-0.8333333333
104	4	12	1147.5967035592969	-0.8333333333
104	4	13	1147.5967035592969	-0.8333333333
104	4	14	1147.5967035592969	-0.8333333333
104	4	15	1147.5967035592969	-0.8333333333
104	4	16	1146.9047111150112	-0.8333333333
104	4	17	1146.9047111150112	-0.8333333333
104	4	18	1146.9047111150112	-0.8333333333
104	4	19	1146.9047111150112	-0.8333333333
104	4	20	1146.9047111150112	-0.8333333333
104	4	21	1146.9047111150112	-0.8333333333
104	4	22	1146.9047111150112	-0.8333333333
104	4	23	1146.9047111150112	-0.8333333333
104	4	24	1146.9047111150112	-0.8333333333
104	4	25	1146.9047111150112	-0.8333333333
104	4	26	1146.9047111150112	-0.8333333333
104	4	27	1146.9047111150112	-0.8333333333
104	4	28	1146.9047111150112	-0.8333333333
104	4	29	1146.9047111150112	-0.8333333333
104	4	30	1146.9047111150112	-0.8333333333
104	4	31	1146.9047111150112	-0.8333333333
104	5	0	1144.590251925267	-0.8333333333
104	5	1	1144.590251925267	-0.8333333333
104	5	2	1144.590251925267	-0.8333333333
104	5	3	1144.590251925267	-0.8333333333
104	5	4	1144.590251925267	-0.8333333333
104	5	5	1144.590251925267	-0.8333333333
104	5	6	1144.590251925267	-0.8333333333
104	5	7	1144.590251925267	-0.8333333333
104	5	8	1144.590251925267	-0.8333333333
104	5	9	1144.590251925267	-0.8333333333
104	5	10	1144.590251925267	-0.8333333333
104	5	11	1144.590251925267	-0.8333333333
104	5	12	1144.590251925267	-0.8333333333
104	5	13	1144.590251925267	-0.8333333333
104	5	14	1144.590251925267	-0.8333333333
104	5	15	1144.590251925267	-0.8333333333
104	5	16	1144.442370118603	-0.8333333333
104	5	17	1144.442370118603	-0.8333333333
104	5	18	1144.442370118603	-0.8333333333
104	5	19	1144.442370118603	-0.8333333333
104	5	20	1144.442370118603	-0.8333333333
104	5	21	1144.442370118603	-0.8333333333
104	5	22	1144.442370118603	-0.8333333333
104	5	23	1144.442370118603	-0.8333333333
104	5	24	1144.442370118603	-0.8333333333
104	5	25	1144.442370118603	-0.8333333333
104	5	26	1144.442370118603	-0.8333333333
104	5	27	1144.442370118603	-0.8333333333
104	5	28	1144.442370118603	-0.8333333333
104	5	29	1144.442370118603	-0.8333333333
104	5	30	1144.442370118603	-0.8333333333
104	5	31	1144.442370118603	-0.8333333333
104	6	0	1148.6709370850392	-0.8333333333
104	6	1	1148.6709370850392	-0.8333333333
104	6	2	1148.6709370850392	-0.8333333333
104	6	3	1148.6709370850392	-0.8333333333
104	6	4	1148.6709370850392	-0.8333333333
104	6	5	1148.6709370850392	-0.8333333333
104	6	6	1148.6709370850392	-0.8333333333
104	6	7	1148.6709370850392	-0.8333333333
104	6	8	1148.6709370850392	-0.8333333333
104	6	9	1148.6709370850392	-0.8333333333
104	6	10	1148.6709370850392	-0.8333333333
104	6	11	1148.6709370850392	-0.8333333333
104	6	12	1148.6709370850392	-0.8333333333
104	6	13	1148.6709370850392	-0.8333333333
104	6	14	1148.6709370850392	-0.8333333333
104	6	15	1148.6709370850392	-0.8333333333
104	6	16	1147.9278676636375	-0.8333333333
104	6	17	1147.9278676636375	-0.8333333333
104	6	18	1147.9278676636375	-0.8333333333
104	6	19	1147.9278676636375	-0.8333333333
104	6	20	1147.9278676636375	-0.8333333333
104	6	21	1147.9278676636375	-0.8333333333
104	6	22	1147.9278676636375	-0.8333333333
104	6	23	1147.9278676636375	-0.8333333333
104	6	24	1147.9278676636375	-0.8333333333
104	6	25	1147.9278676636375	-0.8333333333
104	6	26	1147.9278676636375	-0.8333333333
104	6	27	1147.9278676636375	-0.8333333333
104	6	28	1147.9278676636375	-0.8333333333
104	6	29	1147.9278676636375	-0.8333333333
104	6	30	1147.9278676636375	-0.8333333333
104	6	31	1147.9278676636375	-0.8333333333
104	7	0	1146.9667614975338	-0.8333333333
104	7	1	1146.9667614975338	-0.8333333333
104	7	2	1146.9667614975338	-0.8333333333
104	7	3	1146.9667614975338	-0.8333333333
104	7	4	1146.9667614975338	-0.8333333333
104	7	5	1146.9667614975338	-0.8333333333
104	7	6	1146.9667614975338	-0.8333333333
104	7	7	1146.9667614975338	-0.8333333333
104	7	8	1146.9667614975338	-0.8333333333
104	7	9	1146.9667614975338	-0.8333333333
104	7	10	1146.9667614975338	-0.8333333333
104	7	11	1146.9667614975338	-0.8333333333
104	7	12	1146.9667614975338	-0.8333333333
104	7	13	1146.9667614975338	-0.8333333333
104	7	14	1146.9667614975338	-0.8333333333
104	7	15	1146.9667614975338	-0.8333333333
104	7	16	1147.3877641157771	-0.8333333333
104	7	17	1147.3877641157771	-0.8333333333
104	7	18	1147.3877641157771	-0.8333333333
104	7	19	1147.3877641157771	-0.8333333333
104	7	20	1147.3877641157771	-0.8333333333
104	7	21	1147.3877641157771	-0.8333333333
104	7	22	1147.3877641157771	-0.8333333333
104	7	23	1147.3877641157771	-0.8333333333
104	7	24	1147.3877641157771	-0.8333333333
104	7	25	1147.3877641157771	-0.8333333333
104	7	26	1147.3877641157771	-0.8333333333
104	7	27	1147.3877641157771	-0.8333333333
104	7	28	1147.3877641157771	-0.8333333333
104	7	29	1147.3877641157771	-0.8333333333
104	7	30	1147.3877641157771	-0.8333333333
104	7	31	1147.3877641157771	-0.8333333333
