#Cid	Plid	WireId	p0	p1
101	0	0	1163.7185042893216	-0.8333333333
101	0	1	1163.7185042893216	-0.8333333333
101	0	2	1163.7185042893216	-0.8333333333
101	0	3	1163.7185042893216	-0.8333333333
101	0	4	1163.7185042893216	-0.8333333333
101	0	5	1163.7185042893216	-0.8333333333
101	0	6	1163.7185042893216	-0.8333333333
101	0	7	1163.7185042893216	-0.8333333333
101	0	8	1163.7185042893216	-0.8333333333
101	0	9	1163.7185042893216	-0.8333333333
101	0	10	1163.7185042893216	-0.8333333333
101	0	11	1163.7185042893216	-0.8333333333
101	0	12	1163.7185042893216	-0.8333333333
101	0	13	1163.7185042893216	-0.8333333333
101	0	14	1163.7185042893216	-0.8333333333
101	0	15	1163.7185042893216	-0.8333333333
101	0	16	1163.1145932982417	-0.8333333333
101	0	17	1163.1145932982417	-0.8333333333
101	0	18	1163.1145932982417	-0.8333333333
101	0	19	1163.1145932982417	-0.8333333333
101	0	20	1163.1145932982417	-0.8333333333
101	0	21	1163.1145932982417	-0.8333333333
101	0	22	1163.1145932982417	-0.8333333333
101	0	23	1163.1145932982417	-0.8333333333
101	0	24	1163.1145932982417	-0.8333333333
101	0	25	1163.1145932982417	-0.8333333333
101	0	26	1163.1145932982417	-0.8333333333
101	0	27	1163.1145932982417	-0.8333333333
101	0	28	1163.1145932982417	-0.8333333333
101	0	29	1163.1145932982417	-0.8333333333
101	0	30	1163.1145932982417	-0.8333333333
101	0	31	1163.1145932982417	-0.8333333333
101	1	0	1163.0844962942447	-0.8333333333
101	1	1	1163.0844962942447	-0.8333333333
101	1	2	1163.0844962942447	-0.8333333333
101	1	3	1163.0844962942447	-0.8333333333
101	1	4	1163.0844962942447	-0.8333333333
101	1	5	1163.0844962942447	-0.8333333333
101	1	6	1163.0844962942447	-0.8333333333
101	1	7	1163.0844962942447	-0.8333333333
101	1	8	1163.0844962942447	-0.8333333333
101	1	9	1163.0844962942447	-0.8333333333
101	1	10	1163.0844962942447	-0.8333333333
101	1	11	1163.0844962942447	-0.8333333333
101	1	12	1163.0844962942447	-0.8333333333
101	1	13	1163.0844962942447	-0.8333333333
101	1	14	1163.0844962942447	-0.8333333333
101	1	15	1163.0844962942447	-0.8333333333
101	1	16	1162.704841216111	-0.8333333333
101	1	17	1162.704841216111	-0.8333333333
101	1	18	1162.704841216111	-0.8333333333
101	1	19	1162.704841216111	-0.8333333333
101	1	20	1162.704841216111	-0.8333333333
101	1	21	1162.704841216111	-0.8333333333
101	1	22	1162.704841216111	-0.8333333333
101	1	23	1162.704841216111	-0.8333333333
101	1	24	1162.704841216111	-0.8333333333
101	1	25	1162.704841216111	-0.8333333333
101	1	26	1162.704841216111	-0.8333333333
101	1	27	1162.704841216111	-0.8333333333
101	1	28	1162.704841216111	-0.8333333333
101	1	29	1162.704841216111	-0.8333333333
101	1	30	1162.704841216111	-0.8333333333
101	1	31	1162.704841216111	-0.8333333333
101	2	0	1165.469795737186	-0.8333333333
101	2	1	1165.469795737186	-0.8333333333
101	2	2	1165.469795737186	-0.8333333333
101	2	3	1165.469795737186	-0.8333333333
101	2	4	1165.469795737186	-0.8333333333
101	2	5	1165.469795737186	-0.8333333333
101	2	6	1165.469795737186	-0.8333333333
101	2	7	1165.469795737186	-0.8333333333
101	2	8	1165.469795737186	-0.8333333333
101	2	9	1165.469795737186	-0.8333333333
101	2	10	1165.469795737186	-0.8333333333
101	2	11	1165.469795737186	-0.8333333333
101	2	12	1165.469795737186	-0.8333333333
101	2	13	1165.469795737186	-0.8333333333
101	2	14	1165.469795737186	-0.8333333333
101	2	15	1165.469795737186	-0.8333333333
101	2	16	1166.5773865138042	-0.8333333333
101	2	17	1166.5773865138042	-0.8333333333
101	2	18	1166.5773865138042	-0.8333333333
101	2	19	1166.5773865138042	-0.8333333333
101	2	20	1166.5773865138042	-0.8333333333
101	2	21	1166.5773865138042	-0.8333333333
101	2	22	1166.5773865138042	-0.8333333333
101	2	23	1166.5773865138042	-0.8333333333
101	2	24	1166.5773865138042	-0.8333333333
101	2	25	1166.5773865138042	-0.8333333333
101	2	26	1166.5773865138042	-0.8333333333
101	2	27	1166.5773865138042	-0.8333333333
101	2	28	1166.5773865138042	-0.8333333333
101	2	29	1166.5773865138042	-0.8333333333
101	2	30	1166.5773865138042	-0.8333333333
101	2	31	1166.5773865138042	-0.8333333333
101	3	0	1164.0546671253348	-0.8333333333
101	3	1	1164.0546671253348	-0.8333333333
101	3	2	1164.0546671253348	-0.8333333333
101	3	3	1164.0546671253348	-0.8333333333
101	3	4	1164.0546671253348	-0.8333333333
101	3	5	1164.0546671253348	-0.8333333333
101	3	6	1164.0546671253348	-0.8333333333
101	3	7	1164.0546671253348	-0.8333333333
101	3	8	1164.0546671253348	-0.8333333333
101	3	9	1164.0546671253348	-0.8333333333
101	3	10	1164.0546671253348	-0.8333333333
101	3	11	1164.0546671253348	-0.8333333333
101	3	12	1164.0546671253348	-0.8333333333
101	3	13	1164.0546671253348	-0.8333333333
101	3	14	1164.0546671253348	-0.8333333333
101	3	15	1164.0546671253348	-0.8333333333
101	3	16	1165.46179229832	-0.8333333333
101	3	17	1165.46179229832	-0.8333333333
101	3	18	1165.46179229832	-0.8333333333
101	3	19	1165.46179229832	-0.8333333333
101	3	20	1165.46179229832	-0.8333333333
101	3	21	1165.46179229832	-0.8333333333
101	3	22	1165.46179229832	-0.8333333333
101	3	23	1165.46179229832	-0.8333333333
101	3	24	1165.46179229832	-0.8333333333
101	3	25	1165.46179229832	-0.8333333333
101	3	26	1165.46179229832	-0.8333333333
101	3	27	1165.46179229832	-0.8333333333
101	3	28	1165.46179229832	-0.8333333333
101	3	29	1165.46179229832	-0.8333333333
101	3	30	1165.46179229832	-0.8333333333
101	3	31	1165.46179229832	-0.8333333333
101	4	0	1162.9756458771799	-0.8333333333
101	4	1	1162.9756458771799	-0.8333333333
101	4	2	1162.9756458771799	-0.8333333333
101	4	3	1162.9756458771799	-0.8333333333
101	4	4	1162.9756458771799	-0.8333333333
101	4	5	1162.9756458771799	-0.8333333333
101	4	6	1162.9756458771799	-0.8333333333
101	4	7	1162.9756458771799	-0.8333333333
101	4	8	1162.9756458771799	-0.8333333333
101	4	9	1162.9756458771799	-0.8333333333
101	4	10	1162.9756458771799	-0.8333333333
101	4	11	1162.9756458771799	-0.8333333333
101	4	12	1162.9756458771799	-0.8333333333
101	4	13	1162.9756458771799	-0.8333333333
101	4	14	1162.9756458771799	-0.8333333333
101	4	15	1162.9756458771799	-0.8333333333
101	4	16	1162.740480475758	-0.8333333333
101	4	17	1162.740480475758	-0.8333333333
101	4	18	1162.740480475758	-0.8333333333
101	4	19	1162.740480475758	-0.8333333333
101	4	20	1162.740480475758	-0.8333333333
101	4	21	1162.740480475758	-0.8333333333
101	4	22	1162.740480475758	-0.8333333333
101	4	23	1162.740480475758	-0.8333333333
101	4	24	1162.740480475758	-0.8333333333
101	4	25	1162.740480475758	-0.8333333333
101	4	26	1162.740480475758	-0.8333333333
101	4	27	1162.740480475758	-0.8333333333
101	4	28	1162.740480475758	-0.8333333333
101	4	29	1162.740480475758	-0.8333333333
101	4	30	1162.740480475758	-0.8333333333
101	4	31	1162.740480475758	-0.8333333333
101	5	0	1160.0342775747374	-0.8333333333
101	5	1	1160.0342775747374	-0.8333333333
101	5	2	1160.0342775747374	-0.8333333333
101	5	3	1160.0342775747374	-0.8333333333
101	5	4	1160.0342775747374	-0.8333333333
101	5	5	1160.0342775747374	-0.8333333333
101	5	6	1160.0342775747374	-0.8333333333
101	5	7	1160.0342775747374	-0.8333333333
101	5	8	1160.0342775747374	-0.8333333333
101	5	9	1160.0342775747374	-0.8333333333
101	5	10	1160.0342775747374	-0.8333333333
101	5	11	1160.0342775747374	-0.8333333333
101	5	12	1160.0342775747374	-0.8333333333
101	5	13	1160.0342775747374	-0.8333333333
101	5	14	1160.0342775747374	-0.8333333333
101	5	15	1160.0342775747374	-0.8333333333
101	5	16	1162.1819829131832	-0.8333333333
101	5	17	1162.1819829131832	-0.8333333333
101	5	18	1162.1819829131832	-0.8333333333
101	5	19	1162.1819829131832	-0.8333333333
101	5	20	1162.1819829131832	-0.8333333333
101	5	21	1162.1819829131832	-0.8333333333
101	5	22	1162.1819829131832	-0.8333333333
101	5	23	1162.1819829131832	-0.8333333333
101	5	24	1162.1819829131832	-0.8333333333
101	5	25	1162.1819829131832	-0.8333333333
101	5	26	1162.1819829131832	-0.8333333333
101	5	27	1162.1819829131832	-0.8333333333
101	5	28	1162.1819829131832	-0.8333333333
101	5	29	1162.1819829131832	-0.8333333333
101	5	30	1162.1819829131832	-0.8333333333
101	5	31	1162.1819829131832	-0.8333333333
101	6	0	1164.323514378127	-0.8333333333
101	6	1	1164.323514378127	-0.8333333333
101	6	2	1164.323514378127	-0.8333333333
101	6	3	1164.323514378127	-0.8333333333
101	6	4	1164.323514378127	-0.8333333333
101	6	5	1164.323514378127	-0.8333333333
101	6	6	1164.323514378127	-0.8333333333
101	6	7	1164.323514378127	-0.8333333333
101	6	8	1164.323514378127	-0.8333333333
101	6	9	1164.323514378127	-0.8333333333
101	6	10	1164.323514378127	-0.8333333333
101	6	11	1164.323514378127	-0.8333333333
101	6	12	1164.323514378127	-0.8333333333
101	6	13	1164.323514378127	-0.8333333333
101	6	14	1164.323514378127	-0.8333333333
101	6	15	1164.323514378127	-0.8333333333
101	6	16	1165.2322297273006	-0.8333333333
101	6	17	1165.2322297273006	-0.8333333333
101	6	18	1165.2322297273006	-0.8333333333
101	6	19	1165.2322297273006	-0.8333333333
101	6	20	1165.2322297273006	-0.8333333333
101	6	21	1165.2322297273006	-0.8333333333
101	6	22	1165.2322297273006	-0.8333333333
101	6	23	1165.2322297273006	-0.8333333333
101	6	24	1165.2322297273006	-0.8333333333
101	6	25	1165.2322297273006	-0.8333333333
101	6	26	1165.2322297273006	-0.8333333333
101	6	27	1165.2322297273006	-0.8333333333
101	6	28	1165.2322297273006	-0.8333333333
101	6	29	1165.2322297273006	-0.8333333333
101	6	30	1165.2322297273006	-0.8333333333
101	6	31	1165.2322297273006	-0.8333333333
101	7	0	1164.115444308174	-0.8333333333
101	7	1	1164.115444308174	-0.8333333333
101	7	2	1164.115444308174	-0.8333333333
101	7	3	1164.115444308174	-0.8333333333
101	7	4	1164.115444308174	-0.8333333333
101	7	5	1164.115444308174	-0.8333333333
101	7	6	1164.115444308174	-0.8333333333
101	7	7	1164.115444308174	-0.8333333333
101	7	8	1164.115444308174	-0.8333333333
101	7	9	1164.115444308174	-0.8333333333
101	7	10	1164.115444308174	-0.8333333333
101	7	11	1164.115444308174	-0.8333333333
101	7	12	1164.115444308174	-0.8333333333
101	7	13	1164.115444308174	-0.8333333333
101	7	14	1164.115444308174	-0.8333333333
101	7	15	1164.115444308174	-0.8333333333
101	7	16	1164.1963430032577	-0.8333333333
101	7	17	1164.1963430032577	-0.8333333333
101	7	18	1164.1963430032577	-0.8333333333
101	7	19	1164.1963430032577	-0.8333333333
101	7	20	1164.1963430032577	-0.8333333333
101	7	21	1164.1963430032577	-0.8333333333
101	7	22	1164.1963430032577	-0.8333333333
101	7	23	1164.1963430032577	-0.8333333333
101	7	24	1164.1963430032577	-0.8333333333
101	7	25	1164.1963430032577	-0.8333333333
101	7	26	1164.1963430032577	-0.8333333333
101	7	27	1164.1963430032577	-0.8333333333
101	7	28	1164.1963430032577	-0.8333333333
101	7	29	1164.1963430032577	-0.8333333333
101	7	30	1164.1963430032577	-0.8333333333
101	7	31	1164.1963430032577	-0.8333333333
102	0	0	1162.3141461422993	-0.8333333333
102	0	1	1162.3141461422993	-0.8333333333
102	0	2	1162.3141461422993	-0.8333333333
102	0	3	1162.3141461422993	-0.8333333333
102	0	4	1162.3141461422993	-0.8333333333
102	0	5	1162.3141461422993	-0.8333333333
102	0	6	1162.3141461422993	-0.8333333333
102	0	7	1162.3141461422993	-0.8333333333
102	0	8	1162.3141461422993	-0.8333333333
102	0	9	1162.3141461422993	-0.8333333333
102	0	10	1162.3141461422993	-0.8333333333
102	0	11	1162.3141461422993	-0.8333333333
102	0	12	1162.3141461422993	-0.8333333333
102	0	13	1162.3141461422993	-0.8333333333
102	0	14	1162.3141461422993	-0.8333333333
102	0	15	1162.3141461422993	-0.8333333333
102	0	16	1161.289437106366	-0.8333333333
102	0	17	1161.289437106366	-0.8333333333
102	0	18	1161.289437106366	-0.8333333333
102	0	19	1161.289437106366	-0.8333333333
102	0	20	1161.289437106366	-0.8333333333
102	0	21	1161.289437106366	-0.8333333333
102	0	22	1161.289437106366	-0.8333333333
102	0	23	1161.289437106366	-0.8333333333
102	0	24	1161.289437106366	-0.8333333333
102	0	25	1161.289437106366	-0.8333333333
102	0	26	1161.289437106366	-0.8333333333
102	0	27	1161.289437106366	-0.8333333333
102	0	28	1161.289437106366	-0.8333333333
102	0	29	1161.289437106366	-0.8333333333
102	0	30	1161.289437106366	-0.8333333333
102	0	31	1161.289437106366	-0.8333333333
102	1	0	1158.9250471836833	-0.8333333333
102	1	1	1158.9250471836833	-0.8333333333
102	1	2	1158.9250471836833	-0.8333333333
102	1	3	1158.9250471836833	-0.8333333333
102	1	4	1158.9250471836833	-0.8333333333
102	1	5	1158.9250471836833	-0.8333333333
102	1	6	1158.9250471836833	-0.8333333333
102	1	7	1158.9250471836833	-0.8333333333
102	1	8	1158.9250471836833	-0.8333333333
102	1	9	1158.9250471836833	-0.8333333333
102	1	10	1158.9250471836833	-0.8333333333
102	1	11	1158.9250471836833	-0.8333333333
102	1	12	1158.9250471836833	-0.8333333333
102	1	13	1158.9250471836833	-0.8333333333
102	1	14	1158.9250471836833	-0.8333333333
102	1	15	1158.9250471836833	-0.8333333333
102	1	16	1160.769717117832	-0.8333333333
102	1	17	1160.769717117832	-0.8333333333
102	1	18	1160.769717117832	-0.8333333333
102	1	19	1160.769717117832	-0.8333333333
102	1	20	1160.769717117832	-0.8333333333
102	1	21	1160.769717117832	-0.8333333333
102	1	22	1160.769717117832	-0.8333333333
102	1	23	1160.769717117832	-0.8333333333
102	1	24	1160.769717117832	-0.8333333333
102	1	25	1160.769717117832	-0.8333333333
102	1	26	1160.769717117832	-0.8333333333
102	1	27	1160.769717117832	-0.8333333333
102	1	28	1160.769717117832	-0.8333333333
102	1	29	1160.769717117832	-0.8333333333
102	1	30	1160.769717117832	-0.8333333333
102	1	31	1160.769717117832	-0.8333333333
102	2	0	1164.1369304592947	-0.8333333333
102	2	1	1164.1369304592947	-0.8333333333
102	2	2	1164.1369304592947	-0.8333333333
102	2	3	1164.1369304592947	-0.8333333333
102	2	4	1164.1369304592947	-0.8333333333
102	2	5	1164.1369304592947	-0.8333333333
102	2	6	1164.1369304592947	-0.8333333333
102	2	7	1164.1369304592947	-0.8333333333
102	2	8	1164.1369304592947	-0.8333333333
102	2	9	1164.1369304592947	-0.8333333333
102	2	10	1164.1369304592947	-0.8333333333
102	2	11	1164.1369304592947	-0.8333333333
102	2	12	1164.1369304592947	-0.8333333333
102	2	13	1164.1369304592947	-0.8333333333
102	2	14	1164.1369304592947	-0.8333333333
102	2	15	1164.1369304592947	-0.8333333333
102	2	16	1163.6236594507288	-0.8333333333
102	2	17	1163.6236594507288	-0.8333333333
102	2	18	1163.6236594507288	-0.8333333333
102	2	19	1163.6236594507288	-0.8333333333
102	2	20	1163.6236594507288	-0.8333333333
102	2	21	1163.6236594507288	-0.8333333333
102	2	22	1163.6236594507288	-0.8333333333
102	2	23	1163.6236594507288	-0.8333333333
102	2	24	1163.6236594507288	-0.8333333333
102	2	25	1163.6236594507288	-0.8333333333
102	2	26	1163.6236594507288	-0.8333333333
102	2	27	1163.6236594507288	-0.8333333333
102	2	28	1163.6236594507288	-0.8333333333
102	2	29	1163.6236594507288	-0.8333333333
102	2	30	1163.6236594507288	-0.8333333333
102	2	31	1163.6236594507288	-0.8333333333
102	3	0	1162.4117192788017	-0.8333333333
102	3	1	1162.4117192788017	-0.8333333333
102	3	2	1162.4117192788017	-0.8333333333
102	3	3	1162.4117192788017	-0.8333333333
102	3	4	1162.4117192788017	-0.8333333333
102	3	5	1162.4117192788017	-0.8333333333
102	3	6	1162.4117192788017	-0.8333333333
102	3	7	1162.4117192788017	-0.8333333333
102	3	8	1162.4117192788017	-0.8333333333
102	3	9	1162.4117192788017	-0.8333333333
102	3	10	1162.4117192788017	-0.8333333333
102	3	11	1162.4117192788017	-0.8333333333
102	3	12	1162.4117192788017	-0.8333333333
102	3	13	1162.4117192788017	-0.8333333333
102	3	14	1162.4117192788017	-0.8333333333
102	3	15	1162.4117192788017	-0.8333333333
102	3	16	1163.8230977432304	-0.8333333333
102	3	17	1163.8230977432304	-0.8333333333
102	3	18	1163.8230977432304	-0.8333333333
102	3	19	1163.8230977432304	-0.8333333333
102	3	20	1163.8230977432304	-0.8333333333
102	3	21	1163.8230977432304	-0.8333333333
102	3	22	1163.8230977432304	-0.8333333333
102	3	23	1163.8230977432304	-0.8333333333
102	3	24	1163.8230977432304	-0.8333333333
102	3	25	1163.8230977432304	-0.8333333333
102	3	26	1163.8230977432304	-0.8333333333
102	3	27	1163.8230977432304	-0.8333333333
102	3	28	1163.8230977432304	-0.8333333333
102	3	29	1163.8230977432304	-0.8333333333
102	3	30	1163.8230977432304	-0.8333333333
102	3	31	1163.8230977432304	-0.8333333333
102	4	0	1162.626506647495	-0.8333333333
102	4	1	1162.626506647495	-0.8333333333
102	4	2	1162.626506647495	-0.8333333333
102	4	3	1162.626506647495	-0.8333333333
102	4	4	1162.626506647495	-0.8333333333
102	4	5	1162.626506647495	-0.8333333333
102	4	6	1162.626506647495	-0.8333333333
102	4	7	1162.626506647495	-0.8333333333
102	4	8	1162.626506647495	-0.8333333333
102	4	9	1162.626506647495	-0.8333333333
102	4	10	1162.626506647495	-0.8333333333
102	4	11	1162.626506647495	-0.8333333333
102	4	12	1162.626506647495	-0.8333333333
102	4	13	1162.626506647495	-0.8333333333
102	4	14	1162.626506647495	-0.8333333333
102	4	15	1162.626506647495	-0.8333333333
102	4	16	1160.8710359753402	-0.8333333333
102	4	17	1160.8710359753402	-0.8333333333
102	4	18	1160.8710359753402	-0.8333333333
102	4	19	1160.8710359753402	-0.8333333333
102	4	20	1160.8710359753402	-0.8333333333
102	4	21	1160.8710359753402	-0.8333333333
102	4	22	1160.8710359753402	-0.8333333333
102	4	23	1160.8710359753402	-0.8333333333
102	4	24	1160.8710359753402	-0.8333333333
102	4	25	1160.8710359753402	-0.8333333333
102	4	26	1160.8710359753402	-0.8333333333
102	4	27	1160.8710359753402	-0.8333333333
102	4	28	1160.8710359753402	-0.8333333333
102	4	29	1160.8710359753402	-0.8333333333
102	4	30	1160.8710359753402	-0.8333333333
102	4	31	1160.8710359753402	-0.8333333333
102	5	0	1159.1200374063346	-0.8333333333
102	5	1	1159.1200374063346	-0.8333333333
102	5	2	1159.1200374063346	-0.8333333333
102	5	3	1159.1200374063346	-0.8333333333
102	5	4	1159.1200374063346	-0.8333333333
102	5	5	1159.1200374063346	-0.8333333333
102	5	6	1159.1200374063346	-0.8333333333
102	5	7	1159.1200374063346	-0.8333333333
102	5	8	1159.1200374063346	-0.8333333333
102	5	9	1159.1200374063346	-0.8333333333
102	5	10	1159.1200374063346	-0.8333333333
102	5	11	1159.1200374063346	-0.8333333333
102	5	12	1159.1200374063346	-0.8333333333
102	5	13	1159.1200374063346	-0.8333333333
102	5	14	1159.1200374063346	-0.8333333333
102	5	15	1159.1200374063346	-0.8333333333
102	5	16	1160.3951751441325	-0.8333333333
102	5	17	1160.3951751441325	-0.8333333333
102	5	18	1160.3951751441325	-0.8333333333
102	5	19	1160.3951751441325	-0.8333333333
102	5	20	1160.3951751441325	-0.8333333333
102	5	21	1160.3951751441325	-0.8333333333
102	5	22	1160.3951751441325	-0.8333333333
102	5	23	1160.3951751441325	-0.8333333333
102	5	24	1160.3951751441325	-0.8333333333
102	5	25	1160.3951751441325	-0.8333333333
102	5	26	1160.3951751441325	-0.8333333333
102	5	27	1160.3951751441325	-0.8333333333
102	5	28	1160.3951751441325	-0.8333333333
102	5	29	1160.3951751441325	-0.8333333333
102	5	30	1160.3951751441325	-0.8333333333
102	5	31	1160.3951751441325	-0.8333333333
102	6	0	1163.8417601085932	-0.8333333333
102	6	1	1163.8417601085932	-0.8333333333
102	6	2	1163.8417601085932	-0.8333333333
102	6	3	1163.8417601085932	-0.8333333333
102	6	4	1163.8417601085932	-0.8333333333
102	6	5	1163.8417601085932	-0.8333333333
102	6	6	1163.8417601085932	-0.8333333333
102	6	7	1163.8417601085932	-0.8333333333
102	6	8	1163.8417601085932	-0.8333333333
102	6	9	1163.8417601085932	-0.8333333333
102	6	10	1163.8417601085932	-0.8333333333
102	6	11	1163.8417601085932	-0.8333333333
102	6	12	1163.8417601085932	-0.8333333333
102	6	13	1163.8417601085932	-0.8333333333
102	6	14	1163.8417601085932	-0.8333333333
102	6	15	1163.8417601085932	-0.8333333333
102	6	16	1165.680392071282	-0.8333333333
102	6	17	1165.680392071282	-0.8333333333
102	6	18	1165.680392071282	-0.8333333333
102	6	19	1165.680392071282	-0.8333333333
102	6	20	1165.680392071282	-0.8333333333
102	6	21	1165.680392071282	-0.8333333333
102	6	22	1165.680392071282	-0.8333333333
102	6	23	1165.680392071282	-0.8333333333
102	6	24	1165.680392071282	-0.8333333333
102	6	25	1165.680392071282	-0.8333333333
102	6	26	1165.680392071282	-0.8333333333
102	6	27	1165.680392071282	-0.8333333333
102	6	28	1165.680392071282	-0.8333333333
102	6	29	1165.680392071282	-0.8333333333
102	6	30	1165.680392071282	-0.8333333333
102	6	31	1165.680392071282	-0.8333333333
102	7	0	1163.6685657177165	-0.8333333333
102	7	1	1163.6685657177165	-0.8333333333
102	7	2	1163.6685657177165	-0.8333333333
102	7	3	1163.6685657177165	-0.8333333333
102	7	4	1163.6685657177165	-0.8333333333
102	7	5	1163.6685657177165	-0.8333333333
102	7	6	1163.6685657177165	-0.8333333333
102	7	7	1163.6685657177165	-0.8333333333
102	7	8	1163.6685657177165	-0.8333333333
102	7	9	1163.6685657177165	-0.8333333333
102	7	10	1163.6685657177165	-0.8333333333
102	7	11	1163.6685657177165	-0.8333333333
102	7	12	1163.6685657177165	-0.8333333333
102	7	13	1163.6685657177165	-0.8333333333
102	7	14	1163.6685657177165	-0.8333333333
102	7	15	1163.6685657177165	-0.8333333333
102	7	16	1163.5509065240317	-0.8333333333
102	7	17	1163.5509065240317	-0.8333333333
102	7	18	1163.5509065240317	-0.8333333333
102	7	19	1163.5509065240317	-0.8333333333
102	7	20	1163.5509065240317	-0.8333333333
102	7	21	1163.5509065240317	-0.8333333333
102	7	22	1163.5509065240317	-0.8333333333
102	7	23	1163.5509065240317	-0.8333333333
102	7	24	1163.5509065240317	-0.8333333333
102	7	25	1163.5509065240317	-0.8333333333
102	7	26	1163.5509065240317	-0.8333333333
102	7	27	1163.5509065240317	-0.8333333333
102	7	28	1163.5509065240317	-0.8333333333
102	7	29	1163.5509065240317	-0.8333333333
102	7	30	1163.5509065240317	-0.8333333333
102	7	31	1163.5509065240317	-0.8333333333
103	0	0	1149.893305101966	-0.8333333333
103	0	1	1149.893305101966	-0.8333333333
103	0	2	1149.893305101966	-0.8333333333
103	0	3	1149.893305101966	-0.8333333333
103	0	4	1149.893305101966	-0.8333333333
103	0	5	1149.893305101966	-0.8333333333
103	0	6	1149.893305101966	-0.8333333333
103	0	7	1149.893305101966	-0.8333333333
103	0	8	1149.893305101966	-0.8333333333
103	0	9	1149.893305101966	-0.8333333333
103	0	10	1149.893305101966	-0.8333333333
103	0	11	1149.893305101966	-0.8333333333
103	0	12	1149.893305101966	-0.8333333333
103	0	13	1149.893305101966	-0.8333333333
103	0	14	1149.893305101966	-0.8333333333
103	0	15	1149.893305101966	-0.8333333333
103	0	16	1150.6681515899875	-0.8333333333
103	0	17	1150.6681515899875	-0.8333333333
103	0	18	1150.6681515899875	-0.8333333333
103	0	19	1150.6681515899875	-0.8333333333
103	0	20	1150.6681515899875	-0.8333333333
103	0	21	1150.6681515899875	-0.8333333333
103	0	22	1150.6681515899875	-0.8333333333
103	0	23	1150.6681515899875	-0.8333333333
103	0	24	1150.6681515899875	-0.8333333333
103	0	25	1150.6681515899875	-0.8333333333
103	0	26	1150.6681515899875	-0.8333333333
103	0	27	1150.6681515899875	-0.8333333333
103	0	28	1150.6681515899875	-0.8333333333
103	0	29	1150.6681515899875	-0.8333333333
103	0	30	1150.6681515899875	-0.8333333333
103	0	31	1150.6681515899875	-0.8333333333
103	1	0	1151.4088175856994	-0.8333333333
103	1	1	1151.4088175856994	-0.8333333333
103	1	2	1151.4088175856994	-0.8333333333
103	1	3	1151.4088175856994	-0.8333333333
103	1	4	1151.4088175856994	-0.8333333333
103	1	5	1151.4088175856994	-0.8333333333
103	1	6	1151.4088175856994	-0.8333333333
103	1	7	1151.4088175856994	-0.8333333333
103	1	8	1151.4088175856994	-0.8333333333
103	1	9	1151.4088175856994	-0.8333333333
103	1	10	1151.4088175856994	-0.8333333333
103	1	11	1151.4088175856994	-0.8333333333
103	1	12	1151.4088175856994	-0.8333333333
103	1	13	1151.4088175856994	-0.8333333333
103	1	14	1151.4088175856994	-0.8333333333
103	1	15	1151.4088175856994	-0.8333333333
103	1	16	1150.6859567955328	-0.8333333333
103	1	17	1150.6859567955328	-0.8333333333
103	1	18	1150.6859567955328	-0.8333333333
103	1	19	1150.6859567955328	-0.8333333333
103	1	20	1150.6859567955328	-0.8333333333
103	1	21	1150.6859567955328	-0.8333333333
103	1	22	1150.6859567955328	-0.8333333333
103	1	23	1150.6859567955328	-0.8333333333
103	1	24	1150.6859567955328	-0.8333333333
103	1	25	1150.6859567955328	-0.8333333333
103	1	26	1150.6859567955328	-0.8333333333
103	1	27	1150.6859567955328	-0.8333333333
103	1	28	1150.6859567955328	-0.8333333333
103	1	29	1150.6859567955328	-0.8333333333
103	1	30	1150.6859567955328	-0.8333333333
103	1	31	1150.6859567955328	-0.8333333333
103	2	0	1146.5133388091053	-0.8333333333
103	2	1	1146.5133388091053	-0.8333333333
103	2	2	1146.5133388091053	-0.8333333333
103	2	3	1146.5133388091053	-0.8333333333
103	2	4	1146.5133388091053	-0.8333333333
103	2	5	1146.5133388091053	-0.8333333333
103	2	6	1146.5133388091053	-0.8333333333
103	2	7	1146.5133388091053	-0.8333333333
103	2	8	1146.5133388091053	-0.8333333333
103	2	9	1146.5133388091053	-0.8333333333
103	2	10	1146.5133388091053	-0.8333333333
103	2	11	1146.5133388091053	-0.8333333333
103	2	12	1146.5133388091053	-0.8333333333
103	2	13	1146.5133388091053	-0.8333333333
103	2	14	1146.5133388091053	-0.8333333333
103	2	15	1146.5133388091053	-0.8333333333
103	2	16	1147.6343521617275	-0.8333333333
103	2	17	1147.6343521617275	-0.8333333333
103	2	18	1147.6343521617275	-0.8333333333
103	2	19	1147.6343521617275	-0.8333333333
103	2	20	1147.6343521617275	-0.8333333333
103	2	21	1147.6343521617275	-0.8333333333
103	2	22	1147.6343521617275	-0.8333333333
103	2	23	1147.6343521617275	-0.8333333333
103	2	24	1147.6343521617275	-0.8333333333
103	2	25	1147.6343521617275	-0.8333333333
103	2	26	1147.6343521617275	-0.8333333333
103	2	27	1147.6343521617275	-0.8333333333
103	2	28	1147.6343521617275	-0.8333333333
103	2	29	1147.6343521617275	-0.8333333333
103	2	30	1147.6343521617275	-0.8333333333
103	2	31	1147.6343521617275	-0.8333333333
103	3	0	1149.648714459416	-0.8333333333
103	3	1	1149.648714459416	-0.8333333333
103	3	2	1149.648714459416	-0.8333333333
103	3	3	1149.648714459416	-0.8333333333
103	3	4	1149.648714459416	-0.8333333333
103	3	5	1149.648714459416	-0.8333333333
103	3	6	1149.648714459416	-0.8333333333
103	3	7	1149.648714459416	-0.8333333333
103	3	8	1149.648714459416	-0.8333333333
103	3	9	1149.648714459416	-0.8333333333
103	3	10	1149.648714459416	-0.8333333333
103	3	11	1149.648714459416	-0.8333333333
103	3	12	1149.648714459416	-0.8333333333
103	3	13	1149.648714459416	-0.8333333333
103	3	14	1149.648714459416	-0.8333333333
103	3	15	1149.648714459416	-0.8333333333
103	3	16	1150.2671619936432	-0.8333333333
103	3	17	1150.2671619936432	-0.8333333333
103	3	18	1150.2671619936432	-0.8333333333
103	3	19	1150.2671619936432	-0.8333333333
103	3	20	1150.2671619936432	-0.8333333333
103	3	21	1150.2671619936432	-0.8333333333
103	3	22	1150.2671619936432	-0.8333333333
103	3	23	1150.2671619936432	-0.8333333333
103	3	24	1150.2671619936432	-0.8333333333
103	3	25	1150.2671619936432	-0.8333333333
103	3	26	1150.2671619936432	-0.8333333333
103	3	27	1150.2671619936432	-0.8333333333
103	3	28	1150.2671619936432	-0.8333333333
103	3	29	1150.2671619936432	-0.8333333333
103	3	30	1150.2671619936432	-0.8333333333
103	3	31	1150.2671619936432	-0.8333333333
103	4	0	1150.2196429020491	-0.8333333333
103	4	1	1150.2196429020491	-0.8333333333
103	4	2	1150.2196429020491	-0.8333333333
103	4	3	1150.2196429020491	-0.8333333333
103	4	4	1150.2196429020491	-0.8333333333
103	4	5	1150.2196429020491	-0.8333333333
103	4	6	1150.2196429020491	-0.8333333333
103	4	7	1150.2196429020491	-0.8333333333
103	4	8	1150.2196429020491	-0.8333333333
103	4	9	1150.2196429020491	-0.8333333333
103	4	10	1150.2196429020491	-0.8333333333
103	4	11	1150.2196429020491	-0.8333333333
103	4	12	1150.2196429020491	-0.8333333333
103	4	13	1150.2196429020491	-0.8333333333
103	4	14	1150.2196429020491	-0.8333333333
103	4	15	1150.2196429020491	-0.8333333333
103	4	16	1149.862174354373	-0.8333333333
103	4	17	1149.862174354373	-0.8333333333
103	4	18	1149.862174354373	-0.8333333333
103	4	19	1149.862174354373	-0.8333333333
103	4	20	1149.862174354373	-0.8333333333
103	4	21	1149.862174354373	-0.8333333333
103	4	22	1149.862174354373	-0.8333333333
103	4	23	1149.862174354373	-0.8333333333
103	4	24	1149.862174354373	-0.8333333333
103	4	25	1149.862174354373	-0.8333333333
103	4	26	1149.862174354373	-0.8333333333
103	4	27	1149.862174354373	-0.8333333333
103	4	28	1149.862174354373	-0.8333333333
103	4	29	1149.862174354373	-0.8333333333
103	4	30	1149.862174354373	-0.8333333333
103	4	31	1149.862174354373	-0.8333333333
103	5	0	1151.1631322146989	-0.8333333333
103	5	1	1151.1631322146989	-0.8333333333
103	5	2	1151.1631322146989	-0.8333333333
103	5	3	1151.1631322146989	-0.8333333333
103	5	4	1151.1631322146989	-0.8333333333
103	5	5	1151.1631322146989	-0.8333333333
103	5	6	1151.1631322146989	-0.8333333333
103	5	7	1151.1631322146989	-0.8333333333
103	5	8	1151.1631322146989	-0.8333333333
103	5	9	1151.1631322146989	-0.8333333333
103	5	10	1151.1631322146989	-0.8333333333
103	5	11	1151.1631322146989	-0.8333333333
103	5	12	1151.1631322146989	-0.8333333333
103	5	13	1151.1631322146989	-0.8333333333
103	5	14	1151.1631322146989	-0.8333333333
103	5	15	1151.1631322146989	-0.8333333333
103	5	16	1150.5020979359651	-0.8333333333
103	5	17	1150.5020979359651	-0.8333333333
103	5	18	1150.5020979359651	-0.8333333333
103	5	19	1150.5020979359651	-0.8333333333
103	5	20	1150.5020979359651	-0.8333333333
103	5	21	1150.5020979359651	-0.8333333333
103	5	22	1150.5020979359651	-0.8333333333
103	5	23	1150.5020979359651	-0.8333333333
103	5	24	1150.5020979359651	-0.8333333333
103	5	25	1150.5020979359651	-0.8333333333
103	5	26	1150.5020979359651	-0.8333333333
103	5	27	1150.5020979359651	-0.8333333333
103	5	28	1150.5020979359651	-0.8333333333
103	5	29	1150.5020979359651	-0.8333333333
103	5	30	1150.5020979359651	-0.8333333333
103	5	31	1150.5020979359651	-0.8333333333
103	6	0	1147.3138434823334	-0.8333333333
103	6	1	1147.3138434823334	-0.8333333333
103	6	2	1147.3138434823334	-0.8333333333
103	6	3	1147.3138434823334	-0.8333333333
103	6	4	1147.3138434823334	-0.8333333333
103	6	5	1147.3138434823334	-0.8333333333
103	6	6	1147.3138434823334	-0.8333333333
103	6	7	1147.3138434823334	-0.8333333333
103	6	8	1147.3138434823334	-0.8333333333
103	6	9	1147.3138434823334	-0.8333333333
103	6	10	1147.3138434823334	-0.8333333333
103	6	11	1147.3138434823334	-0.8333333333
103	6	12	1147.3138434823334	-0.8333333333
103	6	13	1147.3138434823334	-0.8333333333
103	6	14	1147.3138434823334	-0.8333333333
103	6	15	1147.3138434823334	-0.8333333333
103	6	16	1147.2671874771315	-0.8333333333
103	6	17	1147.2671874771315	-0.8333333333
103	6	18	1147.2671874771315	-0.8333333333
103	6	19	1147.2671874771315	-0.8333333333
103	6	20	1147.2671874771315	-0.8333333333
103	6	21	1147.2671874771315	-0.8333333333
103	6	22	1147.2671874771315	-0.8333333333
103	6	23	1147.2671874771315	-0.8333333333
103	6	24	1147.2671874771315	-0.8333333333
103	6	25	1147.2671874771315	-0.8333333333
103	6	26	1147.2671874771315	-0.8333333333
103	6	27	1147.2671874771315	-0.8333333333
103	6	28	1147.2671874771315	-0.8333333333
103	6	29	1147.2671874771315	-0.8333333333
103	6	30	1147.2671874771315	-0.8333333333
103	6	31	1147.2671874771315	-0.8333333333
103	7	0	1149.483889766453	-0.8333333333
103	7	1	1149.483889766453	-0.8333333333
103	7	2	1149.483889766453	-0.8333333333
103	7	3	1149.483889766453	-0.8333333333
103	7	4	1149.483889766453	-0.8333333333
103	7	5	1149.483889766453	-0.8333333333
103	7	6	1149.483889766453	-0.8333333333
103	7	7	1149.483889766453	-0.8333333333
103	7	8	1149.483889766453	-0.8333333333
103	7	9	1149.483889766453	-0.8333333333
103	7	10	1149.483889766453	-0.8333333333
103	7	11	1149.483889766453	-0.8333333333
103	7	12	1149.483889766453	-0.8333333333
103	7	13	1149.483889766453	-0.8333333333
103	7	14	1149.483889766453	-0.8333333333
103	7	15	1149.483889766453	-0.8333333333
103	7	16	1149.6099440878602	-0.8333333333
103	7	17	1149.6099440878602	-0.8333333333
103	7	18	1149.6099440878602	-0.8333333333
103	7	19	1149.6099440878602	-0.8333333333
103	7	20	1149.6099440878602	-0.8333333333
103	7	21	1149.6099440878602	-0.8333333333
103	7	22	1149.6099440878602	-0.8333333333
103	7	23	1149.6099440878602	-0.8333333333
103	7	24	1149.6099440878602	-0.8333333333
103	7	25	1149.6099440878602	-0.8333333333
103	7	26	1149.6099440878602	-0.8333333333
103	7	27	1149.6099440878602	-0.8333333333
103	7	28	1149.6099440878602	-0.8333333333
103	7	29	1149.6099440878602	-0.8333333333
103	7	30	1149.6099440878602	-0.8333333333
103	7	31	1149.6099440878602	-0.8333333333
104	0	0	1147.7973080405836	-0.8333333333
104	0	1	1147.7973080405836	-0.8333333333
104	0	2	1147.7973080405836	-0.8333333333
104	0	3	1147.7973080405836	-0.8333333333
104	0	4	1147.7973080405836	-0.8333333333
104	0	5	1147.7973080405836	-0.8333333333
104	0	6	1147.7973080405836	-0.8333333333
104	0	7	1147.7973080405836	-0.8333333333
104	0	8	1147.7973080405836	-0.8333333333
104	0	9	1147.7973080405836	-0.8333333333
104	0	10	1147.7973080405836	-0.8333333333
104	0	11	1147.7973080405836	-0.8333333333
104	0	12	1147.7973080405836	-0.8333333333
104	0	13	1147.7973080405836	-0.8333333333
104	0	14	1147.7973080405836	-0.8333333333
104	0	15	1147.7973080405836	-0.8333333333
104	0	16	1148.4677332541082	-0.8333333333
104	0	17	1148.4677332541082	-0.8333333333
104	0	18	1148.4677332541082	-0.8333333333
104	0	19	1148.4677332541082	-0.8333333333
104	0	20	1148.4677332541082	-0.8333333333
104	0	21	1148.4677332541082	-0.8333333333
104	0	22	1148.4677332541082	-0.8333333333
104	0	23	1148.4677332541082	-0.8333333333
104	0	24	1148.4677332541082	-0.8333333333
104	0	25	1148.4677332541082	-0.8333333333
104	0	26	1148.4677332541082	-0.8333333333
104	0	27	1148.4677332541082	-0.8333333333
104	0	28	1148.4677332541082	-0.8333333333
104	0	29	1148.4677332541082	-0.8333333333
104	0	30	1148.4677332541082	-0.8333333333
104	0	31	1148.4677332541082	-0.8333333333
104	1	0	1145.5665984223783	-0.8333333333
104	1	1	1145.5665984223783	-0.8333333333
104	1	2	1145.5665984223783	-0.8333333333
104	1	3	1145.5665984223783	-0.8333333333
104	1	4	1145.5665984223783	-0.8333333333
104	1	5	1145.5665984223783	-0.8333333333
104	1	6	1145.5665984223783	-0.8333333333
104	1	7	1145.5665984223783	-0.8333333333
104	1	8	1145.5665984223783	-0.8333333333
104	1	9	1145.5665984223783	-0.8333333333
104	1	10	1145.5665984223783	-0.8333333333
104	1	11	1145.5665984223783	-0.8333333333
104	1	12	1145.5665984223783	-0.8333333333
104	1	13	1145.5665984223783	-0.8333333333
104	1	14	1145.5665984223783	-0.8333333333
104	1	15	1145.5665984223783	-0.8333333333
104	1	16	1145.4243894259355	-0.8333333333
104	1	17	1145.4243894259355	-0.8333333333
104	1	18	1145.4243894259355	-0.8333333333
104	1	19	1145.4243894259355	-0.8333333333
104	1	20	1145.4243894259355	-0.8333333333
104	1	21	1145.4243894259355	-0.8333333333
104	1	22	1145.4243894259355	-0.8333333333
104	1	23	1145.4243894259355	-0.8333333333
104	1	24	1145.4243894259355	-0.8333333333
104	1	25	1145.4243894259355	-0.8333333333
104	1	26	1145.4243894259355	-0.8333333333
104	1	27	1145.4243894259355	-0.8333333333
104	1	28	1145.4243894259355	-0.8333333333
104	1	29	1145.4243894259355	-0.8333333333
104	1	30	1145.4243894259355	-0.8333333333
104	1	31	1145.4243894259355	-0.8333333333
104	2	0	1149.2318909839803	-0.8333333333
104	2	1	1149.2318909839803	-0.8333333333
104	2	2	1149.2318909839803	-0.8333333333
104	2	3	1149.2318909839803	-0.8333333333
104	2	4	1149.2318909839803	-0.8333333333
104	2	5	1149.2318909839803	-0.8333333333
104	2	6	1149.2318909839803	-0.8333333333
104	2	7	1149.2318909839803	-0.8333333333
104	2	8	1149.2318909839803	-0.8333333333
104	2	9	1149.2318909839803	-0.8333333333
104	2	10	1149.2318909839803	-0.8333333333
104	2	11	1149.2318909839803	-0.8333333333
104	2	12	1149.2318909839803	-0.8333333333
104	2	13	1149.2318909839803	-0.8333333333
104	2	14	1149.2318909839803	-0.8333333333
104	2	15	1149.2318909839803	-0.8333333333
104	2	16	1149.0935712021856	-0.8333333333
104	2	17	1149.0935712021856	-0.8333333333
104	2	18	1149.0935712021856	-0.8333333333
104	2	19	1149.0935712021856	-0.8333333333
104	2	20	1149.0935712021856	-0.8333333333
104	2	21	1149.0935712021856	-0.8333333333
104	2	22	1149.0935712021856	-0.8333333333
104	2	23	1149.0935712021856	-0.8333333333
104	2	24	1149.0935712021856	-0.8333333333
104	2	25	1149.0935712021856	-0.8333333333
104	2	26	1149.0935712021856	-0.8333333333
104	2	27	1149.0935712021856	-0.8333333333
104	2	28	1149.0935712021856	-0.8333333333
104	2	29	1149.0935712021856	-0.8333333333
104	2	30	1149.0935712021856	-0.8333333333
104	2	31	1149.0935712021856	-0.8333333333
104	3	0	1148.8741196242856	-0.8333333333
104	3	1	1148.8741196242856	-0.8333333333
104	3	2	1148.8741196242856	-0.8333333333
104	3	3	1148.8741196242856	-0.8333333333
104	3	4	1148.8741196242856	-0.8333333333
104	3	5	1148.8741196242856	-0.8333333333
104	3	6	1148.8741196242856	-0.8333333333
104	3	7	1148.8741196242856	-0.8333333333
104	3	8	1148.8741196242856	-0.8333333333
104	3	9	1148.8741196242856	-0.8333333333
104	3	10	1148.8741196242856	-0.8333333333
104	3	11	1148.8741196242856	-0.8333333333
104	3	12	1148.8741196242856	-0.8333333333
104	3	13	1148.8741196242856	-0.8333333333
104	3	14	1148.8741196242856	-0.8333333333
104	3	15	1148.8741196242856	-0.8333333333
104	3	16	1149.1593213341216	-0.8333333333
104	3	17	1149.1593213341216	-0.8333333333
104	3	18	1149.1593213341216	-0.8333333333
104	3	19	1149.1593213341216	-0.8333333333
104	3	20	1149.1593213341216	-0.8333333333
104	3	21	1149.1593213341216	-0.8333333333
104	3	22	1149.1593213341216	-0.8333333333
104	3	23	1149.1593213341216	-0.8333333333
104	3	24	1149.1593213341216	-0.8333333333
104	3	25	1149.1593213341216	-0.8333333333
104	3	26	1149.1593213341216	-0.8333333333
104	3	27	1149.1593213341216	-0.8333333333
104	3	28	1149.1593213341216	-0.8333333333
104	3	29	1149.1593213341216	-0.8333333333
104	3	30	1149.1593213341216	-0.8333333333
104	3	31	1149.1593213341216	-0.8333333333
104	4	0	1148.8752290128034	-0.8333333333
104	4	1	1148.8752290128034	-0.8333333333
104	4	2	1148.8752290128034	-0.8333333333
104	4	3	1148.8752290128034	-0.8333333333
104	4	4	1148.8752290128034	-0.8333333333
104	4	5	1148.8752290128034	-0.8333333333
104	4	6	1148.8752290128034	-0.8333333333
104	4	7	1148.8752290128034	-0.8333333333
104	4	8	1148.8752290128034	-0.8333333333
104	4	9	1148.8752290128034	-0.8333333333
104	4	10	1148.8752290128034	-0.8333333333
104	4	11	1148.8752290128034	-0.8333333333
104	4	12	1148.8752290128034	-0.8333333333
104	4	13	1148.8752290128034	-0.8333333333
104	4	14	1148.8752290128034	-0.8333333333
104	4	15	1148.8752290128034	-0.8333333333
104	4	16	1148.0389195819203	-0.8333333333
104	4	17	1148.0389195819203	-0.8333333333
104	4	18	1148.0389195819203	-0.8333333333
104	4	19	1148.0389195819203	-0.8333333333
104	4	20	1148.0389195819203	-0.8333333333
104	4	21	1148.0389195819203	-0.8333333333
104	4	22	1148.0389195819203	-0.8333333333
104	4	23	1148.0389195819203	-0.8333333333
104	4	24	1148.0389195819203	-0.8333333333
104	4	25	1148.0389195819203	-0.8333333333
104	4	26	1148.0389195819203	-0.8333333333
104	4	27	1148.0389195819203	-0.8333333333
104	4	28	1148.0389195819203	-0.8333333333
104	4	29	1148.0389195819203	-0.8333333333
104	4	30	1148.0389195819203	-0.8333333333
104	4	31	1148.0389195819203	-0.8333333333
104	5	0	1146.1708522797742	-0.8333333333
104	5	1	1146.1708522797742	-0.8333333333
104	5	2	1146.1708522797742	-0.8333333333
104	5	3	1146.1708522797742	-0.8333333333
104	5	4	1146.1708522797742	-0.8333333333
104	5	5	1146.1708522797742	-0.8333333333
104	5	6	1146.1708522797742	-0.8333333333
104	5	7	1146.1708522797742	-0.8333333333
104	5	8	1146.1708522797742	-0.8333333333
104	5	9	1146.1708522797742	-0.8333333333
104	5	10	1146.1708522797742	-0.8333333333
104	5	11	1146.1708522797742	-0.8333333333
104	5	12	1146.1708522797742	-0.8333333333
104	5	13	1146.1708522797742	-0.8333333333
104	5	14	1146.1708522797742	-0.8333333333
104	5	15	1146.1708522797742	-0.8333333333
104	5	16	1145.5781388752005	-0.8333333333
104	5	17	1145.5781388752005	-0.8333333333
104	5	18	1145.5781388752005	-0.8333333333
104	5	19	1145.5781388752005	-0.8333333333
104	5	20	1145.5781388752005	-0.8333333333
104	5	21	1145.5781388752005	-0.8333333333
104	5	22	1145.5781388752005	-0.8333333333
104	5	23	1145.5781388752005	-0.8333333333
104	5	24	1145.5781388752005	-0.8333333333
104	5	25	1145.5781388752005	-0.8333333333
104	5	26	1145.5781388752005	-0.8333333333
104	5	27	1145.5781388752005	-0.8333333333
104	5	28	1145.5781388752005	-0.8333333333
104	5	29	1145.5781388752005	-0.8333333333
104	5	30	1145.5781388752005	-0.8333333333
104	5	31	1145.5781388752005	-0.8333333333
104	6	0	1149.6944357446628	-0.8333333333
104	6	1	1149.6944357446628	-0.8333333333
104	6	2	1149.6944357446628	-0.8333333333
104	6	3	1149.6944357446628	-0.8333333333
104	6	4	1149.6944357446628	-0.8333333333
104	6	5	1149.6944357446628	-0.8333333333
104	6	6	1149.6944357446628	-0.8333333333
104	6	7	1149.6944357446628	-0.8333333333
104	6	8	1149.6944357446628	-0.8333333333
104	6	9	1149.6944357446628	-0.8333333333
104	6	10	1149.6944357446628	-0.8333333333
104	6	11	1149.6944357446628	-0.8333333333
104	6	12	1149.6944357446628	-0.8333333333
104	6	13	1149.6944357446628	-0.8333333333
104	6	14	1149.6944357446628	-0.8333333333
104	6	15	1149.6944357446628	-0.8333333333
104	6	16	1149.3014405208494	-0.8333333333
104	6	17	1149.3014405208494	-0.8333333333
104	6	18	1149.3014405208494	-0.8333333333
104	6	19	1149.3014405208494	-0.8333333333
104	6	20	1149.3014405208494	-0.8333333333
104	6	21	1149.3014405208494	-0.8333333333
104	6	22	1149.3014405208494	-0.8333333333
104	6	23	1149.3014405208494	-0.8333333333
104	6	24	1149.3014405208494	-0.8333333333
104	6	25	1149.3014405208494	-0.8333333333
104	6	26	1149.3014405208494	-0.8333333333
104	6	27	1149.3014405208494	-0.8333333333
104	6	28	1149.3014405208494	-0.8333333333
104	6	29	1149.3014405208494	-0.8333333333
104	6	30	1149.3014405208494	-0.8333333333
104	6	31	1149.3014405208494	-0.8333333333
104	7	0	1150.6765217410352	-0.8333333333
104	7	1	1150.6765217410352	-0.8333333333
104	7	2	1150.6765217410352	-0.8333333333
104	7	3	1150.6765217410352	-0.8333333333
104	7	4	1150.6765217410352	-0.8333333333
104	7	5	1150.6765217410352	-0.8333333333
104	7	6	1150.6765217410352	-0.8333333333
104	7	7	1150.6765217410352	-0.8333333333
104	7	8	1150.6765217410352	-0.8333333333
104	7	9	1150.6765217410352	-0.8333333333
104	7	10	1150.6765217410352	-0.8333333333
104	7	11	1150.6765217410352	-0.8333333333
104	7	12	1150.6765217410352	-0.8333333333
104	7	13	1150.6765217410352	-0.8333333333
104	7	14	1150.6765217410352	-0.8333333333
104	7	15	1150.6765217410352	-0.8333333333
104	7	16	1148.3828751198464	-0.8333333333
104	7	17	1148.3828751198464	-0.8333333333
104	7	18	1148.3828751198464	-0.8333333333
104	7	19	1148.3828751198464	-0.8333333333
104	7	20	1148.3828751198464	-0.8333333333
104	7	21	1148.3828751198464	-0.8333333333
104	7	22	1148.3828751198464	-0.8333333333
104	7	23	1148.3828751198464	-0.8333333333
104	7	24	1148.3828751198464	-0.8333333333
104	7	25	1148.3828751198464	-0.8333333333
104	7	26	1148.3828751198464	-0.8333333333
104	7	27	1148.3828751198464	-0.8333333333
104	7	28	1148.3828751198464	-0.8333333333
104	7	29	1148.3828751198464	-0.8333333333
104	7	30	1148.3828751198464	-0.8333333333
104	7	31	1148.3828751198464	-0.8333333333
