#CId	PlId	SegId	UorD	Type	nParam	p0	p1	p2
#BHT
1	0	0	0	1	3	0.000000e+00	0.000000e+00	0.000000e+00
1	0	1	0	1	3	0.000000e+00	0.000000e+00	0.000000e+00
1	0	2	0	1	3	0.000000e+00	0.000000e+00	0.000000e+00
1	0	3	0	1	3	0.000000e+00	0.000000e+00	0.000000e+00
1	0	4	0	1	3	0.000000e+00	0.000000e+00	0.000000e+00
1	0	5	0	1	3	0.000000e+00	0.000000e+00	0.000000e+00
1	0	6	0	1	3	0.000000e+00	0.000000e+00	0.000000e+00
1	0	7	0	1	3	0.000000e+00	0.000000e+00	0.000000e+00
1	0	8	0	1	3	0.000000e+00	0.000000e+00	0.000000e+00
1	0	9	0	1	3	0.000000e+00	0.000000e+00	0.000000e+00
1	0	10	0	1	3	0.000000e+00	0.000000e+00	0.000000e+00
1	0	11	0	1	3	0.000000e+00	0.000000e+00	0.000000e+00
1	0	12	0	1	3	0.000000e+00	0.000000e+00	0.000000e+00
1	0	13	0	1	3	0.000000e+00	0.000000e+00	0.000000e+00
1	0	14	0	1	3	0.000000e+00	0.000000e+00	0.000000e+00
1	0	15	0	1	3	0.000000e+00	0.000000e+00	0.000000e+00
1	0	16	0	1	3	0.000000e+00	0.000000e+00	0.000000e+00
1	0	17	0	1	3	0.000000e+00	0.000000e+00	0.000000e+00
1	0	18	0	1	3	0.000000e+00	0.000000e+00	0.000000e+00
1	0	19	0	1	3	0.000000e+00	0.000000e+00	0.000000e+00
1	0	20	0	1	3	0.000000e+00	0.000000e+00	0.000000e+00
1	0	21	0	1	3	0.000000e+00	0.000000e+00	0.000000e+00
1	0	22	0	1	3	0.000000e+00	0.000000e+00	0.000000e+00
1	0	23	0	1	3	0.000000e+00	0.000000e+00	0.000000e+00
1	0	24	0	1	3	0.000000e+00	0.000000e+00	0.000000e+00
1	0	25	0	1	3	0.000000e+00	0.000000e+00	0.000000e+00
1	0	26	0	1	3	0.000000e+00	0.000000e+00	0.000000e+00
1	0	27	0	1	3	0.000000e+00	0.000000e+00	0.000000e+00
1	0	28	0	1	3	0.000000e+00	0.000000e+00	0.000000e+00
1	0	29	0	1	3	0.000000e+00	0.000000e+00	0.000000e+00
1	0	30	0	1	3	0.000000e+00	0.000000e+00	0.000000e+00
1	0	31	0	1	3	0.000000e+00	0.000000e+00	0.000000e+00
1	0	32	0	1	3	0.000000e+00	0.000000e+00	0.000000e+00
1	0	33	0	1	3	0.000000e+00	0.000000e+00	0.000000e+00
1	0	34	0	1	3	0.000000e+00	0.000000e+00	0.000000e+00
1	0	35	0	1	3	0.000000e+00	0.000000e+00	0.000000e+00
1	0	36	0	1	3	0.000000e+00	0.000000e+00	0.000000e+00
1	0	37	0	1	3	0.000000e+00	0.000000e+00	0.000000e+00
1	0	38	0	1	3	0.000000e+00	0.000000e+00	0.000000e+00
1	0	39	0	1	3	0.000000e+00	0.000000e+00	0.000000e+00
1	0	40	0	1	3	0.000000e+00	0.000000e+00	0.000000e+00
1	0	41	0	1	3	0.000000e+00	0.000000e+00	0.000000e+00
1	0	42	0	1	3	0.000000e+00	0.000000e+00	0.000000e+00
1	0	43	0	1	3	0.000000e+00	0.000000e+00	0.000000e+00
1	0	44	0	1	3	0.000000e+00	0.000000e+00	0.000000e+00
1	0	45	0	1	3	0.000000e+00	0.000000e+00	0.000000e+00
1	0	46	0	1	3	0.000000e+00	0.000000e+00	0.000000e+00
1	0	47	0	1	3	0.000000e+00	0.000000e+00	0.000000e+00
1	0	48	0	1	3	0.000000e+00	0.000000e+00	0.000000e+00
1	0	49	0	1	3	0.000000e+00	0.000000e+00	0.000000e+00
1	0	50	0	1	3	0.000000e+00	0.000000e+00	0.000000e+00
1	0	51	0	1	3	0.000000e+00	0.000000e+00	0.000000e+00
1	0	52	0	1	3	0.000000e+00	0.000000e+00	0.000000e+00
1	0	53	0	1	3	0.000000e+00	0.000000e+00	0.000000e+00
1	0	54	0	1	3	0.000000e+00	0.000000e+00	0.000000e+00
1	0	55	0	1	3	0.000000e+00	0.000000e+00	0.000000e+00
1	0	56	0	1	3	0.000000e+00	0.000000e+00	0.000000e+00
1	0	57	0	1	3	0.000000e+00	0.000000e+00	0.000000e+00
1	0	58	0	1	3	0.000000e+00	0.000000e+00	0.000000e+00
1	0	59	0	1	3	0.000000e+00	0.000000e+00	0.000000e+00
1	0	60	0	1	3	0.000000e+00	0.000000e+00	0.000000e+00
1	0	61	0	1	3	0.000000e+00	0.000000e+00	0.000000e+00
1	0	62	0	1	3	0.000000e+00	0.000000e+00	0.000000e+00
1	0	0	1	1	3	0.000000e+00	0.000000e+00	0.000000e+00
1	0	1	1	1	3	0.000000e+00	0.000000e+00	0.000000e+00
1	0	2	1	1	3	0.000000e+00	0.000000e+00	0.000000e+00
1	0	3	1	1	3	0.000000e+00	0.000000e+00	0.000000e+00
1	0	4	1	1	3	0.000000e+00	0.000000e+00	0.000000e+00
1	0	5	1	1	3	0.000000e+00	0.000000e+00	0.000000e+00
1	0	6	1	1	3	0.000000e+00	0.000000e+00	0.000000e+00
1	0	7	1	1	3	0.000000e+00	0.000000e+00	0.000000e+00
1	0	8	1	1	3	0.000000e+00	0.000000e+00	0.000000e+00
1	0	9	1	1	3	0.000000e+00	0.000000e+00	0.000000e+00
1	0	10	1	1	3	0.000000e+00	0.000000e+00	0.000000e+00
1	0	11	1	1	3	0.000000e+00	0.000000e+00	0.000000e+00
1	0	12	1	1	3	0.000000e+00	0.000000e+00	0.000000e+00
1	0	13	1	1	3	0.000000e+00	0.000000e+00	0.000000e+00
1	0	14	1	1	3	0.000000e+00	0.000000e+00	0.000000e+00
1	0	15	1	1	3	0.000000e+00	0.000000e+00	0.000000e+00
1	0	16	1	1	3	0.000000e+00	0.000000e+00	0.000000e+00
1	0	17	1	1	3	0.000000e+00	0.000000e+00	0.000000e+00
1	0	18	1	1	3	0.000000e+00	0.000000e+00	0.000000e+00
1	0	19	1	1	3	0.000000e+00	0.000000e+00	0.000000e+00
1	0	20	1	1	3	0.000000e+00	0.000000e+00	0.000000e+00
1	0	21	1	1	3	0.000000e+00	0.000000e+00	0.000000e+00
1	0	22	1	1	3	0.000000e+00	0.000000e+00	0.000000e+00
1	0	23	1	1	3	0.000000e+00	0.000000e+00	0.000000e+00
1	0	24	1	1	3	0.000000e+00	0.000000e+00	0.000000e+00
1	0	25	1	1	3	0.000000e+00	0.000000e+00	0.000000e+00
1	0	26	1	1	3	0.000000e+00	0.000000e+00	0.000000e+00
1	0	27	1	1	3	0.000000e+00	0.000000e+00	0.000000e+00
1	0	28	1	1	3	0.000000e+00	0.000000e+00	0.000000e+00
1	0	29	1	1	3	0.000000e+00	0.000000e+00	0.000000e+00
1	0	30	1	1	3	0.000000e+00	0.000000e+00	0.000000e+00
1	0	31	1	1	3	0.000000e+00	0.000000e+00	0.000000e+00
1	0	32	1	1	3	0.000000e+00	0.000000e+00	0.000000e+00
1	0	33	1	1	3	0.000000e+00	0.000000e+00	0.000000e+00
1	0	34	1	1	3	0.000000e+00	0.000000e+00	0.000000e+00
1	0	35	1	1	3	0.000000e+00	0.000000e+00	0.000000e+00
1	0	36	1	1	3	0.000000e+00	0.000000e+00	0.000000e+00
1	0	37	1	1	3	0.000000e+00	0.000000e+00	0.000000e+00
1	0	38	1	1	3	0.000000e+00	0.000000e+00	0.000000e+00
1	0	39	1	1	3	0.000000e+00	0.000000e+00	0.000000e+00
1	0	40	1	1	3	0.000000e+00	0.000000e+00	0.000000e+00
1	0	41	1	1	3	0.000000e+00	0.000000e+00	0.000000e+00
1	0	42	1	1	3	0.000000e+00	0.000000e+00	0.000000e+00
1	0	43	1	1	3	0.000000e+00	0.000000e+00	0.000000e+00
1	0	44	1	1	3	0.000000e+00	0.000000e+00	0.000000e+00
1	0	45	1	1	3	0.000000e+00	0.000000e+00	0.000000e+00
1	0	46	1	1	3	0.000000e+00	0.000000e+00	0.000000e+00
1	0	47	1	1	3	0.000000e+00	0.000000e+00	0.000000e+00
1	0	48	1	1	3	0.000000e+00	0.000000e+00	0.000000e+00
1	0	49	1	1	3	0.000000e+00	0.000000e+00	0.000000e+00
1	0	50	1	1	3	0.000000e+00	0.000000e+00	0.000000e+00
1	0	51	1	1	3	0.000000e+00	0.000000e+00	0.000000e+00
1	0	52	1	1	3	0.000000e+00	0.000000e+00	0.000000e+00
1	0	53	1	1	3	0.000000e+00	0.000000e+00	0.000000e+00
1	0	54	1	1	3	0.000000e+00	0.000000e+00	0.000000e+00
1	0	55	1	1	3	0.000000e+00	0.000000e+00	0.000000e+00
1	0	56	1	1	3	0.000000e+00	0.000000e+00	0.000000e+00
1	0	57	1	1	3	0.000000e+00	0.000000e+00	0.000000e+00
1	0	58	1	1	3	0.000000e+00	0.000000e+00	0.000000e+00
1	0	59	1	1	3	0.000000e+00	0.000000e+00	0.000000e+00
1	0	60	1	1	3	0.000000e+00	0.000000e+00	0.000000e+00
1	0	61	1	1	3	0.000000e+00	0.000000e+00	0.000000e+00
1	0	62	1	1	3	0.000000e+00	0.000000e+00	0.000000e+00
#BH2
3	0	0	0	1	3	0.000000e+00	0.000000e+00	0.000000e+00
3	0	1	0	1	3	0.000000e+00	0.000000e+00	0.000000e+00
3	0	2	0	1	3	0.000000e+00	0.000000e+00	0.000000e+00
3	0	3	0	1	3	0.000000e+00	0.000000e+00	0.000000e+00
3	0	4	0	1	3	0.000000e+00	0.000000e+00	0.000000e+00
3	0	5	0	1	3	0.000000e+00	0.000000e+00	0.000000e+00
3	0	6	0	1	3	0.000000e+00	0.000000e+00	0.000000e+00
3	0	7	0	1	3	0.000000e+00	0.000000e+00	0.000000e+00
3	0	8	0	1	3	0.000000e+00	0.000000e+00	0.000000e+00
3	0	9	0	1	3	0.000000e+00	0.000000e+00	0.000000e+00
3	0	10	0	1	3	0.000000e+00	0.000000e+00	0.000000e+00
3	0	11	0	1	3	0.000000e+00	0.000000e+00	0.000000e+00
3	0	12	0	1	3	0.000000e+00	0.000000e+00	0.000000e+00
3	0	13	0	1	3	0.000000e+00	0.000000e+00	0.000000e+00
3	0	14	0	1	3	0.000000e+00	0.000000e+00	0.000000e+00
3	0	0	1	1	3	0.000000e+00	0.000000e+00	0.000000e+00
3	0	1	1	1	3	0.000000e+00	0.000000e+00	0.000000e+00
3	0	2	1	1	3	0.000000e+00	0.000000e+00	0.000000e+00
3	0	3	1	1	3	0.000000e+00	0.000000e+00	0.000000e+00
3	0	4	1	1	3	0.000000e+00	0.000000e+00	0.000000e+00
3	0	5	1	1	3	0.000000e+00	0.000000e+00	0.000000e+00
3	0	6	1	1	3	0.000000e+00	0.000000e+00	0.000000e+00
3	0	7	1	1	3	0.000000e+00	0.000000e+00	0.000000e+00
3	0	8	1	1	3	0.000000e+00	0.000000e+00	0.000000e+00
3	0	9	1	1	3	0.000000e+00	0.000000e+00	0.000000e+00
3	0	10	1	1	3	0.000000e+00	0.000000e+00	0.000000e+00
3	0	11	1	1	3	0.000000e+00	0.000000e+00	0.000000e+00
3	0	12	1	1	3	0.000000e+00	0.000000e+00	0.000000e+00
3	0	13	1	1	3	0.000000e+00	0.000000e+00	0.000000e+00
3	0	14	1	1	3	0.000000e+00	0.000000e+00	0.000000e+00
#HTOF
5	0	0	0	1	3	0.000000e+00	0.000000e+00	0.000000e+00
5	0	1	0	1	3	0.000000e+00	0.000000e+00	0.000000e+00
5	0	2	0	1	3	0.000000e+00	0.000000e+00	0.000000e+00
5	0	3	0	1	3	0.000000e+00	0.000000e+00	0.000000e+00
5	0	4	0	1	3	0.000000e+00	0.000000e+00	0.000000e+00
5	0	5	0	1	3	0.000000e+00	0.000000e+00	0.000000e+00
5	0	6	0	1	3	0.000000e+00	0.000000e+00	0.000000e+00
5	0	7	0	1	3	0.000000e+00	0.000000e+00	0.000000e+00
5	0	8	0	1	3	0.000000e+00	0.000000e+00	0.000000e+00
5	0	9	0	1	3	0.000000e+00	0.000000e+00	0.000000e+00
5	0	10	0	1	3	0.000000e+00	0.000000e+00	0.000000e+00
5	0	11	0	1	3	0.000000e+00	0.000000e+00	0.000000e+00
5	0	12	0	1	3	0.000000e+00	0.000000e+00	0.000000e+00
5	0	13	0	1	3	0.000000e+00	0.000000e+00	0.000000e+00
5	0	14	0	1	3	0.000000e+00	0.000000e+00	0.000000e+00
5	0	15	0	1	3	0.000000e+00	0.000000e+00	0.000000e+00
5	0	16	0	1	3	0.000000e+00	0.000000e+00	0.000000e+00
5	0	17	0	1	3	0.000000e+00	0.000000e+00	0.000000e+00
5	0	18	0	1	3	0.000000e+00	0.000000e+00	0.000000e+00
5	0	19	0	1	3	0.000000e+00	0.000000e+00	0.000000e+00
5	0	20	0	1	3	0.000000e+00	0.000000e+00	0.000000e+00
5	0	21	0	1	3	0.000000e+00	0.000000e+00	0.000000e+00
5	0	22	0	1	3	0.000000e+00	0.000000e+00	0.000000e+00
5	0	23	0	1	3	0.000000e+00	0.000000e+00	0.000000e+00
5	0	24	0	1	3	0.000000e+00	0.000000e+00	0.000000e+00
5	0	25	0	1	3	0.000000e+00	0.000000e+00	0.000000e+00
5	0	26	0	1	3	0.000000e+00	0.000000e+00	0.000000e+00
5	0	27	0	1	3	0.000000e+00	0.000000e+00	0.000000e+00
5	0	28	0	1	3	0.000000e+00	0.000000e+00	0.000000e+00
5	0	29	0	1	3	0.000000e+00	0.000000e+00	0.000000e+00
5	0	30	0	1	3	0.000000e+00	0.000000e+00	0.000000e+00
5	0	31	0	1	3	0.000000e+00	0.000000e+00	0.000000e+00
5	0	32	0	1	3	0.000000e+00	0.000000e+00	0.000000e+00
5	0	33	0	1	3	0.000000e+00	0.000000e+00	0.000000e+00
5	0	0	1	1	3	0.000000e+00	0.000000e+00	0.000000e+00
5	0	1	1	1	3	0.000000e+00	0.000000e+00	0.000000e+00
5	0	2	1	1	3	0.000000e+00	0.000000e+00	0.000000e+00
5	0	3	1	1	3	0.000000e+00	0.000000e+00	0.000000e+00
5	0	4	1	1	3	0.000000e+00	0.000000e+00	0.000000e+00
5	0	5	1	1	3	0.000000e+00	0.000000e+00	0.000000e+00
5	0	6	1	1	3	0.000000e+00	0.000000e+00	0.000000e+00
5	0	7	1	1	3	0.000000e+00	0.000000e+00	0.000000e+00
5	0	8	1	1	3	0.000000e+00	0.000000e+00	0.000000e+00
5	0	9	1	1	3	0.000000e+00	0.000000e+00	0.000000e+00
5	0	10	1	1	3	0.000000e+00	0.000000e+00	0.000000e+00
5	0	11	1	1	3	0.000000e+00	0.000000e+00	0.000000e+00
5	0	12	1	1	3	0.000000e+00	0.000000e+00	0.000000e+00
5	0	13	1	1	3	0.000000e+00	0.000000e+00	0.000000e+00
5	0	14	1	1	3	0.000000e+00	0.000000e+00	0.000000e+00
5	0	15	1	1	3	0.000000e+00	0.000000e+00	0.000000e+00
5	0	16	1	1	3	0.000000e+00	0.000000e+00	0.000000e+00
5	0	17	1	1	3	0.000000e+00	0.000000e+00	0.000000e+00
5	0	18	1	1	3	0.000000e+00	0.000000e+00	0.000000e+00
5	0	19	1	1	3	0.000000e+00	0.000000e+00	0.000000e+00
5	0	20	1	1	3	0.000000e+00	0.000000e+00	0.000000e+00
5	0	21	1	1	3	0.000000e+00	0.000000e+00	0.000000e+00
5	0	22	1	1	3	0.000000e+00	0.000000e+00	0.000000e+00
5	0	23	1	1	3	0.000000e+00	0.000000e+00	0.000000e+00
5	0	24	1	1	3	0.000000e+00	0.000000e+00	0.000000e+00
5	0	25	1	1	3	0.000000e+00	0.000000e+00	0.000000e+00
5	0	26	1	1	3	0.000000e+00	0.000000e+00	0.000000e+00
5	0	27	1	1	3	0.000000e+00	0.000000e+00	0.000000e+00
5	0	28	1	1	3	0.000000e+00	0.000000e+00	0.000000e+00
5	0	29	1	1	3	0.000000e+00	0.000000e+00	0.000000e+00
5	0	30	1	1	3	0.000000e+00	0.000000e+00	0.000000e+00
5	0	31	1	1	3	0.000000e+00	0.000000e+00	0.000000e+00
5	0	32	1	1	3	0.000000e+00	0.000000e+00	0.000000e+00
5	0	33	1	1	3	0.000000e+00	0.000000e+00	0.000000e+00
#T1
7	0	0	0	0	3	0.000000e+00	0.000000e+00	0.000000e+00
#CVC
8	0	0	0	1	3	0.000000e+00	0.000000e+00	0.000000e+00
8	0	1	0	1	3	0.000000e+00	0.000000e+00	0.000000e+00
8	0	2	0	1	3	0.000000e+00	0.000000e+00	0.000000e+00
8	0	3	0	1	3	0.000000e+00	0.000000e+00	0.000000e+00
8	0	4	0	1	3	0.000000e+00	0.000000e+00	0.000000e+00
8	0	5	0	1	3	0.000000e+00	0.000000e+00	0.000000e+00
8	0	6	0	1	3	0.000000e+00	0.000000e+00	0.000000e+00
8	0	7	0	1	3	0.000000e+00	0.000000e+00	0.000000e+00
8	0	0	1	1	3	0.000000e+00	0.000000e+00	0.000000e+00
8	0	1	1	1	3	0.000000e+00	0.000000e+00	0.000000e+00
8	0	2	1	1	3	0.000000e+00	0.000000e+00	0.000000e+00
8	0	3	1	1	3	0.000000e+00	0.000000e+00	0.000000e+00
8	0	4	1	1	3	0.000000e+00	0.000000e+00	0.000000e+00
8	0	5	1	1	3	0.000000e+00	0.000000e+00	0.000000e+00
8	0	6	1	1	3	0.000000e+00	0.000000e+00	0.000000e+00
8	0	7	1	1	3	0.000000e+00	0.000000e+00	0.000000e+00
#COBO
11	0	0	0	0	3	0.000000e+00	0.000000e+00	0.000000e+00
11	0	1	0	0	3	0.000000e+00	0.000000e+00	0.000000e+00
11	0	2	0	0	3	0.000000e+00	0.000000e+00	0.000000e+00
11	0	3	0	0	3	0.000000e+00	0.000000e+00	0.000000e+00
11	0	4	0	0	3	0.000000e+00	0.000000e+00	0.000000e+00
11	0	5	0	0	3	0.000000e+00	0.000000e+00	0.000000e+00
11	0	6	0	0	3	0.000000e+00	0.000000e+00	0.000000e+00
11	0	7	0	0	3	0.000000e+00	0.000000e+00	0.000000e+00
