#CId	PlId	SegId	UorD	Type	nParam	p0	p1	p2
#BHT
1	0	0	0	1	3	7.283041399324505	-0.29467824206695675	5.807525159635365
1	0	1	0	1	3	7.283041399324505	-0.29467824206695675	5.807525159635365
1	0	2	0	1	3	7.283041399324505	-0.29467824206695675	5.807525159635365
1	0	3	0	1	3	7.283041399324505	-0.29467824206695675	5.807525159635365
1	0	4	0	1	3	7.283041399324505	-0.29467824206695675	5.807525159635365
1	0	5	0	1	3	7.283041399324505	-0.29467824206695675	5.807525159635365
1	0	6	0	1	3	7.283041399324505	-0.29467824206695675	5.807525159635365
1	0	7	0	1	3	7.283041399324505	-0.29467824206695675	5.807525159635365
1	0	8	0	1	3	7.283041399324505	-0.29467824206695675	5.807525159635365
1	0	9	0	1	3	7.283041399324505	-0.29467824206695675	5.807525159635365
1	0	10	0	1	3	7.283041399324505	-0.29467824206695675	5.807525159635365
1	0	11	0	1	3	7.283041399324505	-0.29467824206695675	5.807525159635365
1	0	12	0	1	3	7.283041399324505	-0.29467824206695675	5.807525159635365
1	0	13	0	1	3	7.283041399324505	-0.29467824206695675	5.807525159635365
1	0	14	0	1	3	7.283041399324505	-0.29467824206695675	5.807525159635365
1	0	15	0	1	3	7.283041399324505	-0.29467824206695675	5.807525159635365
1	0	16	0	1	3	14.941114978823588	-1.2374889425228366	9.999999307567812
1	0	17	0	1	3	3.2385774255409143	0.1455572601907411	3.518164069781432
1	0	18	0	1	3	11.111836902117803	-0.8108851211876456	8.255869079238316
1	0	19	0	1	3	0.6471879346335465	0.6926082206299089	1.177850703331547
1	0	20	0	1	3	13.915415552472886	-0.9295790265212851	9.999999993561522
1	0	21	0	1	3	2.118455096651673	0.3095912435493924	2.526964528604413
1	0	22	0	1	3	6.140018692394869	-0.32948673220911484	5.329835120059372
1	0	23	0	1	3	3.209816053484853	0.18847694553071026	3.596512405794882
1	0	24	0	1	3	1.713248141821302	0.5316862822519068	2.4931853119855028
1	0	25	0	1	3	8.604378951338427	-0.28003315943662344	7.620009755064483
1	0	26	0	1	3	8.76045743754946	-0.4683864465742644	7.22098631991984
1	0	27	0	1	3	1.7217782338204095	0.40086207265383855	2.2450480536405055
1	0	28	0	1	3	5.007606044063974	-0.0031105839524734336	4.981218219926619
1	0	29	0	1	3	3.3763703978829733	0.16300238503783948	3.6564593313223117
1	0	30	0	1	3	13.900812635367977	-0.9277276032964963	9.999999557766074
1	0	31	0	1	3	2.0955853785302776	0.3759519016578965	2.679707043490854
1	0	32	0	1	3	2.1735558136520763	0.4257015413689933	2.845813215801131
1	0	33	0	1	3	3.0766732214350636	0.2685367422117606	3.6023629643831576
1	0	34	0	1	3	14.528481872072362	-1.108058060519272	9.999999839578022
1	0	35	0	1	3	4.263580727100647	0.013166111268405167	4.268956592760516
1	0	36	0	1	3	13.28065028183118	-0.7517104841125084	9.99999999885717
1	0	37	0	1	3	13.89616632246424	-0.927636297305634	9.999999992713974
1	0	38	0	1	3	14.697656287755628	-1.163579980680392	9.999999999891942
1	0	39	0	1	3	2.710382046956605	0.22170669033992585	3.0650783511804134
1	0	40	0	1	3	7.161389102228343	-0.4133149737772772	6.03334018431836
1	0	41	0	1	3	14.999999999964848	-1.4720288019444925	9.575030286427857
1	0	42	0	1	3	10.709730518122418	-0.7853671343489319	7.997851059355217
1	0	43	0	1	3	1.708231761454445	0.3642893737162307	2.1486416929212253
1	0	44	0	1	3	1.1126198213341834	0.5596342992182954	1.6901989021514892
1	0	45	0	1	3	10.033220110314941	-0.7285638882565939	7.634188949423887
1	0	46	0	1	3	14.999512815416072	-1.3973294137171774	9.691818337885106
1	0	47	0	1	3	1.2393149045216814	0.3835867257684278	1.5873351368119284
1	0	48	0	1	3	2.479014101824289	0.134004396972764	2.670717236234898
1	0	49	0	1	3	6.333610833728202	-0.42684040694539327	5.317400589907142
1	0	50	0	1	3	14.999998577685524	-1.330973607402111	9.832838455578878
1	0	51	0	1	3	7.283041399324505	-0.29467824206695675	5.807525159635365
1	0	52	0	1	3	7.283041399324505	-0.29467824206695675	5.807525159635365
1	0	53	0	1	3	7.283041399324505	-0.29467824206695675	5.807525159635365
1	0	54	0	1	3	7.283041399324505	-0.29467824206695675	5.807525159635365
1	0	55	0	1	3	7.283041399324505	-0.29467824206695675	5.807525159635365
1	0	56	0	1	3	7.283041399324505	-0.29467824206695675	5.807525159635365
1	0	57	0	1	3	7.283041399324505	-0.29467824206695675	5.807525159635365
1	0	58	0	1	3	7.283041399324505	-0.29467824206695675	5.807525159635365
1	0	59	0	1	3	7.283041399324505	-0.29467824206695675	5.807525159635365
1	0	60	0	1	3	7.283041399324505	-0.29467824206695675	5.807525159635365
1	0	61	0	1	3	7.283041399324505	-0.29467824206695675	5.807525159635365
1	0	62	0	1	3	7.283041399324505	-0.29467824206695675	5.807525159635365
1	0	0	1	1	3	6.887724969962937	-0.2524996259504883	5.575813765426996
1	0	1	1	1	3	6.887724969962937	-0.2524996259504883	5.575813765426996
1	0	2	1	1	3	6.887724969962937	-0.2524996259504883	5.575813765426996
1	0	3	1	1	3	6.887724969962937	-0.2524996259504883	5.575813765426996
1	0	4	1	1	3	6.887724969962937	-0.2524996259504883	5.575813765426996
1	0	5	1	1	3	6.887724969962937	-0.2524996259504883	5.575813765426996
1	0	6	1	1	3	6.887724969962937	-0.2524996259504883	5.575813765426996
1	0	7	1	1	3	6.887724969962937	-0.2524996259504883	5.575813765426996
1	0	8	1	1	3	6.887724969962937	-0.2524996259504883	5.575813765426996
1	0	9	1	1	3	6.887724969962937	-0.2524996259504883	5.575813765426996
1	0	10	1	1	3	6.887724969962937	-0.2524996259504883	5.575813765426996
1	0	11	1	1	3	6.887724969962937	-0.2524996259504883	5.575813765426996
1	0	12	1	1	3	6.887724969962937	-0.2524996259504883	5.575813765426996
1	0	13	1	1	3	6.887724969962937	-0.2524996259504883	5.575813765426996
1	0	14	1	1	3	6.887724969962937	-0.2524996259504883	5.575813765426996
1	0	15	1	1	3	6.887724969962937	-0.2524996259504883	5.575813765426996
1	0	16	1	1	3	14.676052447795438	-1.2250042751701646	9.848202292736671
1	0	17	1	1	3	1.777454284106012	0.4441686788319128	2.4125217817872024
1	0	18	1	1	3	2.464915625496525	0.3852925668459779	3.174437560946452
1	0	19	1	1	3	13.743592125449473	-1.4357642485427653	8.81455638902774
1	0	20	1	1	3	7.26013082028311	-0.2325740180641649	6.528767146983757
1	0	21	1	1	3	1.3935702012024271	0.5640223102185598	2.098627284472081
1	0	22	1	1	3	1.7732021586768496	0.3760010390293891	2.2334306392905563
1	0	23	1	1	3	3.9536829161743383	0.20083403418770374	4.437949456354908
1	0	24	1	1	3	1.7799382798671985	0.47584478180877277	2.4610757449119225
1	0	25	1	1	3	8.424674408915193	-0.424644257224446	7.051628039492009
1	0	26	1	1	3	7.5803782830617	-0.18368368415547742	6.946817797449299
1	0	27	1	1	3	5.435730576501838	-0.17981290866571076	4.990771582040775
1	0	28	1	1	3	5.1160886613906325	-0.05391377739974956	4.976225652988836
1	0	29	1	1	3	6.796210618514478	-0.2837791809510479	5.972164878775351
1	0	30	1	1	3	2.8383091432840453	0.13457304219269872	3.041951362199846
1	0	31	1	1	3	1.2690892652822028	0.6398874140797561	2.12870999668206
1	0	32	1	1	3	0.6933126562756324	0.740031180013478	1.3251528944049795
1	0	33	1	1	3	5.355971002746107	-0.00576688902285305	5.329986685368752
1	0	34	1	1	3	1.05672352473227	0.6694340463192532	1.8049725932805072
1	0	35	1	1	3	14.15185848444346	-0.9973219632234214	9.999999982118105
1	0	36	1	1	3	3.4408035881436723	0.1328922663174419	3.67110603153571
1	0	37	1	1	3	14.569552463091611	-1.1326210836711916	9.999999954641165
1	0	38	1	1	3	1.0847451909610049	0.5768975310200153	1.6607233716780274
1	0	39	1	1	3	0.9876661884338344	0.6651261045145063	1.7023088964401123
1	0	40	1	1	3	4.983899673820549	-0.1233640226654309	4.695503334363151
1	0	41	1	1	3	14.20033012820289	-1.0242066695762366	9.999999980741961
1	0	42	1	1	3	9.07325469343001	-0.685120379310515	6.994444757337847
1	0	43	1	1	3	7.335594886168235	-0.39010748207841495	6.209786116633274
1	0	44	1	1	3	6.273441678509124	-0.37797609691377687	5.356088527902317
1	0	45	1	1	3	14.689684058027602	-1.1546396455346222	9.999999999893317
1	0	46	1	1	3	9.639872480783916	-0.5316642558382432	7.7783244507265294
1	0	47	1	1	3	14.626053299699581	-1.127088848740565	9.999999984649703
1	0	48	1	1	3	13.780415135892545	-1.5427041271747495	8.630017288269181
1	0	49	1	1	3	3.844907321843573	-0.011803557611377968	3.822502631944567
1	0	50	1	1	3	14.99926767749573	-1.7189305321116315	9.054726701876167
1	0	51	1	1	3	6.887724969962937	-0.2524996259504883	5.575813765426996
1	0	52	1	1	3	6.887724969962937	-0.2524996259504883	5.575813765426996
1	0	53	1	1	3	6.887724969962937	-0.2524996259504883	5.575813765426996
1	0	54	1	1	3	6.887724969962937	-0.2524996259504883	5.575813765426996
1	0	55	1	1	3	6.887724969962937	-0.2524996259504883	5.575813765426996
1	0	56	1	1	3	6.887724969962937	-0.2524996259504883	5.575813765426996
1	0	57	1	1	3	6.887724969962937	-0.2524996259504883	5.575813765426996
1	0	58	1	1	3	6.887724969962937	-0.2524996259504883	5.575813765426996
1	0	59	1	1	3	6.887724969962937	-0.2524996259504883	5.575813765426996
1	0	60	1	1	3	6.887724969962937	-0.2524996259504883	5.575813765426996
1	0	61	1	1	3	6.887724969962937	-0.2524996259504883	5.575813765426996
1	0	62	1	1	3	6.887724969962937	-0.2524996259504883	5.575813765426996
#BH2
3	0	0	0	1	3	2.060467690040584	-0.20491267587140566	1.7690819296915832
3	0	1	0	1	3	2.060467690040584	-0.20491267587140566	1.7690819296915832
3	0	2	0	1	3	2.343250892515617	-0.12271780708095559	2.9476705558721847
3	0	3	0	1	3	1.801292909067176	-0.1362936739304006	1.5745678531978768
3	0	4	0	1	3	2.4410184065141216	-0.32361318360117597	1.970474167208546
3	0	5	0	1	3	2.0592842858103233	-0.2026690590516127	1.7445625106883118
3	0	6	0	1	3	3.2769536094496106	-0.5159411353360204	2.4301332559346194
3	0	7	0	1	3	1.9036247349146047	-0.13901841963181205	1.634902874933808
3	0	8	0	1	3	2.2000497848772502	-0.25121785958652154	1.77173611650854
3	0	9	0	1	3	1.899985095604839	-0.14899338557411834	1.6346564328485096
3	0	10	0	1	3	0.6187494916117119	-0.003749559050033824	0.213033600031852
3	0	11	0	1	3	2.060467690040584	-0.20491267587140566	1.7690819296915832
3	0	12	0	1	3	2.060467690040584	-0.20491267587140566	1.7690819296915832
3	0	13	0	1	3	2.060467690040584	-0.20491267587140566	1.7690819296915832
3	0	14	0	1	3	2.060467690040584	-0.20491267587140566	1.7690819296915832
3	0	0	1	1	3	1.6905107099311139	-0.13024862750941896	1.491149776923459
3	0	1	1	1	3	1.6905107099311139	-0.13024862750941896	1.491149776923459
3	0	2	1	1	3	1.2277775689392065	-0.030623800210813457	1.8378526996716902
3	0	3	1	1	3	2.8058730074769294	-0.6385631544195425	2.077175662301288
3	0	4	1	1	3	1.8731067028241764	-0.13665849123040452	1.613548706995763
3	0	5	1	1	3	1.8022369139730916	-0.11262709451193409	1.5797106142629675
3	0	6	1	1	3	1.9717346306859473	-0.18292449252927767	1.6137737254700624
3	0	7	1	1	3	1.4182743348407778	-0.016384781466824094	1.3375018334887439
3	0	8	1	1	3	1.9829024322695217	-0.11561374547732317	1.678959520794069
3	0	9	1	1	3	1.6749059121628893	-0.04333902215124841	1.4979943461980412
3	0	10	1	1	3	0.4577848862074844	0.10449693441259722	0.18383088312850537
3	0	11	1	1	3	1.6905107099311139	-0.13024862750941896	1.491149776923459
3	0	12	1	1	3	1.6905107099311139	-0.13024862750941896	1.491149776923459
3	0	13	1	1	3	1.6905107099311139	-0.13024862750941896	1.491149776923459
3	0	14	1	1	3	1.6905107099311139	-0.13024862750941896	1.491149776923459
#HTOF
5	0	0	0	1	3	0.000000e+00	0.000000e+00	0.000000e+00
5	0	1	0	1	3	0.000000e+00	0.000000e+00	0.000000e+00
5	0	2	0	1	3	0.000000e+00	0.000000e+00	0.000000e+00
5	0	3	0	1	3	0.000000e+00	0.000000e+00	0.000000e+00
5	0	4	0	1	3	0.000000e+00	0.000000e+00	0.000000e+00
5	0	5	0	1	3	0.000000e+00	0.000000e+00	0.000000e+00
5	0	6	0	1	3	0.000000e+00	0.000000e+00	0.000000e+00
5	0	7	0	1	3	0.000000e+00	0.000000e+00	0.000000e+00
5	0	8	0	1	3	0.000000e+00	0.000000e+00	0.000000e+00
5	0	9	0	1	3	0.000000e+00	0.000000e+00	0.000000e+00
5	0	10	0	1	3	0.000000e+00	0.000000e+00	0.000000e+00
5	0	11	0	1	3	0.000000e+00	0.000000e+00	0.000000e+00
5	0	12	0	1	3	0.000000e+00	0.000000e+00	0.000000e+00
5	0	13	0	1	3	0.000000e+00	0.000000e+00	0.000000e+00
5	0	14	0	1	3	0.000000e+00	0.000000e+00	0.000000e+00
5	0	15	0	1	3	0.000000e+00	0.000000e+00	0.000000e+00
5	0	16	0	1	3	0.000000e+00	0.000000e+00	0.000000e+00
5	0	17	0	1	3	0.000000e+00	0.000000e+00	0.000000e+00
5	0	18	0	1	3	0.000000e+00	0.000000e+00	0.000000e+00
5	0	19	0	1	3	0.000000e+00	0.000000e+00	0.000000e+00
5	0	20	0	1	3	0.000000e+00	0.000000e+00	0.000000e+00
5	0	21	0	1	3	0.000000e+00	0.000000e+00	0.000000e+00
5	0	22	0	1	3	0.000000e+00	0.000000e+00	0.000000e+00
5	0	23	0	1	3	0.000000e+00	0.000000e+00	0.000000e+00
5	0	24	0	1	3	0.000000e+00	0.000000e+00	0.000000e+00
5	0	25	0	1	3	0.000000e+00	0.000000e+00	0.000000e+00
5	0	26	0	1	3	0.000000e+00	0.000000e+00	0.000000e+00
5	0	27	0	1	3	0.000000e+00	0.000000e+00	0.000000e+00
5	0	28	0	1	3	0.000000e+00	0.000000e+00	0.000000e+00
5	0	29	0	1	3	0.000000e+00	0.000000e+00	0.000000e+00
5	0	30	0	1	3	0.000000e+00	0.000000e+00	0.000000e+00
5	0	31	0	1	3	0.000000e+00	0.000000e+00	0.000000e+00
5	0	32	0	1	3	0.000000e+00	0.000000e+00	0.000000e+00
5	0	33	0	1	3	0.000000e+00	0.000000e+00	0.000000e+00
5	0	0	1	1	3	0.000000e+00	0.000000e+00	0.000000e+00
5	0	1	1	1	3	0.000000e+00	0.000000e+00	0.000000e+00
5	0	2	1	1	3	0.000000e+00	0.000000e+00	0.000000e+00
5	0	3	1	1	3	0.000000e+00	0.000000e+00	0.000000e+00
5	0	4	1	1	3	0.000000e+00	0.000000e+00	0.000000e+00
5	0	5	1	1	3	0.000000e+00	0.000000e+00	0.000000e+00
5	0	6	1	1	3	0.000000e+00	0.000000e+00	0.000000e+00
5	0	7	1	1	3	0.000000e+00	0.000000e+00	0.000000e+00
5	0	8	1	1	3	0.000000e+00	0.000000e+00	0.000000e+00
5	0	9	1	1	3	0.000000e+00	0.000000e+00	0.000000e+00
5	0	10	1	1	3	0.000000e+00	0.000000e+00	0.000000e+00
5	0	11	1	1	3	0.000000e+00	0.000000e+00	0.000000e+00
5	0	12	1	1	3	0.000000e+00	0.000000e+00	0.000000e+00
5	0	13	1	1	3	0.000000e+00	0.000000e+00	0.000000e+00
5	0	14	1	1	3	0.000000e+00	0.000000e+00	0.000000e+00
5	0	15	1	1	3	0.000000e+00	0.000000e+00	0.000000e+00
5	0	16	1	1	3	0.000000e+00	0.000000e+00	0.000000e+00
5	0	17	1	1	3	0.000000e+00	0.000000e+00	0.000000e+00
5	0	18	1	1	3	0.000000e+00	0.000000e+00	0.000000e+00
5	0	19	1	1	3	0.000000e+00	0.000000e+00	0.000000e+00
5	0	20	1	1	3	0.000000e+00	0.000000e+00	0.000000e+00
5	0	21	1	1	3	0.000000e+00	0.000000e+00	0.000000e+00
5	0	22	1	1	3	0.000000e+00	0.000000e+00	0.000000e+00
5	0	23	1	1	3	0.000000e+00	0.000000e+00	0.000000e+00
5	0	24	1	1	3	0.000000e+00	0.000000e+00	0.000000e+00
5	0	25	1	1	3	0.000000e+00	0.000000e+00	0.000000e+00
5	0	26	1	1	3	0.000000e+00	0.000000e+00	0.000000e+00
5	0	27	1	1	3	0.000000e+00	0.000000e+00	0.000000e+00
5	0	28	1	1	3	0.000000e+00	0.000000e+00	0.000000e+00
5	0	29	1	1	3	0.000000e+00	0.000000e+00	0.000000e+00
5	0	30	1	1	3	0.000000e+00	0.000000e+00	0.000000e+00
5	0	31	1	1	3	0.000000e+00	0.000000e+00	0.000000e+00
5	0	32	1	1	3	0.000000e+00	0.000000e+00	0.000000e+00
5	0	33	1	1	3	0.000000e+00	0.000000e+00	0.000000e+00
#T1
7	0	0	0	1	3	2.6237116571756487	-0.4501662042929482	2.024310279713968
#CVC
8	0	0	0	1	3	0.000000e+00	0.000000e+00	0.000000e+00
8	0	1	0	1	3	0.000000e+00	0.000000e+00	0.000000e+00
8	0	2	0	1	3	0.000000e+00	0.000000e+00	0.000000e+00
8	0	3	0	1	3	0.000000e+00	0.000000e+00	0.000000e+00
8	0	4	0	1	3	0.000000e+00	0.000000e+00	0.000000e+00
8	0	5	0	1	3	0.000000e+00	0.000000e+00	0.000000e+00
8	0	6	0	1	3	0.000000e+00	0.000000e+00	0.000000e+00
8	0	7	0	1	3	0.000000e+00	0.000000e+00	0.000000e+00
8	0	0	1	1	3	0.000000e+00	0.000000e+00	0.000000e+00
8	0	1	1	1	3	0.000000e+00	0.000000e+00	0.000000e+00
8	0	2	1	1	3	0.000000e+00	0.000000e+00	0.000000e+00
8	0	3	1	1	3	0.000000e+00	0.000000e+00	0.000000e+00
8	0	4	1	1	3	0.000000e+00	0.000000e+00	0.000000e+00
8	0	5	1	1	3	0.000000e+00	0.000000e+00	0.000000e+00
8	0	6	1	1	3	0.000000e+00	0.000000e+00	0.000000e+00
8	0	7	1	1	3	0.000000e+00	0.000000e+00	0.000000e+00
#COBO
11	0	0	0	0	3	0.000000e+00	0.000000e+00	0.000000e+00
11	0	1	0	0	3	0.000000e+00	0.000000e+00	0.000000e+00
11	0	2	0	0	3	0.000000e+00	0.000000e+00	0.000000e+00
11	0	3	0	0	3	0.000000e+00	0.000000e+00	0.000000e+00
11	0	4	0	0	3	0.000000e+00	0.000000e+00	0.000000e+00
11	0	5	0	0	3	0.000000e+00	0.000000e+00	0.000000e+00
11	0	6	0	0	3	0.000000e+00	0.000000e+00	0.000000e+00
11	0	7	0	0	3	0.000000e+00	0.000000e+00	0.000000e+00
