#CId	PlId	SegId	UorD	Type	nParam	p0	p1	p2
#BHT
1	0	0	0	1	3	7.901712463238611	-0.44159400273718163	6.147596743590683
1	0	1	0	1	3	7.901712463238611	-0.44159400273718163	6.147596743590683
1	0	2	0	1	3	7.901712463238611	-0.44159400273718163	6.147596743590683
1	0	3	0	1	3	7.901712463238611	-0.44159400273718163	6.147596743590683
1	0	4	0	1	3	7.901712463238611	-0.44159400273718163	6.147596743590683
1	0	5	0	1	3	7.901712463238611	-0.44159400273718163	6.147596743590683
1	0	6	0	1	3	7.901712463238611	-0.44159400273718163	6.147596743590683
1	0	7	0	1	3	7.901712463238611	-0.44159400273718163	6.147596743590683
1	0	8	0	1	3	7.901712463238611	-0.44159400273718163	6.147596743590683
1	0	9	0	1	3	7.901712463238611	-0.44159400273718163	6.147596743590683
1	0	10	0	1	3	7.901712463238611	-0.44159400273718163	6.147596743590683
1	0	11	0	1	3	7.901712463238611	-0.44159400273718163	6.147596743590683
1	0	12	0	1	3	7.901712463238611	-0.44159400273718163	6.147596743590683
1	0	13	0	1	3	7.901712463238611	-0.44159400273718163	6.147596743590683
1	0	14	0	1	3	7.901712463238611	-0.44159400273718163	6.147596743590683
1	0	15	0	1	3	14.406653639430552	-1.9120327182074859	8.40549359319054
1	0	16	0	1	3	4.690127731094226	-0.07753223916515317	4.519670823147687
1	0	17	0	1	3	1.3114535976914996	0.5704319245437723	1.9677116740644869
1	0	18	0	1	3	5.8569372168641305	-0.15922447408708518	5.396373175202534
1	0	19	0	1	3	7.669059210826823	-0.6542367433047289	5.932330407388319
1	0	20	0	1	3	6.772873194428246	-0.300564903826011	5.901643148541429
1	0	21	0	1	3	4.3347610416715945	0.0333674619095401	4.345804354694296
1	0	22	0	1	3	3.9683002678219363	0.03516865600024488	3.995686730323226
1	0	23	0	1	3	4.959083061014732	-0.03139202682993236	4.8731719417779935
1	0	24	0	1	3	13.448553532449226	-1.0212059555794437	9.440363235863858
1	0	25	0	1	3	10.797102588312496	-0.7885293160873434	8.038750954787501
1	0	26	0	1	3	3.4962158071436376	0.09105512962500129	3.6123352743214134
1	0	27	0	1	3	3.2639044100849643	0.1473825957681827	3.5040515822262766
1	0	28	0	1	3	1.559330853856242	0.6031862355136228	2.425414116375366
1	0	29	0	1	3	4.4442571952250844	-0.02207706776155849	4.323826717465502
1	0	30	0	1	3	2.7245166935730896	0.19789063894595582	2.999697724861271
1	0	31	0	1	3	3.723696724597699	0.1344204795686963	3.9901420104490297
1	0	32	0	1	3	5.365379433513376	-0.10719928382584953	5.043990181586338
1	0	33	0	1	3	13.583694136967212	-0.8988515262800085	9.823435402365744
1	0	34	0	1	3	8.208680162577268	-0.3953126625067407	6.917873220143695
1	0	35	0	1	3	3.9172775914979043	0.11127408844156772	4.104439404732262
1	0	36	0	1	3	12.79217035110955	-1.0457033407715892	8.879314952539575
1	0	37	0	1	3	11.09617581960662	-0.6636530892512296	8.555530508575387
1	0	38	0	1	3	14.999999998574463	-1.27419038173622	9.925617223966258
1	0	39	0	1	3	2.5506529965702103	0.2463505281606171	2.8889253967744297
1	0	40	0	1	3	14.864957553456454	-1.1987904258756537	9.999999886932024
1	0	41	0	1	3	14.798476525446302	-1.197775766406863	9.99999998962516
1	0	42	0	1	3	10.362605945785644	-0.8020601943848034	7.676422288779131
1	0	43	0	1	3	3.3250490324424424	0.036649336269992006	3.3698789350180904
1	0	44	0	1	3	11.322633921965688	-0.8154040110411334	8.389164867918948
1	0	45	0	1	3	8.758185184773566	-0.6205154874630008	6.856966604686465
1	0	46	0	1	3	14.596005174436044	-1.2801462602157287	9.646800282560015
1	0	47	0	1	3	1.6307379184301396	0.26847737076386036	1.8818738304629608
1	0	48	0	1	3	5.929977106480709	-0.3842964673421614	5.015059814751942
1	0	49	0	1	3	13.93216438636705	-1.3021330970136153	9.14156673315212
1	0	50	0	1	3	14.999998670503174	-1.4202111050862531	9.524155780013318
1	0	51	0	1	3	7.901712463238611	-0.44159400273718163	6.147596743590683
1	0	52	0	1	3	7.901712463238611	-0.44159400273718163	6.147596743590683
1	0	53	0	1	3	7.901712463238611	-0.44159400273718163	6.147596743590683
1	0	54	0	1	3	7.901712463238611	-0.44159400273718163	6.147596743590683
1	0	55	0	1	3	7.901712463238611	-0.44159400273718163	6.147596743590683
1	0	56	0	1	3	7.901712463238611	-0.44159400273718163	6.147596743590683
1	0	57	0	1	3	7.901712463238611	-0.44159400273718163	6.147596743590683
1	0	58	0	1	3	7.901712463238611	-0.44159400273718163	6.147596743590683
1	0	59	0	1	3	7.901712463238611	-0.44159400273718163	6.147596743590683
1	0	60	0	1	3	7.901712463238611	-0.44159400273718163	6.147596743590683
1	0	61	0	1	3	7.901712463238611	-0.44159400273718163	6.147596743590683
1	0	62	0	1	3	7.901712463238611	-0.44159400273718163	6.147596743590683
1	0	0	1	1	3	8.032627390940112	-0.35429251353431573	6.4164715037325895
1	0	1	1	1	3	8.032627390940112	-0.35429251353431573	6.4164715037325895
1	0	2	1	1	3	8.032627390940112	-0.35429251353431573	6.4164715037325895
1	0	3	1	1	3	8.032627390940112	-0.35429251353431573	6.4164715037325895
1	0	4	1	1	3	8.032627390940112	-0.35429251353431573	6.4164715037325895
1	0	5	1	1	3	8.032627390940112	-0.35429251353431573	6.4164715037325895
1	0	6	1	1	3	8.032627390940112	-0.35429251353431573	6.4164715037325895
1	0	7	1	1	3	8.032627390940112	-0.35429251353431573	6.4164715037325895
1	0	8	1	1	3	8.032627390940112	-0.35429251353431573	6.4164715037325895
1	0	9	1	1	3	8.032627390940112	-0.35429251353431573	6.4164715037325895
1	0	10	1	1	3	8.032627390940112	-0.35429251353431573	6.4164715037325895
1	0	11	1	1	3	8.032627390940112	-0.35429251353431573	6.4164715037325895
1	0	12	1	1	3	8.032627390940112	-0.35429251353431573	6.4164715037325895
1	0	13	1	1	3	8.032627390940112	-0.35429251353431573	6.4164715037325895
1	0	14	1	1	3	8.032627390940112	-0.35429251353431573	6.4164715037325895
1	0	15	1	1	3	14.55676658068231	-1.1208388979288393	9.999999989337985
1	0	16	1	1	3	3.2520495519926675	0.14863383131038166	3.508096705451562
1	0	17	1	1	3	1.141580028922055	0.5918060772468516	1.744915349761298
1	0	18	1	1	3	2.7868179348422157	0.2760739858857786	3.230365455596483
1	0	19	1	1	3	2.5834128587997944	0.3535629227992141	3.190860363147885
1	0	20	1	1	3	9.684663683762565	-0.6047726726825369	7.6158439993971605
1	0	21	1	1	3	2.8944396103630514	0.3213919181602236	3.456325632021204
1	0	22	1	1	3	0.9434924440659279	0.6582222648495808	1.5601657327405798
1	0	23	1	1	3	6.6752557476922405	-0.20225270502249337	6.055548380625443
1	0	24	1	1	3	6.819126079596525	-0.24842329868248836	6.0976866607874545
1	0	25	1	1	3	4.09385692913324	0.1664190477309857	4.43358316778681
1	0	26	1	1	3	6.16549098143744	-0.12208113260488584	5.76577608486577
1	0	27	1	1	3	6.29757380267475	-0.24655589693915125	5.577442703350403
1	0	28	1	1	3	1.8169316338082482	0.5384025755022943	2.644436634716401
1	0	29	1	1	3	1.444436845996677	0.5807877676581423	2.177894164762363
1	0	30	1	1	3	1.3911621427087277	0.5849527434372774	2.122180396855468
1	0	31	1	1	3	13.165973898177795	-0.7290810575593607	9.999999990701921
1	0	32	1	1	3	12.006303459376714	-0.9139624459677993	8.611483743123555
1	0	33	1	1	3	14.117113253427803	-0.9781429035999345	9.999999842525131
1	0	34	1	1	3	6.543678587155565	-0.2896619670244318	5.726700513907296
1	0	35	1	1	3	13.236178687365449	-0.7449049276319037	9.999999985719736
1	0	36	1	1	3	8.408866189461143	-0.4915820041974177	6.844553002544118
1	0	37	1	1	3	13.398786700156412	-0.7969409354818016	9.999999965945488
1	0	38	1	1	3	9.107239861557451	-0.5317497765062464	7.324261786919749
1	0	39	1	1	3	3.9476436922156752	0.23418049776849426	4.480315188102654
1	0	40	1	1	3	9.252303940495834	-0.6272931328147093	7.234778688396066
1	0	41	1	1	3	13.684629907363549	-0.879845264098182	9.999999998103096
1	0	42	1	1	3	6.155124491446598	-0.22438283446100016	5.507014324102177
1	0	43	1	1	3	14.24795194349976	-1.0231934825022786	9.999999968901863
1	0	44	1	1	3	14.921245231727333	-1.2276113561378348	9.999999834325932
1	0	45	1	1	3	13.76941025465663	-0.8954484373288816	9.999999990200246
1	0	46	1	1	3	14.31031721528562	-1.0484470960152805	9.999999993896758
1	0	47	1	1	3	8.496371429326114	-0.5748803524148416	6.735922996429268
1	0	48	1	1	3	7.470257713126336	-0.642008272433257	5.809716300202261
1	0	49	1	1	3	5.399367385345046	-0.20203267940705594	4.8639217322453625
1	0	50	1	1	3	14.988765376198787	-1.8428705901419788	8.673184866876277
1	0	51	1	1	3	8.032627390940112	-0.35429251353431573	6.4164715037325895
1	0	52	1	1	3	8.032627390940112	-0.35429251353431573	6.4164715037325895
1	0	53	1	1	3	8.032627390940112	-0.35429251353431573	6.4164715037325895
1	0	54	1	1	3	8.032627390940112	-0.35429251353431573	6.4164715037325895
1	0	55	1	1	3	8.032627390940112	-0.35429251353431573	6.4164715037325895
1	0	56	1	1	3	8.032627390940112	-0.35429251353431573	6.4164715037325895
1	0	57	1	1	3	8.032627390940112	-0.35429251353431573	6.4164715037325895
1	0	58	1	1	3	8.032627390940112	-0.35429251353431573	6.4164715037325895
1	0	59	1	1	3	8.032627390940112	-0.35429251353431573	6.4164715037325895
1	0	60	1	1	3	8.032627390940112	-0.35429251353431573	6.4164715037325895
1	0	61	1	1	3	8.032627390940112	-0.35429251353431573	6.4164715037325895
1	0	62	1	1	3	8.032627390940112	-0.35429251353431573	6.4164715037325895
#BH2
3	0	0	0	1	3	3.4349704939642836	-0.9183048604810038	2.185122997209031
3	0	1	0	1	3	3.4349704939642836	-0.9183048604810038	2.185122997209031
3	0	2	0	1	3	2.317271510310587	-0.6753155490900502	1.8270047814680033
3	0	3	0	1	3	2.027252793676366	-0.2014921575121118	1.6915408942048868
3	0	4	0	1	3	2.704880537145827	-0.4447543658807529	2.041653920960431
3	0	5	0	1	3	2.278986336822748	-0.26618726807538007	1.8761547389122373
3	0	6	0	1	3	3.764615540712097	-0.7245177815626302	2.5882670430024826
3	0	7	0	1	3	2.1166073248670405	-0.2065186288516614	1.7877710147980435
3	0	8	0	1	3	2.780838044991842	-0.4734281603990542	2.063015734854432
3	0	9	0	1	3	2.273222879597673	-0.2725298340687612	1.8679417790201427
3	0	10	0	1	3	10.651059477554373	-4.999999998888632	3.922757067660621
3	0	11	0	1	3	3.4349704939642836	-0.9183048604810038	2.185122997209031
3	0	12	0	1	3	3.4349704939642836	-0.9183048604810038	2.185122997209031
3	0	13	0	1	3	3.4349704939642836	-0.9183048604810038	2.185122997209031
3	0	14	0	1	3	3.4349704939642836	-0.9183048604810038	2.185122997209031
3	0	0	1	1	3	2.076474590349432	-0.849080653851886	1.6016461980036119
3	0	1	1	1	3	2.076474590349432	-0.849080653851886	1.6016461980036119
3	0	2	1	1	3	1.594145446637882	-0.295285254220782	1.486806075049155
3	0	3	1	1	3	2.2498662195124677	-0.24475972509075117	1.8525203741481122
3	0	4	1	1	3	2.3593804325781846	-0.3449313389305324	1.824819438261116
3	0	5	1	1	3	2.1100949551130066	-0.2029481879134849	1.7732185402526057
3	0	6	1	1	3	3.2623939028579807	-0.7721805770415289	2.2187745096900646
3	0	7	1	1	3	1.6370767612450816	-0.10607295124377547	1.4445899618386324
3	0	8	1	1	3	2.648793273711869	-0.37591087325537664	2.035118123057657
3	0	9	1	1	3	2.3059490413893107	-0.29963851992474844	1.87208090204612
3	0	10	1	1	3	0.5205712800991074	-4.9999984570459945	-0.09311214231095577
3	0	11	1	1	3	2.076474590349432	-0.849080653851886	1.6016461980036119
3	0	12	1	1	3	2.076474590349432	-0.849080653851886	1.6016461980036119
3	0	13	1	1	3	2.076474590349432	-0.849080653851886	1.6016461980036119
3	0	14	1	1	3	2.076474590349432	-0.849080653851886	1.6016461980036119
#HTOF
5	0	0	0	1	3	0.000000e+00	0.000000e+00	0.000000e+00
5	0	1	0	1	3	0.000000e+00	0.000000e+00	0.000000e+00
5	0	2	0	1	3	0.000000e+00	0.000000e+00	0.000000e+00
5	0	3	0	1	3	0.000000e+00	0.000000e+00	0.000000e+00
5	0	4	0	1	3	0.000000e+00	0.000000e+00	0.000000e+00
5	0	5	0	1	3	0.000000e+00	0.000000e+00	0.000000e+00
5	0	6	0	1	3	0.000000e+00	0.000000e+00	0.000000e+00
5	0	7	0	1	3	0.000000e+00	0.000000e+00	0.000000e+00
5	0	8	0	1	3	0.000000e+00	0.000000e+00	0.000000e+00
5	0	9	0	1	3	0.000000e+00	0.000000e+00	0.000000e+00
5	0	10	0	1	3	0.000000e+00	0.000000e+00	0.000000e+00
5	0	11	0	1	3	0.000000e+00	0.000000e+00	0.000000e+00
5	0	12	0	1	3	0.000000e+00	0.000000e+00	0.000000e+00
5	0	13	0	1	3	0.000000e+00	0.000000e+00	0.000000e+00
5	0	14	0	1	3	0.000000e+00	0.000000e+00	0.000000e+00
5	0	15	0	1	3	0.000000e+00	0.000000e+00	0.000000e+00
5	0	16	0	1	3	0.000000e+00	0.000000e+00	0.000000e+00
5	0	17	0	1	3	0.000000e+00	0.000000e+00	0.000000e+00
5	0	18	0	1	3	0.000000e+00	0.000000e+00	0.000000e+00
5	0	19	0	1	3	0.000000e+00	0.000000e+00	0.000000e+00
5	0	20	0	1	3	0.000000e+00	0.000000e+00	0.000000e+00
5	0	21	0	1	3	0.000000e+00	0.000000e+00	0.000000e+00
5	0	22	0	1	3	0.000000e+00	0.000000e+00	0.000000e+00
5	0	23	0	1	3	0.000000e+00	0.000000e+00	0.000000e+00
5	0	24	0	1	3	0.000000e+00	0.000000e+00	0.000000e+00
5	0	25	0	1	3	0.000000e+00	0.000000e+00	0.000000e+00
5	0	26	0	1	3	0.000000e+00	0.000000e+00	0.000000e+00
5	0	27	0	1	3	0.000000e+00	0.000000e+00	0.000000e+00
5	0	28	0	1	3	0.000000e+00	0.000000e+00	0.000000e+00
5	0	29	0	1	3	0.000000e+00	0.000000e+00	0.000000e+00
5	0	30	0	1	3	0.000000e+00	0.000000e+00	0.000000e+00
5	0	31	0	1	3	0.000000e+00	0.000000e+00	0.000000e+00
5	0	32	0	1	3	0.000000e+00	0.000000e+00	0.000000e+00
5	0	33	0	1	3	0.000000e+00	0.000000e+00	0.000000e+00
5	0	0	1	1	3	0.000000e+00	0.000000e+00	0.000000e+00
5	0	1	1	1	3	0.000000e+00	0.000000e+00	0.000000e+00
5	0	2	1	1	3	0.000000e+00	0.000000e+00	0.000000e+00
5	0	3	1	1	3	0.000000e+00	0.000000e+00	0.000000e+00
5	0	4	1	1	3	0.000000e+00	0.000000e+00	0.000000e+00
5	0	5	1	1	3	0.000000e+00	0.000000e+00	0.000000e+00
5	0	6	1	1	3	0.000000e+00	0.000000e+00	0.000000e+00
5	0	7	1	1	3	0.000000e+00	0.000000e+00	0.000000e+00
5	0	8	1	1	3	0.000000e+00	0.000000e+00	0.000000e+00
5	0	9	1	1	3	0.000000e+00	0.000000e+00	0.000000e+00
5	0	10	1	1	3	0.000000e+00	0.000000e+00	0.000000e+00
5	0	11	1	1	3	0.000000e+00	0.000000e+00	0.000000e+00
5	0	12	1	1	3	0.000000e+00	0.000000e+00	0.000000e+00
5	0	13	1	1	3	0.000000e+00	0.000000e+00	0.000000e+00
5	0	14	1	1	3	0.000000e+00	0.000000e+00	0.000000e+00
5	0	15	1	1	3	0.000000e+00	0.000000e+00	0.000000e+00
5	0	16	1	1	3	0.000000e+00	0.000000e+00	0.000000e+00
5	0	17	1	1	3	0.000000e+00	0.000000e+00	0.000000e+00
5	0	18	1	1	3	0.000000e+00	0.000000e+00	0.000000e+00
5	0	19	1	1	3	0.000000e+00	0.000000e+00	0.000000e+00
5	0	20	1	1	3	0.000000e+00	0.000000e+00	0.000000e+00
5	0	21	1	1	3	0.000000e+00	0.000000e+00	0.000000e+00
5	0	22	1	1	3	0.000000e+00	0.000000e+00	0.000000e+00
5	0	23	1	1	3	0.000000e+00	0.000000e+00	0.000000e+00
5	0	24	1	1	3	0.000000e+00	0.000000e+00	0.000000e+00
5	0	25	1	1	3	0.000000e+00	0.000000e+00	0.000000e+00
5	0	26	1	1	3	0.000000e+00	0.000000e+00	0.000000e+00
5	0	27	1	1	3	0.000000e+00	0.000000e+00	0.000000e+00
5	0	28	1	1	3	0.000000e+00	0.000000e+00	0.000000e+00
5	0	29	1	1	3	0.000000e+00	0.000000e+00	0.000000e+00
5	0	30	1	1	3	0.000000e+00	0.000000e+00	0.000000e+00
5	0	31	1	1	3	0.000000e+00	0.000000e+00	0.000000e+00
5	0	32	1	1	3	0.000000e+00	0.000000e+00	0.000000e+00
5	0	33	1	1	3	0.000000e+00	0.000000e+00	0.000000e+00
#T1
7	0	0	0	1	3	5.98744152677802	-1.9042953745236408	3.343212510766035
#CVC
8	0	0	0	1	3	0.000000e+00	0.000000e+00	0.000000e+00
8	0	1	0	1	3	0.000000e+00	0.000000e+00	0.000000e+00
8	0	2	0	1	3	0.000000e+00	0.000000e+00	0.000000e+00
8	0	3	0	1	3	0.000000e+00	0.000000e+00	0.000000e+00
8	0	4	0	1	3	0.000000e+00	0.000000e+00	0.000000e+00
8	0	5	0	1	3	0.000000e+00	0.000000e+00	0.000000e+00
8	0	6	0	1	3	0.000000e+00	0.000000e+00	0.000000e+00
8	0	7	0	1	3	0.000000e+00	0.000000e+00	0.000000e+00
8	0	0	1	1	3	0.000000e+00	0.000000e+00	0.000000e+00
8	0	1	1	1	3	0.000000e+00	0.000000e+00	0.000000e+00
8	0	2	1	1	3	0.000000e+00	0.000000e+00	0.000000e+00
8	0	3	1	1	3	0.000000e+00	0.000000e+00	0.000000e+00
8	0	4	1	1	3	0.000000e+00	0.000000e+00	0.000000e+00
8	0	5	1	1	3	0.000000e+00	0.000000e+00	0.000000e+00
8	0	6	1	1	3	0.000000e+00	0.000000e+00	0.000000e+00
8	0	7	1	1	3	0.000000e+00	0.000000e+00	0.000000e+00
#COBO
11	0	0	0	0	3	0.000000e+00	0.000000e+00	0.000000e+00
11	0	1	0	0	3	0.000000e+00	0.000000e+00	0.000000e+00
11	0	2	0	0	3	0.000000e+00	0.000000e+00	0.000000e+00
11	0	3	0	0	3	0.000000e+00	0.000000e+00	0.000000e+00
11	0	4	0	0	3	0.000000e+00	0.000000e+00	0.000000e+00
11	0	5	0	0	3	0.000000e+00	0.000000e+00	0.000000e+00
11	0	6	0	0	3	0.000000e+00	0.000000e+00	0.000000e+00
11	0	7	0	0	3	0.000000e+00	0.000000e+00	0.000000e+00
