#CId	PlId	SegId	UorD	Type	nParam	p0	p1	p2
#BHT
1	0	0	0	1	3	5.213121658314874	-0.0587679852319302	4.540236460642438
1	0	1	0	1	3	5.213121658314874	-0.0587679852319302	4.540236460642438
1	0	2	0	1	3	5.213121658314874	-0.0587679852319302	4.540236460642438
1	0	3	0	1	3	5.213121658314874	-0.0587679852319302	4.540236460642438
1	0	4	0	1	3	5.213121658314874	-0.0587679852319302	4.540236460642438
1	0	5	0	1	3	5.213121658314874	-0.0587679852319302	4.540236460642438
1	0	6	0	1	3	5.213121658314874	-0.0587679852319302	4.540236460642438
1	0	7	0	1	3	5.213121658314874	-0.0587679852319302	4.540236460642438
1	0	8	0	1	3	5.213121658314874	-0.0587679852319302	4.540236460642438
1	0	9	0	1	3	5.213121658314874	-0.0587679852319302	4.540236460642438
1	0	10	0	1	3	5.213121658314874	-0.0587679852319302	4.540236460642438
1	0	11	0	1	3	5.213121658314874	-0.0587679852319302	4.540236460642438
1	0	12	0	1	3	5.213121658314874	-0.0587679852319302	4.540236460642438
1	0	13	0	1	3	5.213121658314874	-0.0587679852319302	4.540236460642438
1	0	14	0	1	3	5.213121658314874	-0.0587679852319302	4.540236460642438
1	0	15	0	1	3	14.99997929738629	-1.4178924455534703	9.70927512997234
1	0	16	0	1	3	1.188304307785419	0.5997483076692287	1.9072537001779173
1	0	17	0	1	3	1.934453876735219	0.4172729186656383	2.5172490344939638
1	0	18	0	1	3	4.855193841167554	-0.08016880672341031	4.625153588866302
1	0	19	0	1	3	2.677065353637791	0.3063258312788557	3.1872145418878386
1	0	20	0	1	3	3.7948547897400546	0.11931573184192423	3.9998190126534157
1	0	21	0	1	3	10.99813012238868	-0.7050877686704373	8.36627713164839
1	0	22	0	1	3	1.8682848582273033	0.48086366678897896	2.5518290410272284
1	0	23	0	1	3	2.00776849621743	0.37100350132807414	2.5139128604199743
1	0	24	0	1	3	2.601299166713204	0.4322013944378762	3.4049424779002146
1	0	25	0	1	3	5.255411365976052	-0.09035518076971627	4.977884575731359
1	0	26	0	1	3	1.3730989373860698	0.605626385498236	2.11114951812253
1	0	27	0	1	3	2.0005346342534485	0.3429151133281101	2.4380004089315945
1	0	28	0	1	3	1.7147312452642407	0.5488798457657804	2.4975591401628656
1	0	29	0	1	3	1.4803941819695545	0.5166206120312351	2.0976729565152965
1	0	30	0	1	3	4.263968556788885	-0.02882597150080901	4.156845434741653
1	0	31	0	1	3	4.197261163456291	0.08953413005331612	4.377314285129082
1	0	32	0	1	3	1.947348594147155	0.4383499297203999	2.527009845600615
1	0	33	0	1	3	9.707264041752017	-0.5865734927258011	7.673499101088311
1	0	34	0	1	3	14.98883974051705	-1.2295048795994097	9.999994019163037
1	0	35	0	1	3	2.186535852557958	0.3424319930775743	2.651235331497915
1	0	36	0	1	3	4.219910714660311	-0.03727885688284349	4.110721526902767
1	0	37	0	1	3	2.4258132962051673	0.1677087496237828	2.5906224862629825
1	0	38	0	1	3	11.994734497657822	-0.9033866310502416	8.65684838825401
1	0	39	0	1	3	1.3568992836568121	0.4072523862459416	1.7308523797623163
1	0	40	0	1	3	14.51220444346409	-1.0904077184755923	9.999999954238953
1	0	41	0	1	3	14.394999260887479	-1.071392770960105	9.999999896839057
1	0	42	0	1	3	7.831917420964869	-0.527200112740843	6.280709744379227
1	0	43	0	1	3	1.587342613661477	0.36508323214473304	1.963282049052674
1	0	44	0	1	3	4.1361604008353865	0.016982335539927895	4.143815806115293
1	0	45	0	1	3	6.766234884302747	-0.44819989432855945	5.59430077182043
1	0	46	0	1	3	4.861811571087656	-0.2380893535262789	4.335535725726158
1	0	47	0	1	3	1.2812050876502492	0.3745633469724945	1.609762081638678
1	0	48	0	1	3	3.83905004399569	-0.06304423924591873	3.7078248517178043
1	0	49	0	1	3	7.210252097923159	-0.4821507723762286	5.8929093240431465
1	0	50	0	1	3	5.213121658314874	-0.0587679852319302	4.540236460642438
1	0	51	0	1	3	5.213121658314874	-0.0587679852319302	4.540236460642438
1	0	52	0	1	3	5.213121658314874	-0.0587679852319302	4.540236460642438
1	0	53	0	1	3	5.213121658314874	-0.0587679852319302	4.540236460642438
1	0	54	0	1	3	5.213121658314874	-0.0587679852319302	4.540236460642438
1	0	55	0	1	3	5.213121658314874	-0.0587679852319302	4.540236460642438
1	0	56	0	1	3	5.213121658314874	-0.0587679852319302	4.540236460642438
1	0	57	0	1	3	5.213121658314874	-0.0587679852319302	4.540236460642438
1	0	58	0	1	3	5.213121658314874	-0.0587679852319302	4.540236460642438
1	0	59	0	1	3	5.213121658314874	-0.0587679852319302	4.540236460642438
1	0	60	0	1	3	5.213121658314874	-0.0587679852319302	4.540236460642438
1	0	61	0	1	3	5.213121658314874	-0.0587679852319302	4.540236460642438
1	0	62	0	1	3	5.213121658314874	-0.0587679852319302	4.540236460642438
1	0	0	1	1	3	8.31041985618088	-0.4111023245188727	6.517786863313974
1	0	1	1	1	3	8.31041985618088	-0.4111023245188727	6.517786863313974
1	0	2	1	1	3	8.31041985618088	-0.4111023245188727	6.517786863313974
1	0	3	1	1	3	8.31041985618088	-0.4111023245188727	6.517786863313974
1	0	4	1	1	3	8.31041985618088	-0.4111023245188727	6.517786863313974
1	0	5	1	1	3	8.31041985618088	-0.4111023245188727	6.517786863313974
1	0	6	1	1	3	8.31041985618088	-0.4111023245188727	6.517786863313974
1	0	7	1	1	3	8.31041985618088	-0.4111023245188727	6.517786863313974
1	0	8	1	1	3	8.31041985618088	-0.4111023245188727	6.517786863313974
1	0	9	1	1	3	8.31041985618088	-0.4111023245188727	6.517786863313974
1	0	10	1	1	3	8.31041985618088	-0.4111023245188727	6.517786863313974
1	0	11	1	1	3	8.31041985618088	-0.4111023245188727	6.517786863313974
1	0	12	1	1	3	8.31041985618088	-0.4111023245188727	6.517786863313974
1	0	13	1	1	3	8.31041985618088	-0.4111023245188727	6.517786863313974
1	0	14	1	1	3	8.31041985618088	-0.4111023245188727	6.517786863313974
1	0	15	1	1	3	3.6059423455931223	0.1117115946829097	3.9078169385069703
1	0	16	1	1	3	5.467346394149124	-0.3826578395285143	4.660842190749809
1	0	17	1	1	3	14.21960707754124	-1.2339364253449556	9.501821080506812
1	0	18	1	1	3	4.380983897168914	0.0023048230389131064	4.349238650461235
1	0	19	1	1	3	0.7850346330738761	0.6749999996778397	1.3632756553218393
1	0	20	1	1	3	6.321298599111717	-0.15621706914900013	5.8613171053197854
1	0	21	1	1	3	14.232122150847976	-1.013861637410963	9.999999997302027
1	0	22	1	1	3	5.037478220867901	0.001487668744217352	4.99617558577194
1	0	23	1	1	3	2.7723721550528024	0.3570624428852298	3.4370090232672483
1	0	24	1	1	3	6.744180301318895	-0.26492918380612895	5.972428804854915
1	0	25	1	1	3	13.056487334191573	-0.7093666001805943	9.9004857482736
1	0	26	1	1	3	4.605224454256554	0.004147764794787179	4.5647167481695
1	0	27	1	1	3	4.060827338302838	0.02442650289541426	4.069571280567781
1	0	28	1	1	3	13.802189792360439	-0.8918596164511303	9.999997123798808
1	0	29	1	1	3	1.5223549880250924	0.5325777042374744	2.186122182508959
1	0	30	1	1	3	5.972545799652003	-0.20746557043934466	5.393109237318514
1	0	31	1	1	3	14.640333100219507	-1.1419918202973882	9.999999948749526
1	0	32	1	1	3	5.617329920187615	-0.1952664294022597	5.062992741652287
1	0	33	1	1	3	8.676744509299406	-0.5374758622280087	6.969105720735802
1	0	34	1	1	3	6.1687626332681305	-0.20452991433187595	5.581046439745962
1	0	35	1	1	3	13.93243095556449	-0.935594085456791	9.999999848903931
1	0	36	1	1	3	1.7602752561730208	0.4938506546325634	2.437697152652807
1	0	37	1	1	3	14.999999999901203	-1.3275529268102235	9.803882101922614
1	0	38	1	1	3	2.982146485710102	0.26060327250152415	3.4324300599569586
1	0	39	1	1	3	1.375402915183112	0.5799427966471713	2.098027943907123
1	0	40	1	1	3	14.67203385210544	-1.137053575346389	9.999999212912988
1	0	41	1	1	3	14.073582911283356	-0.9857433243680376	9.999999984908012
1	0	42	1	1	3	4.602155129397639	-0.05737505213819194	4.457257120256586
1	0	43	1	1	3	14.521974593431896	-1.0957222627643075	9.999999913879101
1	0	44	1	1	3	13.613417125155792	-1.0544542446552723	9.484920284825023
1	0	45	1	1	3	14.148773128395135	-0.9987829808717636	9.993174921444147
1	0	46	1	1	3	10.259674451701967	-0.7208743616960165	7.8058435357045575
1	0	47	1	1	3	7.58920285565542	-0.4384712795040988	6.304984782120914
1	0	48	1	1	3	5.644460978551905	-0.4097723935218296	4.7460974844673265
1	0	49	1	1	3	14.99999868363161	-1.3307421271955033	9.781153664543673
1	0	50	1	1	3	8.31041985618088	-0.4111023245188727	6.517786863313974
1	0	51	1	1	3	8.31041985618088	-0.4111023245188727	6.517786863313974
1	0	52	1	1	3	8.31041985618088	-0.4111023245188727	6.517786863313974
1	0	53	1	1	3	8.31041985618088	-0.4111023245188727	6.517786863313974
1	0	54	1	1	3	8.31041985618088	-0.4111023245188727	6.517786863313974
1	0	55	1	1	3	8.31041985618088	-0.4111023245188727	6.517786863313974
1	0	56	1	1	3	8.31041985618088	-0.4111023245188727	6.517786863313974
1	0	57	1	1	3	8.31041985618088	-0.4111023245188727	6.517786863313974
1	0	58	1	1	3	8.31041985618088	-0.4111023245188727	6.517786863313974
1	0	59	1	1	3	8.31041985618088	-0.4111023245188727	6.517786863313974
1	0	60	1	1	3	8.31041985618088	-0.4111023245188727	6.517786863313974
1	0	61	1	1	3	8.31041985618088	-0.4111023245188727	6.517786863313974
1	0	62	1	1	3	8.31041985618088	-0.4111023245188727	6.517786863313974
#BH2
3	0	0	0	1	3	3.9753816286448687	-0.9676844666494366	2.4210161547089117
3	0	1	0	1	3	3.9753816286448687	-0.9676844666494366	2.4210161547089117
3	0	2	0	1	3	2.0051573049102767	-0.5115822796869907	1.57251664870742
3	0	3	0	1	3	1.9874638174159343	-0.1567734000066725	1.7184309607012684
3	0	4	0	1	3	2.8722703356874026	-0.4887587188527789	2.136904524700741
3	0	5	0	1	3	2.389268566526347	-0.3009992878149568	1.9562904375654453
3	0	6	0	1	3	5.378271881868979	-1.2970665505658765	3.27823484214543
3	0	7	0	1	3	2.218195310753395	-0.24944238242494166	1.8421680893999808
3	0	8	0	1	3	2.8882468308572204	-0.49162460008121744	2.1370498763285073
3	0	9	0	1	3	2.5948575012441264	-0.3749851315014521	2.0210740495689237
3	0	10	0	1	3	13.444703108540136	-4.837927848910043	5.126475963262488
3	0	11	0	1	3	3.9753816286448687	-0.9676844666494366	2.4210161547089117
3	0	12	0	1	3	3.9753816286448687	-0.9676844666494366	2.4210161547089117
3	0	13	0	1	3	3.9753816286448687	-0.9676844666494366	2.4210161547089117
3	0	14	0	1	3	3.9753816286448687	-0.9676844666494366	2.4210161547089117
3	0	0	1	1	3	2.526988454651641	-0.5443780335521612	1.8383846807549795
3	0	1	1	1	3	2.526988454651641	-0.5443780335521612	1.8383846807549795
3	0	2	1	1	3	1.295326662223827	-0.11063285007002754	1.2728284547575082
3	0	3	1	1	3	2.099315896422597	-0.19224911850153958	1.7948555946861897
3	0	4	1	1	3	2.515869258660736	-0.4179825873715117	1.9046617496364036
3	0	5	1	1	3	2.140002551439731	-0.22166989391268643	1.805319508211734
3	0	6	1	1	3	4.812164671205581	-1.437766441467962	2.8608303329684404
3	0	7	1	1	3	1.5980801549699741	-0.11979157918524397	1.3970198631155637
3	0	8	1	1	3	2.5795229866509137	-0.3111538034364649	2.027980665208927
3	0	9	1	1	3	1.952783463057764	-0.1355054890702183	1.648938818105778
3	0	10	1	1	3	3.7498304472336472	-1.952650538953796	1.8330271401042704
3	0	11	1	1	3	2.526988454651641	-0.5443780335521612	1.8383846807549795
3	0	12	1	1	3	2.526988454651641	-0.5443780335521612	1.8383846807549795
3	0	13	1	1	3	2.526988454651641	-0.5443780335521612	1.8383846807549795
3	0	14	1	1	3	2.526988454651641	-0.5443780335521612	1.8383846807549795
#HTOF
5	0	0	0	1	3	0.000000e+00	0.000000e+00	0.000000e+00
5	0	1	0	1	3	0.000000e+00	0.000000e+00	0.000000e+00
5	0	2	0	1	3	0.000000e+00	0.000000e+00	0.000000e+00
5	0	3	0	1	3	0.000000e+00	0.000000e+00	0.000000e+00
5	0	4	0	1	3	0.000000e+00	0.000000e+00	0.000000e+00
5	0	5	0	1	3	0.000000e+00	0.000000e+00	0.000000e+00
5	0	6	0	1	3	0.000000e+00	0.000000e+00	0.000000e+00
5	0	7	0	1	3	0.000000e+00	0.000000e+00	0.000000e+00
5	0	8	0	1	3	0.000000e+00	0.000000e+00	0.000000e+00
5	0	9	0	1	3	0.000000e+00	0.000000e+00	0.000000e+00
5	0	10	0	1	3	0.000000e+00	0.000000e+00	0.000000e+00
5	0	11	0	1	3	0.000000e+00	0.000000e+00	0.000000e+00
5	0	12	0	1	3	0.000000e+00	0.000000e+00	0.000000e+00
5	0	13	0	1	3	0.000000e+00	0.000000e+00	0.000000e+00
5	0	14	0	1	3	0.000000e+00	0.000000e+00	0.000000e+00
5	0	15	0	1	3	0.000000e+00	0.000000e+00	0.000000e+00
5	0	16	0	1	3	0.000000e+00	0.000000e+00	0.000000e+00
5	0	17	0	1	3	0.000000e+00	0.000000e+00	0.000000e+00
5	0	18	0	1	3	0.000000e+00	0.000000e+00	0.000000e+00
5	0	19	0	1	3	0.000000e+00	0.000000e+00	0.000000e+00
5	0	20	0	1	3	0.000000e+00	0.000000e+00	0.000000e+00
5	0	21	0	1	3	0.000000e+00	0.000000e+00	0.000000e+00
5	0	22	0	1	3	0.000000e+00	0.000000e+00	0.000000e+00
5	0	23	0	1	3	0.000000e+00	0.000000e+00	0.000000e+00
5	0	24	0	1	3	0.000000e+00	0.000000e+00	0.000000e+00
5	0	25	0	1	3	0.000000e+00	0.000000e+00	0.000000e+00
5	0	26	0	1	3	0.000000e+00	0.000000e+00	0.000000e+00
5	0	27	0	1	3	0.000000e+00	0.000000e+00	0.000000e+00
5	0	28	0	1	3	0.000000e+00	0.000000e+00	0.000000e+00
5	0	29	0	1	3	0.000000e+00	0.000000e+00	0.000000e+00
5	0	30	0	1	3	0.000000e+00	0.000000e+00	0.000000e+00
5	0	31	0	1	3	0.000000e+00	0.000000e+00	0.000000e+00
5	0	32	0	1	3	0.000000e+00	0.000000e+00	0.000000e+00
5	0	33	0	1	3	0.000000e+00	0.000000e+00	0.000000e+00
5	0	0	1	1	3	0.000000e+00	0.000000e+00	0.000000e+00
5	0	1	1	1	3	0.000000e+00	0.000000e+00	0.000000e+00
5	0	2	1	1	3	0.000000e+00	0.000000e+00	0.000000e+00
5	0	3	1	1	3	0.000000e+00	0.000000e+00	0.000000e+00
5	0	4	1	1	3	0.000000e+00	0.000000e+00	0.000000e+00
5	0	5	1	1	3	0.000000e+00	0.000000e+00	0.000000e+00
5	0	6	1	1	3	0.000000e+00	0.000000e+00	0.000000e+00
5	0	7	1	1	3	0.000000e+00	0.000000e+00	0.000000e+00
5	0	8	1	1	3	0.000000e+00	0.000000e+00	0.000000e+00
5	0	9	1	1	3	0.000000e+00	0.000000e+00	0.000000e+00
5	0	10	1	1	3	0.000000e+00	0.000000e+00	0.000000e+00
5	0	11	1	1	3	0.000000e+00	0.000000e+00	0.000000e+00
5	0	12	1	1	3	0.000000e+00	0.000000e+00	0.000000e+00
5	0	13	1	1	3	0.000000e+00	0.000000e+00	0.000000e+00
5	0	14	1	1	3	0.000000e+00	0.000000e+00	0.000000e+00
5	0	15	1	1	3	0.000000e+00	0.000000e+00	0.000000e+00
5	0	16	1	1	3	0.000000e+00	0.000000e+00	0.000000e+00
5	0	17	1	1	3	0.000000e+00	0.000000e+00	0.000000e+00
5	0	18	1	1	3	0.000000e+00	0.000000e+00	0.000000e+00
5	0	19	1	1	3	0.000000e+00	0.000000e+00	0.000000e+00
5	0	20	1	1	3	0.000000e+00	0.000000e+00	0.000000e+00
5	0	21	1	1	3	0.000000e+00	0.000000e+00	0.000000e+00
5	0	22	1	1	3	0.000000e+00	0.000000e+00	0.000000e+00
5	0	23	1	1	3	0.000000e+00	0.000000e+00	0.000000e+00
5	0	24	1	1	3	0.000000e+00	0.000000e+00	0.000000e+00
5	0	25	1	1	3	0.000000e+00	0.000000e+00	0.000000e+00
5	0	26	1	1	3	0.000000e+00	0.000000e+00	0.000000e+00
5	0	27	1	1	3	0.000000e+00	0.000000e+00	0.000000e+00
5	0	28	1	1	3	0.000000e+00	0.000000e+00	0.000000e+00
5	0	29	1	1	3	0.000000e+00	0.000000e+00	0.000000e+00
5	0	30	1	1	3	0.000000e+00	0.000000e+00	0.000000e+00
5	0	31	1	1	3	0.000000e+00	0.000000e+00	0.000000e+00
5	0	32	1	1	3	0.000000e+00	0.000000e+00	0.000000e+00
5	0	33	1	1	3	0.000000e+00	0.000000e+00	0.000000e+00
#T1
7	0	0	0	1	3	7.5053759943828755	-2.478654886939592	3.830939986017065
#CVC
8	0	0	0	1	3	0.000000e+00	0.000000e+00	0.000000e+00
8	0	1	0	1	3	0.000000e+00	0.000000e+00	0.000000e+00
8	0	2	0	1	3	0.000000e+00	0.000000e+00	0.000000e+00
8	0	3	0	1	3	0.000000e+00	0.000000e+00	0.000000e+00
8	0	4	0	1	3	0.000000e+00	0.000000e+00	0.000000e+00
8	0	5	0	1	3	0.000000e+00	0.000000e+00	0.000000e+00
8	0	6	0	1	3	0.000000e+00	0.000000e+00	0.000000e+00
8	0	7	0	1	3	0.000000e+00	0.000000e+00	0.000000e+00
8	0	0	1	1	3	0.000000e+00	0.000000e+00	0.000000e+00
8	0	1	1	1	3	0.000000e+00	0.000000e+00	0.000000e+00
8	0	2	1	1	3	0.000000e+00	0.000000e+00	0.000000e+00
8	0	3	1	1	3	0.000000e+00	0.000000e+00	0.000000e+00
8	0	4	1	1	3	0.000000e+00	0.000000e+00	0.000000e+00
8	0	5	1	1	3	0.000000e+00	0.000000e+00	0.000000e+00
8	0	6	1	1	3	0.000000e+00	0.000000e+00	0.000000e+00
8	0	7	1	1	3	0.000000e+00	0.000000e+00	0.000000e+00
#COBO
11	0	0	0	0	3	0.000000e+00	0.000000e+00	0.000000e+00
11	0	1	0	0	3	0.000000e+00	0.000000e+00	0.000000e+00
11	0	2	0	0	3	0.000000e+00	0.000000e+00	0.000000e+00
11	0	3	0	0	3	0.000000e+00	0.000000e+00	0.000000e+00
11	0	4	0	0	3	0.000000e+00	0.000000e+00	0.000000e+00
11	0	5	0	0	3	0.000000e+00	0.000000e+00	0.000000e+00
11	0	6	0	0	3	0.000000e+00	0.000000e+00	0.000000e+00
11	0	7	0	0	3	0.000000e+00	0.000000e+00	0.000000e+00
