#CId	PlId	SegId	UorD	Type	nParam	p0	p1	p2
#BHT
1	0	0	0	1	3	8.624016167000523	-0.45955759413957237	5.924983971720872
1	0	1	0	1	3	8.624016167000523	-0.45955759413957237	5.924983971720872
1	0	2	0	1	3	8.624016167000523	-0.45955759413957237	5.924983971720872
1	0	3	0	1	3	8.624016167000523	-0.45955759413957237	5.924983971720872
1	0	4	0	1	3	8.624016167000523	-0.45955759413957237	5.924983971720872
1	0	5	0	1	3	8.624016167000523	-0.45955759413957237	5.924983971720872
1	0	6	0	1	3	8.624016167000523	-0.45955759413957237	5.924983971720872
1	0	7	0	1	3	8.624016167000523	-0.45955759413957237	5.924983971720872
1	0	8	0	1	3	8.624016167000523	-0.45955759413957237	5.924983971720872
1	0	9	0	1	3	8.624016167000523	-0.45955759413957237	5.924983971720872
1	0	10	0	1	3	8.624016167000523	-0.45955759413957237	5.924983971720872
1	0	11	0	1	3	8.624016167000523	-0.45955759413957237	5.924983971720872
1	0	12	0	1	3	8.624016167000523	-0.45955759413957237	5.924983971720872
1	0	13	0	1	3	8.624016167000523	-0.45955759413957237	5.924983971720872
1	0	14	0	1	3	1.4765497888725891	0.3531147490222697	1.2625836112733047
1	0	15	0	1	3	3.4616877316607404	0.0671690559959135	2.8423370770884073
1	0	16	0	1	3	14.331971168061639	-0.773580234184557	9.999999972029315
1	0	17	0	1	3	2.3010265405505255	0.22691720374287705	1.8681671321853432
1	0	18	0	1	3	14.999999081589934	-0.9725466565344618	9.906412830705179
1	0	19	0	1	3	4.34397675285766	-0.03473257847441946	3.495049537795004
1	0	20	0	1	3	14.405875892922358	-0.7929138217579155	9.97347618670073
1	0	21	0	1	3	9.7896790983625	-0.5959699328453185	6.94236343963694
1	0	22	0	1	3	2.69023206098164	0.3813266416156882	2.6407811462321105
1	0	23	0	1	3	5.434055142521147	-0.08750807308438802	4.464816056265912
1	0	24	0	1	3	3.5941215541192957	0.28780572093156476	3.459178004475133
1	0	25	0	1	3	2.4102748025981304	0.42531943721417687	2.3917664556203477
1	0	26	0	1	3	8.650216701742986	-0.4378062181248277	6.4044372336525575
1	0	27	0	1	3	4.213294403450812	0.056576299323729984	3.5590044117390365
1	0	28	0	1	3	14.999999658993511	-1.0770364713455218	9.609272600598207
1	0	29	0	1	3	13.52312669000048	-1.2575537756931907	8.206370372043194
1	0	30	0	1	3	1.855285415419021	0.5570840742133276	2.004052474950637
1	0	31	0	1	3	6.084969446489695	-0.16519163837669648	4.8807285992320795
1	0	32	0	1	3	6.034412796519818	-0.1884672570561703	4.772878399448847
1	0	33	0	1	3	14.998680469267816	-0.9739584916110573	9.942360602979878
1	0	34	0	1	3	14.991990411081119	-1.0603166731338551	9.708241160542029
1	0	35	0	1	3	4.218502721427396	0.060521077329336315	3.608256337916659
1	0	36	0	1	3	9.55196811212665	-0.600498992722585	6.781043537943485
1	0	37	0	1	3	14.99999997445398	-1.1699479239548642	9.42799701224701
1	0	38	0	1	3	10.205603026566756	-0.6809228156366922	7.1314289905232275
1	0	39	0	1	3	3.805445572121168	0.07351757131385561	3.2107901933971617
1	0	40	0	1	3	14.999999948069393	-1.0537938426818751	9.747016785851393
1	0	41	0	1	3	14.999999737958817	-1.355667964500987	9.08523709540717
1	0	42	0	1	3	14.996631448608397	-1.2203829620252256	9.33475205479545
1	0	43	0	1	3	2.413104813295564	0.23566681696012104	2.042810765298346
1	0	44	0	1	3	5.436294628691634	-0.15536546836605325	4.343020057703049
1	0	45	0	1	3	14.74549163846193	-1.2254437430601146	9.168624478273765
1	0	46	0	1	3	14.549442110247526	-1.2491346968252128	8.993047304321825
1	0	47	0	1	3	1.8743225678799584	0.20538115380421207	1.3951768650076084
1	0	48	0	1	3	2.7155900603608076	0.0733842363160262	2.1242798578924074
1	0	49	0	1	3	9.984779709920318	-1.3211026838580482	5.841956763988319
1	0	50	0	1	3	14.999996500765654	-1.5575721050932385	8.6546915479112
1	0	51	0	1	3	8.624016167000523	-0.45955759413957237	5.924983971720872
1	0	52	0	1	3	8.624016167000523	-0.45955759413957237	5.924983971720872
1	0	53	0	1	3	8.624016167000523	-0.45955759413957237	5.924983971720872
1	0	54	0	1	3	8.624016167000523	-0.45955759413957237	5.924983971720872
1	0	55	0	1	3	8.624016167000523	-0.45955759413957237	5.924983971720872
1	0	56	0	1	3	8.624016167000523	-0.45955759413957237	5.924983971720872
1	0	57	0	1	3	8.624016167000523	-0.45955759413957237	5.924983971720872
1	0	58	0	1	3	8.624016167000523	-0.45955759413957237	5.924983971720872
1	0	59	0	1	3	8.624016167000523	-0.45955759413957237	5.924983971720872
1	0	60	0	1	3	8.624016167000523	-0.45955759413957237	5.924983971720872
1	0	61	0	1	3	8.624016167000523	-0.45955759413957237	5.924983971720872
1	0	62	0	1	3	8.624016167000523	-0.45955759413957237	5.924983971720872
1	0	0	1	1	3	11.42911274497507	-0.7824555582780272	7.542024584108492
1	0	1	1	1	3	11.42911274497507	-0.7824555582780272	7.542024584108492
1	0	2	1	1	3	11.42911274497507	-0.7824555582780272	7.542024584108492
1	0	3	1	1	3	11.42911274497507	-0.7824555582780272	7.542024584108492
1	0	4	1	1	3	11.42911274497507	-0.7824555582780272	7.542024584108492
1	0	5	1	1	3	11.42911274497507	-0.7824555582780272	7.542024584108492
1	0	6	1	1	3	11.42911274497507	-0.7824555582780272	7.542024584108492
1	0	7	1	1	3	11.42911274497507	-0.7824555582780272	7.542024584108492
1	0	8	1	1	3	11.42911274497507	-0.7824555582780272	7.542024584108492
1	0	9	1	1	3	11.42911274497507	-0.7824555582780272	7.542024584108492
1	0	10	1	1	3	11.42911274497507	-0.7824555582780272	7.542024584108492
1	0	11	1	1	3	11.42911274497507	-0.7824555582780272	7.542024584108492
1	0	12	1	1	3	11.42911274497507	-0.7824555582780272	7.542024584108492
1	0	13	1	1	3	11.42911274497507	-0.7824555582780272	7.542024584108492
1	0	14	1	1	3	2.7173676962076945	0.14706323342902472	2.3727727878899394
1	0	15	1	1	3	13.951285681863464	-1.1985495471312926	8.70847293266556
1	0	16	1	1	3	14.760625581090466	-1.6033995752737784	8.383133568524222
1	0	17	1	1	3	14.990889584573909	-1.0748802865099312	9.651557260905935
1	0	18	1	1	3	9.440177237852389	-0.6412600342875407	6.599412392218345
1	0	19	1	1	3	14.999999715716907	-1.0897570571810418	9.611908232965636
1	0	20	1	1	3	14.99999955416881	-1.0435265241320084	9.734773325320043
1	0	21	1	1	3	14.579705189924148	-1.295320454269416	8.836424106982816
1	0	22	1	1	3	14.999999751083134	-1.2972419338206378	9.10863957781934
1	0	23	1	1	3	9.152455146244774	-0.5155602306518494	6.67167944384959
1	0	24	1	1	3	14.999999907183525	-1.1659528201669969	9.412252691087716
1	0	25	1	1	3	4.545335743695869	0.08834386495191904	3.958115364095929
1	0	26	1	1	3	11.938576902072	-0.8807911320044006	7.901549920682109
1	0	27	1	1	3	4.678324466418906	-0.0748946165088844	3.7248241958186608
1	0	28	1	1	3	14.987409907333728	-1.0812518760095897	9.604110357707441
1	0	29	1	1	3	1.6845213414301536	0.5541075273078206	1.7401903696564065
1	0	30	1	1	3	6.974062856578288	-0.32058091981140535	5.2852083919934
1	0	31	1	1	3	14.999999906292159	-1.0567038752113471	9.700401976812294
1	0	32	1	1	3	4.618718473077474	-0.06645846112034448	3.697974981392168
1	0	33	1	1	3	14.999999999459648	-1.1737319694172217	9.437252936783423
1	0	34	1	1	3	9.108772872111857	-0.5859773101384249	6.484269429637969
1	0	35	1	1	3	14.878751466904717	-0.9249996921014665	9.999999999970012
1	0	36	1	1	3	14.923377232669209	-1.2720521284764965	9.12782333715392
1	0	37	1	1	3	14.245977507905131	-0.768276635510122	9.999993150404208
1	0	38	1	1	3	3.2665775867557048	0.23376175097620422	2.976864283979476
1	0	39	1	1	3	14.96619335374212	-1.0234265397491336	9.773615677420187
1	0	40	1	1	3	14.724560644256421	-1.206550117434063	9.194756381068293
1	0	41	1	1	3	14.999999889891042	-1.0904703940824438	9.685871502547492
1	0	42	1	1	3	11.064012433932755	-0.8053653258710387	7.522559220137625
1	0	43	1	1	3	14.90754918641222	-1.0609104158582263	9.663525549083596
1	0	44	1	1	3	14.999999998977975	-1.293493533964225	9.205535874572737
1	0	45	1	1	3	14.999999745741757	-1.0987112556636762	9.65550602304101
1	0	46	1	1	3	14.753395673193511	-1.133892547102744	9.406277625103012
1	0	47	1	1	3	10.318892073405758	-0.709031129376438	7.178195795115393
1	0	48	1	1	3	2.7263147177281137	0.09551979442005099	2.176584655298357
1	0	49	1	1	3	10.739465210313389	-1.026012402228762	6.815363128701156
1	0	50	1	1	3	8.233877327868461	-0.490621086307077	6.047513163608772
1	0	51	1	1	3	11.42911274497507	-0.7824555582780272	7.542024584108492
1	0	52	1	1	3	11.42911274497507	-0.7824555582780272	7.542024584108492
1	0	53	1	1	3	11.42911274497507	-0.7824555582780272	7.542024584108492
1	0	54	1	1	3	11.42911274497507	-0.7824555582780272	7.542024584108492
1	0	55	1	1	3	11.42911274497507	-0.7824555582780272	7.542024584108492
1	0	56	1	1	3	11.42911274497507	-0.7824555582780272	7.542024584108492
1	0	57	1	1	3	11.42911274497507	-0.7824555582780272	7.542024584108492
1	0	58	1	1	3	11.42911274497507	-0.7824555582780272	7.542024584108492
1	0	59	1	1	3	11.42911274497507	-0.7824555582780272	7.542024584108492
1	0	60	1	1	3	11.42911274497507	-0.7824555582780272	7.542024584108492
1	0	61	1	1	3	11.42911274497507	-0.7824555582780272	7.542024584108492
1	0	62	1	1	3	11.42911274497507	-0.7824555582780272	7.542024584108492
#BH2
3	0	0	0	1	3	3.3425290986975047	-0.6465786338286571	1.6796147426913026
3	0	1	0	1	3	3.3425290986975047	-0.6465786338286571	1.6796147426913026
3	0	2	0	1	3	3.747014572003998	-0.592812666885715	1.752252282825543
3	0	3	0	1	3	3.4331101123880328	-0.7960777853947034	1.735675780629565
3	0	4	0	1	3	3.21867883249556	-0.6235409579692366	1.6271960904336051
3	0	5	0	1	3	2.8011499233334236	-0.49068076799026805	1.4519348348908472
3	0	6	0	1	3	3.8122945904934293	-0.722094757819101	1.9362129062989082
3	0	7	0	1	3	2.9022629929760804	-0.5017775813635916	1.5279847341882062
3	0	8	0	1	3	4.162152192929908	-1.0101713684876463	2.033943402292014
3	0	9	0	1	3	2.663569572959605	-0.43547318471899477	1.371717909971732
3	0	10	0	1	3	3.3425290986975047	-0.6465786338286571	1.6796147426913026
3	0	11	0	1	3	3.3425290986975047	-0.6465786338286571	1.6796147426913026
3	0	12	0	1	3	3.3425290986975047	-0.6465786338286571	1.6796147426913026
3	0	13	0	1	3	3.3425290986975047	-0.6465786338286571	1.6796147426913026
3	0	14	0	1	3	3.3425290986975047	-0.6465786338286571	1.6796147426913026
3	0	0	1	1	3	3.0383284384771523	-0.6729928953810621	1.492960135632292
3	0	1	1	1	3	3.0383284384771523	-0.6729928953810621	1.492960135632292
3	0	2	1	1	3	3.913324403355307	-1.435282698600156	1.7948983568134573
3	0	3	1	1	3	2.337795042923898	-0.28886167441583144	1.2287783088747388
3	0	4	1	1	3	2.809815320271549	-0.5285004459745233	1.3744290934561807
3	0	5	1	1	3	4.1649808659961165	-1.0373579359442844	2.0752683898616313
3	0	6	1	1	3	3.156246265895945	-0.7240479998541618	1.4824850026905128
3	0	7	1	1	3	2.0472709117320296	-0.32719991546163474	0.9734338114128571
3	0	8	1	1	3	3.159684103001708	-0.5784449007301768	1.6139098567787116
3	0	9	1	1	3	2.717510594640665	-0.4642475920677285	1.4004782651702463
3	0	10	1	1	3	3.0383284384771523	-0.6729928953810621	1.492960135632292
3	0	11	1	1	3	3.0383284384771523	-0.6729928953810621	1.492960135632292
3	0	12	1	1	3	3.0383284384771523	-0.6729928953810621	1.492960135632292
3	0	13	1	1	3	3.0383284384771523	-0.6729928953810621	1.492960135632292
3	0	14	1	1	3	3.0383284384771523	-0.6729928953810621	1.492960135632292
#HTOF
5	0	0	0	1	3	0.000000e+00	0.000000e+00	0.000000e+00
5	0	1	0	1	3	0.000000e+00	0.000000e+00	0.000000e+00
5	0	2	0	1	3	0.000000e+00	0.000000e+00	0.000000e+00
5	0	3	0	1	3	0.000000e+00	0.000000e+00	0.000000e+00
5	0	4	0	1	3	0.000000e+00	0.000000e+00	0.000000e+00
5	0	5	0	1	3	0.000000e+00	0.000000e+00	0.000000e+00
5	0	6	0	1	3	0.000000e+00	0.000000e+00	0.000000e+00
5	0	7	0	1	3	0.000000e+00	0.000000e+00	0.000000e+00
5	0	8	0	1	3	0.000000e+00	0.000000e+00	0.000000e+00
5	0	9	0	1	3	0.000000e+00	0.000000e+00	0.000000e+00
5	0	10	0	1	3	0.000000e+00	0.000000e+00	0.000000e+00
5	0	11	0	1	3	0.000000e+00	0.000000e+00	0.000000e+00
5	0	12	0	1	3	0.000000e+00	0.000000e+00	0.000000e+00
5	0	13	0	1	3	0.000000e+00	0.000000e+00	0.000000e+00
5	0	14	0	1	3	0.000000e+00	0.000000e+00	0.000000e+00
5	0	15	0	1	3	0.000000e+00	0.000000e+00	0.000000e+00
5	0	16	0	1	3	0.000000e+00	0.000000e+00	0.000000e+00
5	0	17	0	1	3	0.000000e+00	0.000000e+00	0.000000e+00
5	0	18	0	1	3	0.000000e+00	0.000000e+00	0.000000e+00
5	0	19	0	1	3	0.000000e+00	0.000000e+00	0.000000e+00
5	0	20	0	1	3	0.000000e+00	0.000000e+00	0.000000e+00
5	0	21	0	1	3	0.000000e+00	0.000000e+00	0.000000e+00
5	0	22	0	1	3	0.000000e+00	0.000000e+00	0.000000e+00
5	0	23	0	1	3	0.000000e+00	0.000000e+00	0.000000e+00
5	0	24	0	1	3	0.000000e+00	0.000000e+00	0.000000e+00
5	0	25	0	1	3	0.000000e+00	0.000000e+00	0.000000e+00
5	0	26	0	1	3	0.000000e+00	0.000000e+00	0.000000e+00
5	0	27	0	1	3	0.000000e+00	0.000000e+00	0.000000e+00
5	0	28	0	1	3	0.000000e+00	0.000000e+00	0.000000e+00
5	0	29	0	1	3	0.000000e+00	0.000000e+00	0.000000e+00
5	0	30	0	1	3	0.000000e+00	0.000000e+00	0.000000e+00
5	0	31	0	1	3	0.000000e+00	0.000000e+00	0.000000e+00
5	0	32	0	1	3	0.000000e+00	0.000000e+00	0.000000e+00
5	0	33	0	1	3	0.000000e+00	0.000000e+00	0.000000e+00
5	0	0	1	1	3	0.000000e+00	0.000000e+00	0.000000e+00
5	0	1	1	1	3	0.000000e+00	0.000000e+00	0.000000e+00
5	0	2	1	1	3	0.000000e+00	0.000000e+00	0.000000e+00
5	0	3	1	1	3	0.000000e+00	0.000000e+00	0.000000e+00
5	0	4	1	1	3	0.000000e+00	0.000000e+00	0.000000e+00
5	0	5	1	1	3	0.000000e+00	0.000000e+00	0.000000e+00
5	0	6	1	1	3	0.000000e+00	0.000000e+00	0.000000e+00
5	0	7	1	1	3	0.000000e+00	0.000000e+00	0.000000e+00
5	0	8	1	1	3	0.000000e+00	0.000000e+00	0.000000e+00
5	0	9	1	1	3	0.000000e+00	0.000000e+00	0.000000e+00
5	0	10	1	1	3	0.000000e+00	0.000000e+00	0.000000e+00
5	0	11	1	1	3	0.000000e+00	0.000000e+00	0.000000e+00
5	0	12	1	1	3	0.000000e+00	0.000000e+00	0.000000e+00
5	0	13	1	1	3	0.000000e+00	0.000000e+00	0.000000e+00
5	0	14	1	1	3	0.000000e+00	0.000000e+00	0.000000e+00
5	0	15	1	1	3	0.000000e+00	0.000000e+00	0.000000e+00
5	0	16	1	1	3	0.000000e+00	0.000000e+00	0.000000e+00
5	0	17	1	1	3	0.000000e+00	0.000000e+00	0.000000e+00
5	0	18	1	1	3	0.000000e+00	0.000000e+00	0.000000e+00
5	0	19	1	1	3	0.000000e+00	0.000000e+00	0.000000e+00
5	0	20	1	1	3	0.000000e+00	0.000000e+00	0.000000e+00
5	0	21	1	1	3	0.000000e+00	0.000000e+00	0.000000e+00
5	0	22	1	1	3	0.000000e+00	0.000000e+00	0.000000e+00
5	0	23	1	1	3	0.000000e+00	0.000000e+00	0.000000e+00
5	0	24	1	1	3	0.000000e+00	0.000000e+00	0.000000e+00
5	0	25	1	1	3	0.000000e+00	0.000000e+00	0.000000e+00
5	0	26	1	1	3	0.000000e+00	0.000000e+00	0.000000e+00
5	0	27	1	1	3	0.000000e+00	0.000000e+00	0.000000e+00
5	0	28	1	1	3	0.000000e+00	0.000000e+00	0.000000e+00
5	0	29	1	1	3	0.000000e+00	0.000000e+00	0.000000e+00
5	0	30	1	1	3	0.000000e+00	0.000000e+00	0.000000e+00
5	0	31	1	1	3	0.000000e+00	0.000000e+00	0.000000e+00
5	0	32	1	1	3	0.000000e+00	0.000000e+00	0.000000e+00
5	0	33	1	1	3	0.000000e+00	0.000000e+00	0.000000e+00
#T1
7	0	0	0	1	3	14.990642655821885	-4.114645143874829	5.899426227803182
#CVC
8	0	0	0	1	3	0.000000e+00	0.000000e+00	0.000000e+00
8	0	1	0	1	3	0.000000e+00	0.000000e+00	0.000000e+00
8	0	2	0	1	3	0.000000e+00	0.000000e+00	0.000000e+00
8	0	3	0	1	3	0.000000e+00	0.000000e+00	0.000000e+00
8	0	4	0	1	3	0.000000e+00	0.000000e+00	0.000000e+00
8	0	5	0	1	3	0.000000e+00	0.000000e+00	0.000000e+00
8	0	6	0	1	3	0.000000e+00	0.000000e+00	0.000000e+00
8	0	7	0	1	3	0.000000e+00	0.000000e+00	0.000000e+00
8	0	0	1	1	3	0.000000e+00	0.000000e+00	0.000000e+00
8	0	1	1	1	3	0.000000e+00	0.000000e+00	0.000000e+00
8	0	2	1	1	3	0.000000e+00	0.000000e+00	0.000000e+00
8	0	3	1	1	3	0.000000e+00	0.000000e+00	0.000000e+00
8	0	4	1	1	3	0.000000e+00	0.000000e+00	0.000000e+00
8	0	5	1	1	3	0.000000e+00	0.000000e+00	0.000000e+00
8	0	6	1	1	3	0.000000e+00	0.000000e+00	0.000000e+00
8	0	7	1	1	3	0.000000e+00	0.000000e+00	0.000000e+00
#COBO
11	0	0	0	0	3	0.000000e+00	0.000000e+00	0.000000e+00
11	0	1	0	0	3	0.000000e+00	0.000000e+00	0.000000e+00
11	0	2	0	0	3	0.000000e+00	0.000000e+00	0.000000e+00
11	0	3	0	0	3	0.000000e+00	0.000000e+00	0.000000e+00
11	0	4	0	0	3	0.000000e+00	0.000000e+00	0.000000e+00
11	0	5	0	0	3	0.000000e+00	0.000000e+00	0.000000e+00
11	0	6	0	0	3	0.000000e+00	0.000000e+00	0.000000e+00
11	0	7	0	0	3	0.000000e+00	0.000000e+00	0.000000e+00
