#CId	PlId	SegId	UorD	Type	nParam	p0	p1	p2
#BHT
1	0	0	0	1	3	0.000000e+00	0.000000e+00	0.000000e+00
1	0	1	0	1	3	0.000000e+00	0.000000e+00	0.000000e+00
1	0	2	0	1	3	0.000000e+00	0.000000e+00	0.000000e+00
1	0	3	0	1	3	0.000000e+00	0.000000e+00	0.000000e+00
1	0	4	0	1	3	0.000000e+00	0.000000e+00	0.000000e+00
1	0	5	0	1	3	0.000000e+00	0.000000e+00	0.000000e+00
1	0	6	0	1	3	0.000000e+00	0.000000e+00	0.000000e+00
1	0	7	0	1	3	0.000000e+00	0.000000e+00	0.000000e+00
1	0	8	0	1	3	0.000000e+00	0.000000e+00	0.000000e+00
1	0	9	0	1	3	0.000000e+00	0.000000e+00	0.000000e+00
1	0	10	0	1	3	0.000000e+00	0.000000e+00	0.000000e+00
1	0	11	0	1	3	0.000000e+00	0.000000e+00	0.000000e+00
1	0	12	0	1	3	0.000000e+00	0.000000e+00	0.000000e+00
1	0	13	0	1	3	0.000000e+00	0.000000e+00	0.000000e+00
1	0	14	0	1	3	0.000000e+00	0.000000e+00	0.000000e+00
1	0	15	0	1	3	0.000000e+00	0.000000e+00	0.000000e+00
1	0	16	0	1	3	0.000000e+00	0.000000e+00	0.000000e+00
1	0	17	0	1	3	0.000000e+00	0.000000e+00	0.000000e+00
1	0	18	0	1	3	0.000000e+00	0.000000e+00	0.000000e+00
1	0	19	0	1	3	0.000000e+00	0.000000e+00	0.000000e+00
1	0	20	0	1	3	0.000000e+00	0.000000e+00	0.000000e+00
1	0	21	0	1	3	0.000000e+00	0.000000e+00	0.000000e+00
1	0	22	0	1	3	0.000000e+00	0.000000e+00	0.000000e+00
1	0	23	0	1	3	0.000000e+00	0.000000e+00	0.000000e+00
1	0	24	0	1	3	0.000000e+00	0.000000e+00	0.000000e+00
1	0	25	0	1	3	0.000000e+00	0.000000e+00	0.000000e+00
1	0	26	0	1	3	0.000000e+00	0.000000e+00	0.000000e+00
1	0	27	0	1	3	0.000000e+00	0.000000e+00	0.000000e+00
1	0	28	0	1	3	0.000000e+00	0.000000e+00	0.000000e+00
1	0	29	0	1	3	0.000000e+00	0.000000e+00	0.000000e+00
1	0	30	0	1	3	0.000000e+00	0.000000e+00	0.000000e+00
1	0	31	0	1	3	0.000000e+00	0.000000e+00	0.000000e+00
1	0	32	0	1	3	0.000000e+00	0.000000e+00	0.000000e+00
1	0	33	0	1	3	0.000000e+00	0.000000e+00	0.000000e+00
1	0	34	0	1	3	0.000000e+00	0.000000e+00	0.000000e+00
1	0	35	0	1	3	0.000000e+00	0.000000e+00	0.000000e+00
1	0	36	0	1	3	0.000000e+00	0.000000e+00	0.000000e+00
1	0	37	0	1	3	0.000000e+00	0.000000e+00	0.000000e+00
1	0	38	0	1	3	0.000000e+00	0.000000e+00	0.000000e+00
1	0	39	0	1	3	0.000000e+00	0.000000e+00	0.000000e+00
1	0	40	0	1	3	0.000000e+00	0.000000e+00	0.000000e+00
1	0	41	0	1	3	0.000000e+00	0.000000e+00	0.000000e+00
1	0	42	0	1	3	0.000000e+00	0.000000e+00	0.000000e+00
1	0	43	0	1	3	0.000000e+00	0.000000e+00	0.000000e+00
1	0	44	0	1	3	0.000000e+00	0.000000e+00	0.000000e+00
1	0	45	0	1	3	0.000000e+00	0.000000e+00	0.000000e+00
1	0	46	0	1	3	0.000000e+00	0.000000e+00	0.000000e+00
1	0	47	0	1	3	0.000000e+00	0.000000e+00	0.000000e+00
1	0	48	0	1	3	0.000000e+00	0.000000e+00	0.000000e+00
1	0	49	0	1	3	0.000000e+00	0.000000e+00	0.000000e+00
1	0	50	0	1	3	0.000000e+00	0.000000e+00	0.000000e+00
1	0	51	0	1	3	0.000000e+00	0.000000e+00	0.000000e+00
1	0	52	0	1	3	0.000000e+00	0.000000e+00	0.000000e+00
1	0	53	0	1	3	0.000000e+00	0.000000e+00	0.000000e+00
1	0	54	0	1	3	0.000000e+00	0.000000e+00	0.000000e+00
1	0	55	0	1	3	0.000000e+00	0.000000e+00	0.000000e+00
1	0	56	0	1	3	0.000000e+00	0.000000e+00	0.000000e+00
1	0	57	0	1	3	0.000000e+00	0.000000e+00	0.000000e+00
1	0	58	0	1	3	0.000000e+00	0.000000e+00	0.000000e+00
1	0	59	0	1	3	0.000000e+00	0.000000e+00	0.000000e+00
1	0	60	0	1	3	0.000000e+00	0.000000e+00	0.000000e+00
1	0	61	0	1	3	0.000000e+00	0.000000e+00	0.000000e+00
1	0	62	0	1	3	0.000000e+00	0.000000e+00	0.000000e+00
1	0	0	1	1	3	0.000000e+00	0.000000e+00	0.000000e+00
1	0	1	1	1	3	0.000000e+00	0.000000e+00	0.000000e+00
1	0	2	1	1	3	0.000000e+00	0.000000e+00	0.000000e+00
1	0	3	1	1	3	0.000000e+00	0.000000e+00	0.000000e+00
1	0	4	1	1	3	0.000000e+00	0.000000e+00	0.000000e+00
1	0	5	1	1	3	0.000000e+00	0.000000e+00	0.000000e+00
1	0	6	1	1	3	0.000000e+00	0.000000e+00	0.000000e+00
1	0	7	1	1	3	0.000000e+00	0.000000e+00	0.000000e+00
1	0	8	1	1	3	0.000000e+00	0.000000e+00	0.000000e+00
1	0	9	1	1	3	0.000000e+00	0.000000e+00	0.000000e+00
1	0	10	1	1	3	0.000000e+00	0.000000e+00	0.000000e+00
1	0	11	1	1	3	0.000000e+00	0.000000e+00	0.000000e+00
1	0	12	1	1	3	0.000000e+00	0.000000e+00	0.000000e+00
1	0	13	1	1	3	0.000000e+00	0.000000e+00	0.000000e+00
1	0	14	1	1	3	0.000000e+00	0.000000e+00	0.000000e+00
1	0	15	1	1	3	0.000000e+00	0.000000e+00	0.000000e+00
1	0	16	1	1	3	0.000000e+00	0.000000e+00	0.000000e+00
1	0	17	1	1	3	0.000000e+00	0.000000e+00	0.000000e+00
1	0	18	1	1	3	0.000000e+00	0.000000e+00	0.000000e+00
1	0	19	1	1	3	0.000000e+00	0.000000e+00	0.000000e+00
1	0	20	1	1	3	0.000000e+00	0.000000e+00	0.000000e+00
1	0	21	1	1	3	0.000000e+00	0.000000e+00	0.000000e+00
1	0	22	1	1	3	0.000000e+00	0.000000e+00	0.000000e+00
1	0	23	1	1	3	0.000000e+00	0.000000e+00	0.000000e+00
1	0	24	1	1	3	0.000000e+00	0.000000e+00	0.000000e+00
1	0	25	1	1	3	0.000000e+00	0.000000e+00	0.000000e+00
1	0	26	1	1	3	0.000000e+00	0.000000e+00	0.000000e+00
1	0	27	1	1	3	0.000000e+00	0.000000e+00	0.000000e+00
1	0	28	1	1	3	0.000000e+00	0.000000e+00	0.000000e+00
1	0	29	1	1	3	0.000000e+00	0.000000e+00	0.000000e+00
1	0	30	1	1	3	0.000000e+00	0.000000e+00	0.000000e+00
1	0	31	1	1	3	0.000000e+00	0.000000e+00	0.000000e+00
1	0	32	1	1	3	0.000000e+00	0.000000e+00	0.000000e+00
1	0	33	1	1	3	0.000000e+00	0.000000e+00	0.000000e+00
1	0	34	1	1	3	0.000000e+00	0.000000e+00	0.000000e+00
1	0	35	1	1	3	0.000000e+00	0.000000e+00	0.000000e+00
1	0	36	1	1	3	0.000000e+00	0.000000e+00	0.000000e+00
1	0	37	1	1	3	0.000000e+00	0.000000e+00	0.000000e+00
1	0	38	1	1	3	0.000000e+00	0.000000e+00	0.000000e+00
1	0	39	1	1	3	0.000000e+00	0.000000e+00	0.000000e+00
1	0	40	1	1	3	0.000000e+00	0.000000e+00	0.000000e+00
1	0	41	1	1	3	0.000000e+00	0.000000e+00	0.000000e+00
1	0	42	1	1	3	0.000000e+00	0.000000e+00	0.000000e+00
1	0	43	1	1	3	0.000000e+00	0.000000e+00	0.000000e+00
1	0	44	1	1	3	0.000000e+00	0.000000e+00	0.000000e+00
1	0	45	1	1	3	0.000000e+00	0.000000e+00	0.000000e+00
1	0	46	1	1	3	0.000000e+00	0.000000e+00	0.000000e+00
1	0	47	1	1	3	0.000000e+00	0.000000e+00	0.000000e+00
1	0	48	1	1	3	0.000000e+00	0.000000e+00	0.000000e+00
1	0	49	1	1	3	0.000000e+00	0.000000e+00	0.000000e+00
1	0	50	1	1	3	0.000000e+00	0.000000e+00	0.000000e+00
1	0	51	1	1	3	0.000000e+00	0.000000e+00	0.000000e+00
1	0	52	1	1	3	0.000000e+00	0.000000e+00	0.000000e+00
1	0	53	1	1	3	0.000000e+00	0.000000e+00	0.000000e+00
1	0	54	1	1	3	0.000000e+00	0.000000e+00	0.000000e+00
1	0	55	1	1	3	0.000000e+00	0.000000e+00	0.000000e+00
1	0	56	1	1	3	0.000000e+00	0.000000e+00	0.000000e+00
1	0	57	1	1	3	0.000000e+00	0.000000e+00	0.000000e+00
1	0	58	1	1	3	0.000000e+00	0.000000e+00	0.000000e+00
1	0	59	1	1	3	0.000000e+00	0.000000e+00	0.000000e+00
1	0	60	1	1	3	0.000000e+00	0.000000e+00	0.000000e+00
1	0	61	1	1	3	0.000000e+00	0.000000e+00	0.000000e+00
1	0	62	1	1	3	0.000000e+00	0.000000e+00	0.000000e+00
#BH2
3	0	0	0	1	3	0.000000e+00	0.000000e+00	0.000000e+00
3	0	1	0	1	3	0.000000e+00	0.000000e+00	0.000000e+00
3	0	2	0	1	3	0.000000e+00	0.000000e+00	0.000000e+00
3	0	3	0	1	3	0.000000e+00	0.000000e+00	0.000000e+00
3	0	4	0	1	3	0.000000e+00	0.000000e+00	0.000000e+00
3	0	5	0	1	3	0.000000e+00	0.000000e+00	0.000000e+00
3	0	6	0	1	3	0.000000e+00	0.000000e+00	0.000000e+00
3	0	7	0	1	3	0.000000e+00	0.000000e+00	0.000000e+00
3	0	8	0	1	3	0.000000e+00	0.000000e+00	0.000000e+00
3	0	9	0	1	3	0.000000e+00	0.000000e+00	0.000000e+00
3	0	10	0	1	3	0.000000e+00	0.000000e+00	0.000000e+00
3	0	11	0	1	3	0.000000e+00	0.000000e+00	0.000000e+00
3	0	12	0	1	3	0.000000e+00	0.000000e+00	0.000000e+00
3	0	13	0	1	3	0.000000e+00	0.000000e+00	0.000000e+00
3	0	14	0	1	3	0.000000e+00	0.000000e+00	0.000000e+00
3	0	0	1	1	3	0.000000e+00	0.000000e+00	0.000000e+00
3	0	1	1	1	3	0.000000e+00	0.000000e+00	0.000000e+00
3	0	2	1	1	3	0.000000e+00	0.000000e+00	0.000000e+00
3	0	3	1	1	3	0.000000e+00	0.000000e+00	0.000000e+00
3	0	4	1	1	3	0.000000e+00	0.000000e+00	0.000000e+00
3	0	5	1	1	3	0.000000e+00	0.000000e+00	0.000000e+00
3	0	6	1	1	3	0.000000e+00	0.000000e+00	0.000000e+00
3	0	7	1	1	3	0.000000e+00	0.000000e+00	0.000000e+00
3	0	8	1	1	3	0.000000e+00	0.000000e+00	0.000000e+00
3	0	9	1	1	3	0.000000e+00	0.000000e+00	0.000000e+00
3	0	10	1	1	3	0.000000e+00	0.000000e+00	0.000000e+00
3	0	11	1	1	3	0.000000e+00	0.000000e+00	0.000000e+00
3	0	12	1	1	3	0.000000e+00	0.000000e+00	0.000000e+00
3	0	13	1	1	3	0.000000e+00	0.000000e+00	0.000000e+00
3	0	14	1	1	3	0.000000e+00	0.000000e+00	0.000000e+00
#HTOF
5	0	0	0	1	3	3.4187335560048076	-0.24306971037952163	4.859520316631263
5	0	1	0	1	3	0.0010000001119213377	-4.999996420594586	2.665814360936791
5	0	2	0	1	3	2.4189951128089833	0.18940251862382773	4.285077195358922
5	0	3	0	1	3	0.0010241460234457329	-4.999999996774703	2.5217485530495667
5	0	4	0	1	3	0.9469852523834843	-0.10743548724541441	2.679909393054321
5	0	5	0	1	3	2.044728979926733	0.19406233111799764	3.885693146545522
5	0	6	0	1	3	0.3974066781641218	-0.22492570647661836	2.3676560205354646
5	0	7	0	1	3	1.074703141647626	-0.10701945095021514	3.2394000976864996
5	0	8	0	1	3	1.035390964373574	-0.12474895701316413	3.4055788715426667
5	0	9	0	1	3	1.0141904255704344	-0.014060728041465964	3.63856165038969
5	0	10	0	1	3	0.5793184972966577	0.19746053447571477	3.65241715922238
5	0	11	0	1	3	0.6875742065721837	0.1905999356309387	4.322279124723229
5	0	12	0	1	3	0.9662972152836936	0.2778385994313597	5.003297847338077
5	0	13	0	1	3	1.550908849522684	0.09114903810877983	5.921286956403926
5	0	14	0	1	3	1.1828023340967622	0.10704102601681509	5.6046360686914
5	0	15	0	1	3	1.7837716468640663	0.030894796052477247	5.86216528179488
5	0	16	0	1	3	1.6838854951463316	0.06695216906732959	5.849481633424741
5	0	17	0	1	3	1.217978869249192	0.2862583385292936	5.4985798304931865
5	0	18	0	1	3	1.4316049393642225	0.28739883494601415	5.59668869445183
5	0	19	0	1	3	2.8554455131211722	-0.5787620588000566	5.895884460813896
5	0	20	0	1	3	2.6187797676650915	-0.033249978051752116	5.826869171565983
5	0	21	0	1	3	3.461870557102883	-0.3834180320346716	6.346844244062609
5	0	22	0	1	3	1.4444959601348695	0.2810621490173286	5.400926920938991
5	0	23	0	1	3	1.2528111715311074	0.39133943251707937	5.528640088371955
5	0	24	0	1	3	1.7762267992247769	0.1838899469069819	5.452416048484872
5	0	25	0	1	3	1.3709550951195562	0.21422940694631531	5.137727401712715
5	0	26	0	1	3	1.7339513862478177	0.021559607744629616	5.252548101133999
5	0	27	0	1	3	1.0978538341516773	0.2612705773205093	4.722655075194029
5	0	28	0	1	3	0.7995608305460974	0.2905928300036562	4.321844067103651
5	0	29	0	1	3	0.6271647112158133	0.19618041389933438	3.911766931986588
5	0	30	0	1	3	2.990088094589186	-4.999996226601775	4.543316029991918
5	0	31	0	1	3	1.5122756857670407	-0.8061513620043002	4.0902331567923405
5	0	32	0	1	3	1.4946570666410364	-0.45175626389143453	3.8101096034314876
5	0	33	0	1	3	0.16524110599665875	-0.4276030439816658	2.314133004430891
5	0	0	1	1	3	0.7578256126874079	0.19526570695360146	2.8574469870183776
5	0	1	1	1	3	0.3931795818465742	0.19657659165814412	2.588493900852739
5	0	2	1	1	3	0.001000000036515854	-4.999999563362322	2.736592916220161
5	0	3	1	1	3	0.001	0.1885599240582172	2.0163060392454337
5	0	4	1	1	3	14.999999997328604	-4.999997696038015	5.420345197449516
5	0	5	1	1	3	1.5816272336984214	0.08461485903846544	3.431891161132551
5	0	6	1	1	3	0.527393240216494	0.15161779955067178	3.1641908813381683
5	0	7	1	1	3	0.9751426570213588	0.15029899956872317	3.7033744617347266
5	0	8	1	1	3	0.9869662285627747	0.17953754053505122	4.229777763445314
5	0	9	1	1	3	2.233708343308608	-0.0430610466626451	5.12186612645236
5	0	10	1	1	3	0.496804241652648	0.1999999986652412	4.23070568880029
5	0	11	1	1	3	0.41964602864264544	0.16603707145490176	4.261386874482768
5	0	12	1	1	3	0.9554582657537025	0.28007911547452036	4.9652533992607815
5	0	13	1	1	3	1.3859152186416506	0.14836795582957585	5.81714002219848
5	0	14	1	1	3	1.51839520017366	0.09156610307752722	5.825233123650954
5	0	15	1	1	3	1.44578206489683	0.14003859636386462	5.706822479059767
5	0	16	1	1	3	1.2429118949930105	0.17978320589115082	5.511980787256902
5	0	17	1	1	3	1.0177213936660732	0.27171395547522614	5.237965104726907
5	0	18	1	1	3	1.039491498609596	0.28130203304770784	5.183364147264895
5	0	19	1	1	3	1.2822404969247838	0.18384985344914728	5.106767838947878
5	0	20	1	1	3	1.5631760572290088	0.14289499246589976	5.009008969063407
5	0	21	1	1	3	1.1150108168247617	0.2444915678684545	4.735587071097432
5	0	22	1	1	3	1.3016957427745417	0.25642064243094165	5.175674984640184
5	0	23	1	1	3	1.044734754626986	0.36056025775755796	5.0543348565817405
5	0	24	1	1	3	1.4772512735037506	0.09059819308135975	5.07933032591216
5	0	25	1	1	3	1.1866484534219812	0.26309876300824353	5.003502755613811
5	0	26	1	1	3	1.5752041597839699	0.037483619144496494	5.22865303156527
5	0	27	1	1	3	1.2851755919920256	0.2507509070254308	4.894129543797961
5	0	28	1	1	3	0.949205569447048	0.28496900375220413	4.479418575366919
5	0	29	1	1	3	0.5600449114914842	0.19057461776070994	3.909688130407764
5	0	30	1	1	3	0.3583763224077284	0.16339608512483483	3.7972822652991383
5	0	31	1	1	3	0.8978224913067973	0.08269346851982906	4.023574853471396
5	0	32	1	1	3	0.4865059553447783	0.08142451970113651	3.223374948641389
5	0	33	1	1	3	0.6843454116279089	0.11503207334555654	3.1685330284528836
#T1
7	0	0	0	0	3	0.000000e+00	0.000000e+00	0.000000e+00
#CVC
8	0	0	0	1	3	0.000000e+00	0.000000e+00	0.000000e+00
8	0	1	0	1	3	0.000000e+00	0.000000e+00	0.000000e+00
8	0	2	0	1	3	0.000000e+00	0.000000e+00	0.000000e+00
8	0	3	0	1	3	0.000000e+00	0.000000e+00	0.000000e+00
8	0	4	0	1	3	0.000000e+00	0.000000e+00	0.000000e+00
8	0	5	0	1	3	0.000000e+00	0.000000e+00	0.000000e+00
8	0	6	0	1	3	0.000000e+00	0.000000e+00	0.000000e+00
8	0	7	0	1	3	0.000000e+00	0.000000e+00	0.000000e+00
8	0	0	1	1	3	0.000000e+00	0.000000e+00	0.000000e+00
8	0	1	1	1	3	0.000000e+00	0.000000e+00	0.000000e+00
8	0	2	1	1	3	0.000000e+00	0.000000e+00	0.000000e+00
8	0	3	1	1	3	0.000000e+00	0.000000e+00	0.000000e+00
8	0	4	1	1	3	0.000000e+00	0.000000e+00	0.000000e+00
8	0	5	1	1	3	0.000000e+00	0.000000e+00	0.000000e+00
8	0	6	1	1	3	0.000000e+00	0.000000e+00	0.000000e+00
8	0	7	1	1	3	0.000000e+00	0.000000e+00	0.000000e+00
#COBO
11	0	0	0	0	3	0.000000e+00	0.000000e+00	0.000000e+00
11	0	1	0	0	3	0.000000e+00	0.000000e+00	0.000000e+00
11	0	2	0	0	3	0.000000e+00	0.000000e+00	0.000000e+00
11	0	3	0	0	3	0.000000e+00	0.000000e+00	0.000000e+00
11	0	4	0	0	3	0.000000e+00	0.000000e+00	0.000000e+00
11	0	5	0	0	3	0.000000e+00	0.000000e+00	0.000000e+00
11	0	6	0	0	3	0.000000e+00	0.000000e+00	0.000000e+00
11	0	7	0	0	3	0.000000e+00	0.000000e+00	0.000000e+00
