#
#  Lh2ElossMap_proton
#  Loss = p_start - p_end  [MeV/c]  (>=0)
#  apply: |p|_vtx [MeV/c] = |p|_TPC [MeV/c] + Loss
#  L from vtx+dir vs cylinder (TargetRadius, TargetHalfHeight)
#  built by kpsc_g4_lh2_eloss_map  N_used=3057579
#  min TPC hits on proton track: 0
#  split by exit surface: main grid = side exits, Cap lines = end-cap exits (N_cap=422898)
#  p axis: p_TPC1st (momentum at first TPC hit)
#  input: /group/had/sks/Users/sryuta/geant_root/kp_mom645.root
#  input: /group/had/sks/Users/sryuta/geant_root/kp_mom735.root
#  input: /group/had/sks/Users/sryuta/geant_root/kp_mom933.root
#
#______________________________________________________________________________
TargetRadius       40    # mm
TargetHalfHeight   50    # mm
TargetCenterX      0    # mm
TargetCenterY      0    # mm
TargetCenterZ      -143    # mm

#______________________________________________________________________________
# p[MeV/c]   L[mm]   Loss[MeV/c]
100.000000  0.000000  116.292827
100.000000  10.000000  126.494522
100.000000  20.000000  140.877615
100.000000  30.000000  152.919188
100.000000  40.000000  159.741228
100.000000  50.000000  168.146315
100.000000  60.000000  175.531047
100.000000  70.000000  178.540356
100.000000  80.000000  191.534254
100.000000  100.000000  210.695966
150.000000  0.000000  84.755017
150.000000  10.000000  94.984645
150.000000  20.000000  104.427106
150.000000  30.000000  114.509128
150.000000  40.000000  123.627655
150.000000  50.000000  131.756420
150.000000  60.000000  139.815682
150.000000  70.000000  146.338259
150.000000  80.000000  155.893627
150.000000  100.000000  171.395845
200.000000  0.000000  57.978375
200.000000  10.000000  64.770680
200.000000  20.000000  73.782153
200.000000  30.000000  83.081322
200.000000  40.000000  91.352813
200.000000  50.000000  98.011416
200.000000  60.000000  104.778829
200.000000  70.000000  112.209976
200.000000  80.000000  118.466905
200.000000  100.000000  130.991586
250.000000  0.000000  36.300776
250.000000  10.000000  42.265759
250.000000  20.000000  50.573018
250.000000  30.000000  57.122957
250.000000  40.000000  64.436205
250.000000  50.000000  71.015516
250.000000  60.000000  76.330158
250.000000  70.000000  80.673369
250.000000  80.000000  87.496250
250.000000  100.000000  93.839405
300.000000  0.000000  23.875653
300.000000  10.000000  28.745768
300.000000  20.000000  34.379452
300.000000  30.000000  40.994649
300.000000  40.000000  45.499924
300.000000  50.000000  50.630906
300.000000  60.000000  54.917070
300.000000  70.000000  59.328141
300.000000  80.000000  63.992726
300.000000  100.000000  70.774460
350.000000  0.000000  15.616962
350.000000  10.000000  19.352142
350.000000  20.000000  24.437608
350.000000  30.000000  29.264416
350.000000  40.000000  33.622896
350.000000  50.000000  37.364410
350.000000  60.000000  40.387938
350.000000  70.000000  43.446942
350.000000  80.000000  47.685680
350.000000  100.000000  52.659467
400.000000  0.000000  10.405500
400.000000  10.000000  13.177228
400.000000  20.000000  16.592618
400.000000  30.000000  20.173591
400.000000  40.000000  23.844011
400.000000  50.000000  27.836342
400.000000  60.000000  30.249931
400.000000  70.000000  32.967934
400.000000  80.000000  36.463588
400.000000  100.000000  41.578742
450.000000  0.000000  7.675700
450.000000  10.000000  9.618723
450.000000  20.000000  12.358587
450.000000  30.000000  14.537270
450.000000  40.000000  17.441455
450.000000  50.000000  20.192861
450.000000  60.000000  22.722965
450.000000  70.000000  24.167987
450.000000  80.000000  27.032373
450.000000  100.000000  31.750195
500.000000  0.000000  5.902319
500.000000  10.000000  7.369906
500.000000  20.000000  9.307946
500.000000  30.000000  11.249651
500.000000  40.000000  13.357861
500.000000  50.000000  15.176219
500.000000  60.000000  17.143986
500.000000  70.000000  18.499463
500.000000  80.000000  20.946740
500.000000  100.000000  25.251876
550.000000  0.000000  4.560767
550.000000  10.000000  5.813728
550.000000  20.000000  7.237085
550.000000  30.000000  8.934146
550.000000  40.000000  10.552576
550.000000  50.000000  12.023897
550.000000  60.000000  13.579029
550.000000  70.000000  15.118490
550.000000  80.000000  16.902406
550.000000  100.000000  20.298315
600.000000  0.000000  3.659436
600.000000  10.000000  4.648083
600.000000  20.000000  6.016120
600.000000  30.000000  7.281781
600.000000  40.000000  8.594467
600.000000  50.000000  9.887771
600.000000  60.000000  11.177942
600.000000  70.000000  12.381935
600.000000  80.000000  13.853443
600.000000  100.000000  17.078193
650.000000  0.000000  3.029953
650.000000  10.000000  3.878473
650.000000  20.000000  5.003712
650.000000  30.000000  6.114603
650.000000  40.000000  7.186273
650.000000  50.000000  8.318715
650.000000  60.000000  9.430791
650.000000  70.000000  10.443811
650.000000  80.000000  11.603492
650.000000  100.000000  15.348982
700.000000  0.000000  2.504846
700.000000  10.000000  3.294571
700.000000  20.000000  4.267915
700.000000  30.000000  5.292122
700.000000  40.000000  6.215565
700.000000  50.000000  7.175967
700.000000  60.000000  8.132970
700.000000  70.000000  9.037706
700.000000  80.000000  9.899817
700.000000  100.000000  13.163339
750.000000  0.000000  2.125530
750.000000  10.000000  2.849549
750.000000  20.000000  3.721281
750.000000  30.000000  4.592011
750.000000  40.000000  5.448595
750.000000  50.000000  6.318176
750.000000  60.000000  7.222062
750.000000  70.000000  7.970526
750.000000  80.000000  8.800435
750.000000  100.000000  11.933901
800.000000  0.000000  1.875405
800.000000  10.000000  2.570959
800.000000  20.000000  3.280807
800.000000  30.000000  4.045541
800.000000  40.000000  4.862019
800.000000  50.000000  5.558688
800.000000  60.000000  6.344929
800.000000  70.000000  7.034641
800.000000  80.000000  7.920589
800.000000  100.000000  9.179478
900.000000  0.000000  1.646066
900.000000  10.000000  2.233649
900.000000  20.000000  2.858913
900.000000  30.000000  3.573706
900.000000  40.000000  4.291140
900.000000  50.000000  4.923979
900.000000  60.000000  5.552989
900.000000  70.000000  6.280556
900.000000  80.000000  6.818402
900.000000  100.000000  7.359681

#______________________________________________________________________________
# end-cap exits:  Cap  p[MeV/c]   L[mm]   Loss[MeV/c]
Cap  100.000000  0.000000  232.352238
Cap  100.000000  10.000000  224.645830
Cap  100.000000  20.000000  235.870001
Cap  100.000000  30.000000  240.125509
Cap  100.000000  40.000000  231.986252
Cap  100.000000  50.000000  236.529253
Cap  100.000000  60.000000  249.279717
Cap  100.000000  70.000000  246.118805
Cap  100.000000  80.000000  224.028741
Cap  100.000000  100.000000  262.707007
Cap  150.000000  0.000000  189.883631
Cap  150.000000  10.000000  186.409695
Cap  150.000000  20.000000  192.264082
Cap  150.000000  30.000000  201.582832
Cap  150.000000  40.000000  198.176385
Cap  150.000000  50.000000  201.911864
Cap  150.000000  60.000000  207.603088
Cap  150.000000  70.000000  210.644233
Cap  150.000000  80.000000  216.773034
Cap  150.000000  100.000000  218.376470
Cap  200.000000  0.000000  148.680442
Cap  200.000000  10.000000  153.562377
Cap  200.000000  20.000000  157.923631
Cap  200.000000  30.000000  157.805295
Cap  200.000000  40.000000  162.544053
Cap  200.000000  50.000000  164.516085
Cap  200.000000  60.000000  166.494854
Cap  200.000000  70.000000  166.700629
Cap  200.000000  80.000000  171.847240
Cap  200.000000  100.000000  176.436003
Cap  250.000000  0.000000  116.464532
Cap  250.000000  10.000000  117.070649
Cap  250.000000  20.000000  121.174140
Cap  250.000000  30.000000  123.662869
Cap  250.000000  40.000000  126.616898
Cap  250.000000  50.000000  130.555028
Cap  250.000000  60.000000  133.204764
Cap  250.000000  70.000000  133.501545
Cap  250.000000  80.000000  138.481901
Cap  250.000000  100.000000  137.048154
Cap  300.000000  0.000000  92.002354
Cap  300.000000  10.000000  94.418863
Cap  300.000000  20.000000  96.509745
Cap  300.000000  30.000000  97.916580
Cap  300.000000  40.000000  100.695223
Cap  300.000000  50.000000  101.805000
Cap  300.000000  60.000000  104.509869
Cap  300.000000  70.000000  106.010879
Cap  300.000000  80.000000  106.204697
Cap  300.000000  100.000000  114.295077
Cap  350.000000  0.000000  72.481948
Cap  350.000000  10.000000  74.577127
Cap  350.000000  20.000000  76.150383
Cap  350.000000  30.000000  76.960846
Cap  350.000000  40.000000  80.335332
Cap  350.000000  50.000000  81.894026
Cap  350.000000  60.000000  83.977143
Cap  350.000000  70.000000  84.749021
Cap  350.000000  80.000000  84.717381
Cap  350.000000  100.000000  89.791997
Cap  400.000000  0.000000  59.824967
Cap  400.000000  10.000000  59.654195
Cap  400.000000  20.000000  62.800760
Cap  400.000000  30.000000  62.444102
Cap  400.000000  40.000000  64.623761
Cap  400.000000  50.000000  66.205602
Cap  400.000000  60.000000  67.014789
Cap  400.000000  70.000000  67.877999
Cap  400.000000  80.000000  66.234229
Cap  400.000000  100.000000  68.942960
Cap  450.000000  0.000000  46.339830
Cap  450.000000  10.000000  50.087370
Cap  450.000000  20.000000  49.694547
Cap  450.000000  30.000000  52.013294
Cap  450.000000  40.000000  53.240023
Cap  450.000000  50.000000  55.003110
Cap  450.000000  60.000000  54.862436
Cap  450.000000  70.000000  54.493073
Cap  450.000000  80.000000  50.059072
Cap  450.000000  100.000000  49.688490
Cap  500.000000  0.000000  40.026791
Cap  500.000000  10.000000  41.988973
Cap  500.000000  20.000000  42.921972
Cap  500.000000  30.000000  43.763825
Cap  500.000000  40.000000  44.588906
Cap  500.000000  50.000000  45.283096
Cap  500.000000  60.000000  45.268726
Cap  500.000000  70.000000  45.852485
Cap  500.000000  80.000000  41.063070
Cap  500.000000  100.000000  39.470277
Cap  550.000000  0.000000  35.248489
Cap  550.000000  10.000000  36.405056
Cap  550.000000  20.000000  37.211941
Cap  550.000000  30.000000  38.358531
Cap  550.000000  40.000000  37.828763
Cap  550.000000  50.000000  38.585137
Cap  550.000000  60.000000  37.598890
Cap  550.000000  70.000000  33.532643
Cap  550.000000  80.000000  32.855915
Cap  550.000000  100.000000  26.673799
Cap  600.000000  0.000000  33.333633
Cap  600.000000  10.000000  33.381012
Cap  600.000000  20.000000  32.020660
Cap  600.000000  30.000000  33.012969
Cap  600.000000  40.000000  33.969677
Cap  600.000000  50.000000  31.498985
Cap  600.000000  60.000000  29.825126
Cap  600.000000  70.000000  27.299508
Cap  600.000000  80.000000  24.318740
Cap  600.000000  100.000000  24.150989
Cap  650.000000  0.000000  29.338565
Cap  650.000000  10.000000  28.072432
Cap  650.000000  20.000000  29.258600
Cap  650.000000  30.000000  28.140228
Cap  650.000000  40.000000  26.314370
Cap  650.000000  50.000000  28.662983
Cap  650.000000  60.000000  22.778665
Cap  650.000000  70.000000  21.874034
Cap  650.000000  80.000000  23.689561
Cap  650.000000  100.000000  23.325801
Cap  700.000000  0.000000  24.564533
Cap  700.000000  10.000000  26.692475
Cap  700.000000  20.000000  24.761193
Cap  700.000000  30.000000  25.734779
Cap  700.000000  40.000000  25.983635
Cap  700.000000  50.000000  25.252980
Cap  700.000000  60.000000  21.414404
Cap  700.000000  70.000000  20.322623
Cap  700.000000  80.000000  17.804688
Cap  700.000000  100.000000  22.459547
Cap  750.000000  0.000000  22.636542
Cap  750.000000  10.000000  24.388931
Cap  750.000000  20.000000  24.206777
Cap  750.000000  30.000000  16.512755
Cap  750.000000  40.000000  23.810881
Cap  750.000000  50.000000  22.103250
Cap  750.000000  60.000000  17.364328
Cap  750.000000  70.000000  12.286508
Cap  750.000000  80.000000  14.121103
Cap  750.000000  100.000000  14.004096
Cap  800.000000  0.000000  21.007601
Cap  800.000000  10.000000  19.128959
Cap  800.000000  20.000000  23.349722
Cap  800.000000  30.000000  20.467021
Cap  800.000000  40.000000  20.719837
Cap  800.000000  50.000000  19.883432
Cap  800.000000  60.000000  14.962601
Cap  800.000000  70.000000  13.409619
Cap  800.000000  80.000000  12.953489
Cap  800.000000  100.000000  14.689478
Cap  900.000000  0.000000  21.011502
Cap  900.000000  10.000000  21.252841
Cap  900.000000  20.000000  21.054452
Cap  900.000000  30.000000  21.701080
Cap  900.000000  40.000000  20.926524
Cap  900.000000  50.000000  18.232828
Cap  900.000000  60.000000  16.140223
Cap  900.000000  70.000000  13.989613
Cap  900.000000  80.000000  13.718161
Cap  900.000000  100.000000  13.718161
