#
#  Lh2ElossMap_proton
#  Loss = p_start - p_end  [MeV/c]  (>=0)
#  apply: |p|_vtx [MeV/c] = |p|_TPC [MeV/c] + Loss
#  L from vtx+dir vs cylinder (TargetRadius, TargetHalfHeight)
#  built by kpsc_g4_lh2_eloss_map  N_used=3073248
#  input: /group/had/sks/Users/sryuta/geant_root/kp_mom645.root
#  input: /group/had/sks/Users/sryuta/geant_root/kp_mom735.root
#  input: /group/had/sks/Users/sryuta/geant_root/kp_mom933.root
#
#______________________________________________________________________________
TargetRadius       40    # mm
TargetHalfHeight   50    # mm
TargetCenterX      0    # mm
TargetCenterY      0    # mm
TargetCenterZ      -143    # mm

#______________________________________________________________________________
# p[MeV/c]   L[mm]   Loss[MeV/c]
100.000000  0.000000  0.000000
100.000000  10.000000  0.000000
100.000000  20.000000  0.000000
100.000000  30.000000  0.000000
100.000000  40.000000  0.000000
100.000000  50.000000  0.000000
100.000000  60.000000  0.000000
100.000000  70.000000  0.000000
100.000000  80.000000  0.000000
100.000000  100.000000  0.000000
150.000000  0.000000  0.000000
150.000000  10.000000  0.000000
150.000000  20.000000  0.000000
150.000000  30.000000  0.000000
150.000000  40.000000  0.000000
150.000000  50.000000  0.000000
150.000000  60.000000  0.000000
150.000000  70.000000  0.000000
150.000000  80.000000  0.000000
150.000000  100.000000  0.000000
200.000000  0.000000  73.838502
200.000000  10.000000  88.256371
200.000000  20.000000  119.632948
200.000000  30.000000  119.632948
200.000000  40.000000  119.632948
200.000000  50.000000  119.632948
200.000000  60.000000  119.632948
200.000000  70.000000  119.632948
200.000000  80.000000  119.632948
200.000000  100.000000  119.632948
250.000000  0.000000  58.356740
250.000000  10.000000  66.909693
250.000000  20.000000  79.980203
250.000000  30.000000  99.163305
250.000000  40.000000  111.776391
250.000000  50.000000  118.838105
250.000000  60.000000  140.891065
250.000000  70.000000  170.104452
250.000000  80.000000  170.104452
250.000000  100.000000  170.104452
300.000000  0.000000  34.268272
300.000000  10.000000  41.968590
300.000000  20.000000  55.411232
300.000000  30.000000  68.216232
300.000000  40.000000  79.925756
300.000000  50.000000  91.475293
300.000000  60.000000  106.503628
300.000000  70.000000  118.629920
300.000000  80.000000  133.733258
300.000000  100.000000  159.170674
350.000000  0.000000  21.722390
350.000000  10.000000  27.556431
350.000000  20.000000  34.275035
350.000000  30.000000  42.397751
350.000000  40.000000  49.419095
350.000000  50.000000  57.108514
350.000000  60.000000  64.829134
350.000000  70.000000  72.554164
350.000000  80.000000  84.303554
350.000000  100.000000  103.990730
400.000000  0.000000  13.510723
400.000000  10.000000  17.504393
400.000000  20.000000  23.036678
400.000000  30.000000  29.620500
400.000000  40.000000  34.818837
400.000000  50.000000  39.594510
400.000000  60.000000  44.859062
400.000000  70.000000  49.020066
400.000000  80.000000  58.236869
400.000000  100.000000  75.029076
450.000000  0.000000  9.205559
450.000000  10.000000  11.560618
450.000000  20.000000  15.759024
450.000000  30.000000  20.340094
450.000000  40.000000  23.965034
450.000000  50.000000  27.796540
450.000000  60.000000  30.425939
450.000000  70.000000  33.602089
450.000000  80.000000  38.259388
450.000000  100.000000  47.451037
500.000000  0.000000  6.492339
500.000000  10.000000  8.240461
500.000000  20.000000  10.875410
500.000000  30.000000  13.589013
500.000000  40.000000  16.757484
500.000000  50.000000  19.904062
500.000000  60.000000  22.185788
500.000000  70.000000  23.726527
500.000000  80.000000  26.924673
500.000000  100.000000  31.649470
550.000000  0.000000  4.969888
550.000000  10.000000  6.323057
550.000000  20.000000  7.989422
550.000000  30.000000  10.012676
550.000000  40.000000  12.107980
550.000000  50.000000  13.804652
550.000000  60.000000  15.900725
550.000000  70.000000  17.110945
550.000000  80.000000  20.265083
550.000000  100.000000  24.308575
600.000000  0.000000  3.856121
600.000000  10.000000  4.900531
600.000000  20.000000  6.365114
600.000000  30.000000  7.768761
600.000000  40.000000  9.248740
600.000000  50.000000  10.756132
600.000000  60.000000  12.255564
600.000000  70.000000  13.392352
600.000000  80.000000  15.016554
600.000000  100.000000  18.152867
650.000000  0.000000  3.162759
650.000000  10.000000  4.051775
650.000000  20.000000  5.219448
650.000000  30.000000  6.415941
650.000000  40.000000  7.636987
650.000000  50.000000  8.797755
650.000000  60.000000  9.930027
650.000000  70.000000  10.956654
650.000000  80.000000  12.344469
650.000000  100.000000  15.951637
700.000000  0.000000  2.597572
700.000000  10.000000  3.382551
700.000000  20.000000  4.398598
700.000000  30.000000  5.478759
700.000000  40.000000  6.411494
700.000000  50.000000  7.442267
700.000000  60.000000  8.410692
700.000000  70.000000  9.380742
700.000000  80.000000  10.342417
700.000000  100.000000  14.288726
750.000000  0.000000  2.153354
750.000000  10.000000  2.932560
750.000000  20.000000  3.790630
750.000000  30.000000  4.745936
750.000000  40.000000  5.583812
750.000000  50.000000  6.501705
750.000000  60.000000  7.361541
750.000000  70.000000  8.212996
750.000000  80.000000  9.022937
750.000000  100.000000  11.142748
800.000000  0.000000  1.929123
800.000000  10.000000  2.605430
800.000000  20.000000  3.361762
800.000000  30.000000  4.120928
800.000000  40.000000  4.950535
800.000000  50.000000  5.650871
800.000000  60.000000  6.482011
800.000000  70.000000  7.188519
800.000000  80.000000  8.053457
800.000000  100.000000  9.478656
900.000000  0.000000  1.682359
900.000000  10.000000  2.258560
900.000000  20.000000  2.900243
900.000000  30.000000  3.594081
900.000000  40.000000  4.331982
900.000000  50.000000  5.026942
900.000000  60.000000  5.648239
900.000000  70.000000  6.391897
900.000000  80.000000  6.991519
900.000000  100.000000  7.359681
