#
#  Lh2ElossMap_proton
#  Loss = p_start - p_end  [MeV/c]  (>=0)
#  apply: |p|_vtx [MeV/c] = |p|_TPC [MeV/c] + Loss
#  L from vtx+dir vs cylinder (TargetRadius, TargetHalfHeight)
#  built by kpsc_g4_lh2_eloss_map  N_used=3057579
#  p axis: p_TPC1st (momentum at first TPC hit)
#  input: /group/had/sks/Users/sryuta/geant_root/kp_mom645.root
#  input: /group/had/sks/Users/sryuta/geant_root/kp_mom735.root
#  input: /group/had/sks/Users/sryuta/geant_root/kp_mom933.root
#
#______________________________________________________________________________
TargetRadius       40    # mm
TargetHalfHeight   50    # mm
TargetCenterX      0    # mm
TargetCenterY      0    # mm
TargetCenterZ      -143    # mm

#______________________________________________________________________________
# p[MeV/c]   L[mm]   Loss[MeV/c]
100.000000  0.000000  134.916106
100.000000  10.000000  127.224502
100.000000  20.000000  155.835557
100.000000  30.000000  164.020594
100.000000  40.000000  171.213945
100.000000  50.000000  190.002344
100.000000  60.000000  192.299418
100.000000  70.000000  200.721324
100.000000  80.000000  203.596238
100.000000  100.000000  232.758386
110.000000  0.000000  123.056374
110.000000  10.000000  135.059101
110.000000  20.000000  145.897230
110.000000  30.000000  157.720196
110.000000  40.000000  164.464881
110.000000  50.000000  178.486075
110.000000  60.000000  182.508455
110.000000  70.000000  188.896858
110.000000  80.000000  207.685297
110.000000  100.000000  266.228380
120.000000  0.000000  109.360503
120.000000  10.000000  125.629605
120.000000  20.000000  135.386754
120.000000  30.000000  153.955117
120.000000  40.000000  160.549246
120.000000  50.000000  165.307603
120.000000  60.000000  174.303619
120.000000  70.000000  185.072388
120.000000  80.000000  194.954021
120.000000  100.000000  262.707007
130.000000  0.000000  92.497353
130.000000  10.000000  116.660721
130.000000  20.000000  128.381563
130.000000  30.000000  140.554371
130.000000  40.000000  149.180870
130.000000  50.000000  156.506011
130.000000  60.000000  167.213856
130.000000  70.000000  169.807040
130.000000  80.000000  188.319001
130.000000  100.000000  186.180131
140.000000  0.000000  92.752196
140.000000  10.000000  109.672836
140.000000  20.000000  120.807588
140.000000  30.000000  131.704377
140.000000  40.000000  138.237932
140.000000  50.000000  149.188707
140.000000  60.000000  153.823057
140.000000  70.000000  168.419409
140.000000  80.000000  173.004256
140.000000  100.000000  195.502669
150.000000  0.000000  92.140850
150.000000  10.000000  100.970783
150.000000  20.000000  110.915670
150.000000  30.000000  121.581750
150.000000  40.000000  131.399351
150.000000  50.000000  141.724404
150.000000  60.000000  145.678357
150.000000  70.000000  155.933063
150.000000  80.000000  157.119209
150.000000  100.000000  178.446694
165.000000  0.000000  80.358595
165.000000  10.000000  94.093037
165.000000  20.000000  100.251988
165.000000  30.000000  110.485010
165.000000  40.000000  119.450486
165.000000  50.000000  130.247918
165.000000  60.000000  134.927522
165.000000  70.000000  145.679294
165.000000  80.000000  154.432511
165.000000  100.000000  172.444048
180.000000  0.000000  71.351755
180.000000  10.000000  81.651442
180.000000  20.000000  89.939302
180.000000  30.000000  101.209647
180.000000  40.000000  110.889941
180.000000  50.000000  115.666780
180.000000  60.000000  123.842210
180.000000  70.000000  130.254429
180.000000  80.000000  142.873856
180.000000  100.000000  158.542517
200.000000  0.000000  59.551662
200.000000  10.000000  69.470014
200.000000  20.000000  79.126560
200.000000  30.000000  87.454992
200.000000  40.000000  96.992885
200.000000  50.000000  104.753327
200.000000  60.000000  110.744500
200.000000  70.000000  117.256648
200.000000  80.000000  125.742442
200.000000  100.000000  138.541055
225.000000  0.000000  50.317802
225.000000  10.000000  54.493849
225.000000  20.000000  64.715364
225.000000  30.000000  75.436081
225.000000  40.000000  81.494968
225.000000  50.000000  88.300329
225.000000  60.000000  94.486658
225.000000  70.000000  100.175442
225.000000  80.000000  110.851148
225.000000  100.000000  126.063025
250.000000  0.000000  39.971262
250.000000  10.000000  45.911904
250.000000  20.000000  54.967677
250.000000  30.000000  61.853661
250.000000  40.000000  69.400115
250.000000  50.000000  76.514107
250.000000  60.000000  81.045772
250.000000  70.000000  86.341640
250.000000  80.000000  94.042858
250.000000  100.000000  103.325268
275.000000  0.000000  33.400446
275.000000  10.000000  37.600571
275.000000  20.000000  46.197747
275.000000  30.000000  52.746108
275.000000  40.000000  59.032276
275.000000  50.000000  65.142915
275.000000  60.000000  69.711796
275.000000  70.000000  73.932142
275.000000  80.000000  82.108506
275.000000  100.000000  98.021852
300.000000  0.000000  26.638359
300.000000  10.000000  31.557579
300.000000  20.000000  37.515408
300.000000  30.000000  44.080781
300.000000  40.000000  49.414561
300.000000  50.000000  55.088288
300.000000  60.000000  59.007171
300.000000  70.000000  64.341627
300.000000  80.000000  71.721721
300.000000  100.000000  86.178951
325.000000  0.000000  21.472543
325.000000  10.000000  25.044380
325.000000  20.000000  31.492862
325.000000  30.000000  38.292661
325.000000  40.000000  41.981573
325.000000  50.000000  46.690870
325.000000  60.000000  51.246535
325.000000  70.000000  55.266323
325.000000  80.000000  60.141515
325.000000  100.000000  69.935365
350.000000  0.000000  16.418681
350.000000  10.000000  20.970106
350.000000  20.000000  26.946754
350.000000  30.000000  31.919355
350.000000  40.000000  36.680791
350.000000  50.000000  40.553564
350.000000  60.000000  44.079913
350.000000  70.000000  47.089126
350.000000  80.000000  52.548521
350.000000  100.000000  60.565876
375.000000  0.000000  13.801348
375.000000  10.000000  16.870869
375.000000  20.000000  22.057460
375.000000  30.000000  27.297495
375.000000  40.000000  31.561191
375.000000  50.000000  34.504579
375.000000  60.000000  37.840229
375.000000  70.000000  41.094276
375.000000  80.000000  45.620078
375.000000  100.000000  51.007749
400.000000  0.000000  10.661829
400.000000  10.000000  13.614304
400.000000  20.000000  16.973036
400.000000  30.000000  22.266109
400.000000  40.000000  26.107381
400.000000  50.000000  29.329311
400.000000  60.000000  32.076935
400.000000  70.000000  34.071950
400.000000  80.000000  38.065423
400.000000  100.000000  45.726320
450.000000  0.000000  8.184693
450.000000  10.000000  10.352598
450.000000  20.000000  13.236608
450.000000  30.000000  15.822526
450.000000  40.000000  19.457514
450.000000  50.000000  22.591540
450.000000  60.000000  25.229267
450.000000  70.000000  26.677079
450.000000  80.000000  29.873465
450.000000  100.000000  33.554139
500.000000  0.000000  6.131240
500.000000  10.000000  7.669458
500.000000  20.000000  9.793405
500.000000  30.000000  12.053789
500.000000  40.000000  14.436506
500.000000  50.000000  16.541294
500.000000  60.000000  19.014866
500.000000  70.000000  20.163069
500.000000  80.000000  22.542603
500.000000  100.000000  26.415509
550.000000  0.000000  4.735796
550.000000  10.000000  5.998827
550.000000  20.000000  7.471177
550.000000  30.000000  9.258146
550.000000  40.000000  10.976914
550.000000  50.000000  12.539894
550.000000  60.000000  14.165532
550.000000  70.000000  15.738844
550.000000  80.000000  17.670052
550.000000  100.000000  20.945484
600.000000  0.000000  3.770190
600.000000  10.000000  4.794823
600.000000  20.000000  6.173265
600.000000  30.000000  7.473058
600.000000  40.000000  8.786700
600.000000  50.000000  10.123012
600.000000  60.000000  11.403479
600.000000  70.000000  12.672534
600.000000  80.000000  14.135894
600.000000  100.000000  17.548104
650.000000  0.000000  3.107418
650.000000  10.000000  3.959254
650.000000  20.000000  5.097787
650.000000  30.000000  6.232049
650.000000  40.000000  7.317574
650.000000  50.000000  8.456152
650.000000  60.000000  9.586498
650.000000  70.000000  10.560303
650.000000  80.000000  11.724018
650.000000  100.000000  15.879160
700.000000  0.000000  2.547139
700.000000  10.000000  3.326794
700.000000  20.000000  4.310871
700.000000  30.000000  5.365109
700.000000  40.000000  6.290414
700.000000  50.000000  7.239928
700.000000  60.000000  8.205375
700.000000  70.000000  9.112615
700.000000  80.000000  10.012907
700.000000  100.000000  13.167973
750.000000  0.000000  2.137374
750.000000  10.000000  2.885108
750.000000  20.000000  3.756217
750.000000  30.000000  4.626537
750.000000  40.000000  5.495852
750.000000  50.000000  6.351981
750.000000  60.000000  7.268939
750.000000  70.000000  8.005600
750.000000  80.000000  8.811586
750.000000  100.000000  11.933901
800.000000  0.000000  1.919882
800.000000  10.000000  2.597128
800.000000  20.000000  3.320143
800.000000  30.000000  4.079407
800.000000  40.000000  4.925893
800.000000  50.000000  5.598160
800.000000  60.000000  6.392700
800.000000  70.000000  7.056270
800.000000  80.000000  7.989143
800.000000  100.000000  9.478656
900.000000  0.000000  1.682359
900.000000  10.000000  2.247638
900.000000  20.000000  2.892842
900.000000  30.000000  3.589140
900.000000  40.000000  4.328677
900.000000  50.000000  4.955411
900.000000  60.000000  5.586715
900.000000  70.000000  6.312331
900.000000  80.000000  6.845739
900.000000  100.000000  7.359681
