#CId	PlId	SegId	AorT	UorD	p0	p1
#BHT
1	0	0	0	0	0.0	9.608279180307896
1	0	1	0	0	0.0	8.635113859101885
1	0	2	0	0	0.0	10.035451937863979
1	0	3	0	0	0.0	8.870981292653667
1	0	4	0	0	0.0	9.806283907951924
1	0	5	0	0	0.0	9.762900906847769
1	0	6	0	0	0.0	9.831807584111644
1	0	7	0	0	0.0	8.050682612601108
1	0	8	0	0	0.0	9.480341379737313
1	0	9	0	0	0.0	8.967602333415098
1	0	10	0	0	0.0	9.248030931188104
1	0	11	0	0	0.0	8.656990805527924
1	0	12	0	0	0.0	9.557068483004775
1	0	13	0	0	0.0	9.210735713575923
1	0	14	0	0	0.0	9.810194035417064
1	0	15	0	0	0.0	8.5983579854919
1	0	16	0	0	0.0	9.045463617259708
1	0	17	0	0	0.0	9.023018069419084
1	0	18	0	0	0.0	9.069667026954967
1	0	19	0	0	0.0	8.822930097408054
1	0	20	0	0	0.0	8.818444753300785
1	0	21	0	0	0.0	9.297992421618732
1	0	22	0	0	0.0	9.48479269256221
1	0	23	0	0	0.0	8.16146813392309
1	0	24	0	0	0.0	9.041124242480713
1	0	25	0	0	0.0	8.889674984589087
1	0	26	0	0	0.0	9.137769105626527
1	0	27	0	0	0.0	8.408405744494678
1	0	28	0	0	0.0	8.903705726630507
1	0	29	0	0	0.0	9.058791071240417
1	0	30	0	0	0.0	8.868220344242115
1	0	31	0	0	0.0	9.031414360477557
1	0	32	0	0	0.0	9.33882594061141
1	0	33	0	0	0.0	8.76606723956944
1	0	34	0	0	0.0	8.934772428963425
1	0	35	0	0	0.0	8.387087279098465
1	0	36	0	0	0.0	9.002039675400408
1	0	37	0	0	0.0	9.258084949733748
1	0	38	0	0	0.0	8.630831167222816
1	0	39	0	0	0.0	8.30142865281164
1	0	40	0	0	0.0	9.007700838203947
1	0	41	0	0	0.0	8.312621361688004
1	0	42	0	0	0.0	9.171460770015349
1	0	43	0	0	0.0	9.214711396038549
1	0	44	0	0	0.0	9.075921462804846
1	0	45	0	0	0.0	9.264658018393948
1	0	46	0	0	0.0	8.943813329313135
1	0	47	0	0	0.0	8.628297199662176
1	0	48	0	0	0.0	9.273883652435286
1	0	49	0	0	0.0	8.744569131227923
1	0	50	0	0	0.0	8.719327016458099
1	0	51	0	0	0.0	8.107680472942478
1	0	52	0	0	0.0	9.217594985055706
1	0	53	0	0	0.0	8.769275677949908
1	0	54	0	0	0.0	9.311565898028217
1	0	55	0	0	0.0	8.2916809762995
1	0	56	0	0	0.0	9.211819893353542
1	0	57	0	0	0.0	8.787328177391089
1	0	58	0	0	0.0	8.896115057621385
1	0	59	0	0	0.0	8.120577670404844
1	0	60	0	0	0.0	9.150133687514005
1	0	61	0	0	0.0	8.975284301313266
1	0	62	0	0	0.0	9.79290087280634
1	0	0	0	1	0.0	9.974353401372538
1	0	1	0	1	0.0	10.091145928152994
1	0	2	0	1	0.0	10.27636327758012
1	0	3	0	1	0.0	10.192147880009811
1	0	4	0	1	0.0	9.717779062985274
1	0	5	0	1	0.0	9.444258926013152
1	0	6	0	1	0.0	9.70963523693469
1	0	7	0	1	0.0	9.308325826353752
1	0	8	0	1	0.0	9.645275031475851
1	0	9	0	1	0.0	9.368349542796063
1	0	10	0	1	0.0	9.711258335752724
1	0	11	0	1	0.0	9.344241274033202
1	0	12	0	1	0.0	9.721366015888526
1	0	13	0	1	0.0	9.176682468764348
1	0	14	0	1	0.0	8.66501588065169
1	0	15	0	1	0.0	9.330501031418432
1	0	16	0	1	0.0	9.445179073294401
1	0	17	0	1	0.0	9.457222975010618
1	0	18	0	1	0.0	9.718653666848954
1	0	19	0	1	0.0	9.52851963951945
1	0	20	0	1	0.0	9.478299727236747
1	0	21	0	1	0.0	9.366520576193594
1	0	22	0	1	0.0	8.914050154539888
1	0	23	0	1	0.0	8.984702317481581
1	0	24	0	1	0.0	9.093528284601163
1	0	25	0	1	0.0	9.195406349032535
1	0	26	0	1	0.0	8.729863003257611
1	0	27	0	1	0.0	9.57494523120176
1	0	28	0	1	0.0	9.420115006082883
1	0	29	0	1	0.0	9.726220780966173
1	0	30	0	1	0.0	9.691508044132867
1	0	31	0	1	0.0	8.955004939908822
1	0	32	0	1	0.0	8.90987411788461
1	0	33	0	1	0.0	9.356574282288525
1	0	34	0	1	0.0	9.385030936362302
1	0	35	0	1	0.0	8.972065924597748
1	0	36	0	1	0.0	9.7101512396252
1	0	37	0	1	0.0	8.641281896872732
1	0	38	0	1	0.0	9.30087344427571
1	0	39	0	1	0.0	9.430122541915903
1	0	40	0	1	0.0	9.323405587753205
1	0	41	0	1	0.0	8.90386773886298
1	0	42	0	1	0.0	9.564573672535111
1	0	43	0	1	0.0	8.67772090612427
1	0	44	0	1	0.0	9.275474261544048
1	0	45	0	1	0.0	8.645759250980731
1	0	46	0	1	0.0	9.272866015739298
1	0	47	0	1	0.0	9.719566487970141
1	0	48	0	1	0.0	9.903488875096809
1	0	49	0	1	0.0	9.76873092206449
1	0	50	0	1	0.0	9.578239831269622
1	0	51	0	1	0.0	9.288475225730542
1	0	52	0	1	0.0	8.880500608372685
1	0	53	0	1	0.0	9.244431058524944
1	0	54	0	1	0.0	9.424824772504744
1	0	55	0	1	0.0	9.561342674679622
1	0	56	0	1	0.0	9.044968652901076
1	0	57	0	1	0.0	9.714579202578397
1	0	58	0	1	0.0	9.463286632268616
1	0	59	0	1	0.0	9.808844227610022
1	0	60	0	1	0.0	9.446941733962873
1	0	61	0	1	0.0	9.743296034720284
1	0	62	0	1	0.0	9.498793425313979
1	0	0	1	0	1414572.4	-0.0009765625
1	0	1	1	0	1414492.105263158	-0.0009765625
1	0	2	1	0	1415284.5454545454	-0.0009765625
1	0	3	1	0	1414033.4567901234	-0.0009765625
1	0	4	1	0	1414809.2592592593	-0.0009765625
1	0	5	1	0	1414674.4444444445	-0.0009765625
1	0	6	1	0	1414494.1666666667	-0.0009765625
1	0	7	1	0	1414560.956521739	-0.0009765625
1	0	8	1	0	1414034.0625	-0.0009765625
1	0	9	1	0	1414877.4242424243	-0.0009765625
1	0	10	1	0	1414833.8167938932	-0.0009765625
1	0	11	1	0	1415353.0065359478	-0.0009765625
1	0	12	1	0	1414714.8677248678	-0.0009765625
1	0	13	1	0	1415305.5274261604	-0.0009765625
1	0	14	1	0	1414708.6145878434	-0.0009765625
1	0	15	1	0	1415643.849124707	-0.0009765625
1	0	16	1	0	1415232.7203512785	-0.0009765625
1	0	17	1	0	1416429.8718094705	-0.0009765625
1	0	18	1	0	1415799.4168189308	-0.0009765625
1	0	19	1	0	1416324.5773332214	-0.0009765625
1	0	20	1	0	1416552.136865534	-0.0009765625
1	0	21	1	0	1416810.4388838247	-0.0009765625
1	0	22	1	0	1417013.9790726071	-0.0009765625
1	0	23	1	0	1416313.2829367404	-0.0009765625
1	0	24	1	0	1416305.1969572173	-0.0009765625
1	0	25	1	0	1416767.6334989062	-0.0009765625
1	0	26	1	0	1416798.5679593408	-0.0009765625
1	0	27	1	0	1416219.0185179275	-0.0009765625
1	0	28	1	0	1416531.8306613201	-0.0009765625
1	0	29	1	0	1416565.2796861061	-0.0009765625
1	0	30	1	0	1416758.6961521597	-0.0009765625
1	0	31	1	0	1415214.972722854	-0.0009765625
1	0	32	1	0	1415505.073542331	-0.0009765625
1	0	33	1	0	1415255.5127845076	-0.0009765625
1	0	34	1	0	1415827.9157828537	-0.0009765625
1	0	35	1	0	1416070.3351494833	-0.0009765625
1	0	36	1	0	1415798.069193401	-0.0009765625
1	0	37	1	0	1416482.1054766036	-0.0009765625
1	0	38	1	0	1415695.5809260046	-0.0009765625
1	0	39	1	0	1416171.1931529553	-0.0009765625
1	0	40	1	0	1415397.964727939	-0.0009765625
1	0	41	1	0	1416101.4123655993	-0.0009765625
1	0	42	1	0	1415773.1190033501	-0.0009765625
1	0	43	1	0	1416516.2336948602	-0.0009765625
1	0	44	1	0	1415572.9769233922	-0.0009765625
1	0	45	1	0	1416589.1695993168	-0.0009765625
1	0	46	1	0	1415540.6550061323	-0.0009765625
1	0	47	1	0	1416035.3546316917	-0.0009765625
1	0	48	1	0	1415439.4159755197	-0.0009765625
1	0	49	1	0	1416309.2799591115	-0.0009765625
1	0	50	1	0	1415637.8222202433	-0.0009765625
1	0	51	1	0	1416101.5467943756	-0.0009765625
1	0	52	1	0	1416199.414188405	-0.0009765625
1	0	53	1	0	1416530.4697924275	-0.0009765625
1	0	54	1	0	1416061.0080350977	-0.0009765625
1	0	55	1	0	1416351.1795964432	-0.0009765625
1	0	56	1	0	1415881.3930625438	-0.0009765625
1	0	57	1	0	1416594.4243469413	-0.0009765625
1	0	58	1	0	1416309.0395072675	-0.0009765625
1	0	59	1	0	1416420.3170211276	-0.0009765625
1	0	60	1	0	1416001.7734921162	-0.0009765625
1	0	61	1	0	1416755.6042247612	-0.0009765625
1	0	62	1	0	1416373.0558730736	-0.0009765625
1	0	0	1	1	1416606.2666666666	-0.0009765625
1	0	1	1	1	1417609.024390244	-0.0009765625
1	0	2	1	1	1416288.2051282052	-0.0009765625
1	0	3	1	1	1416668.3333333333	-0.0009765625
1	0	4	1	1	1416780.3614457832	-0.0009765625
1	0	5	1	1	1417042.608695652	-0.0009765625
1	0	6	1	1	1415742.857142857	-0.0009765625
1	0	7	1	1	1416569.5041322315	-0.0009765625
1	0	8	1	1	1416531.6541353383	-0.0009765625
1	0	9	1	1	1417333.6090225563	-0.0009765625
1	0	10	1	1	1416843.3834586467	-0.0009765625
1	0	11	1	1	1417271.1612903227	-0.0009765625
1	0	12	1	1	1416725.7512953368	-0.0009765625
1	0	13	1	1	1416962.226720648	-0.0009765625
1	0	14	1	1	1415809.0880651877	-0.0009765625
1	0	15	1	1	1417269.951650468	-0.0009765625
1	0	16	1	1	1416904.4082449998	-0.0009765625
1	0	17	1	1	1418068.0478954113	-0.0009765625
1	0	18	1	1	1416763.0449272273	-0.0009765625
1	0	19	1	1	1417653.7419032995	-0.0009765625
1	0	20	1	1	1416915.1207085114	-0.0009765625
1	0	21	1	1	1417756.749044214	-0.0009765625
1	0	22	1	1	1416320.0289208614	-0.0009765625
1	0	23	1	1	1417187.2467747866	-0.0009765625
1	0	24	1	1	1416973.04468794	-0.0009765625
1	0	25	1	1	1417639.6266199383	-0.0009765625
1	0	26	1	1	1416256.9971782556	-0.0009765625
1	0	27	1	1	1417079.007807623	-0.0009765625
1	0	28	1	1	1416663.4084917528	-0.0009765625
1	0	29	1	1	1416329.888766909	-0.0009765625
1	0	30	1	1	1416039.690897705	-0.0009765625
1	0	31	1	1	1415539.5046970067	-0.0009765625
1	0	32	1	1	1417108.1367613187	-0.0009765625
1	0	33	1	1	1417179.7288761835	-0.0009765625
1	0	34	1	1	1416895.7039696635	-0.0009765625
1	0	35	1	1	1416686.298715303	-0.0009765625
1	0	36	1	1	1417077.5537844358	-0.0009765625
1	0	37	1	1	1416789.5280416808	-0.0009765625
1	0	38	1	1	1416484.9545542076	-0.0009765625
1	0	39	1	1	1416698.587780121	-0.0009765625
1	0	40	1	1	1416955.2921070412	-0.0009765625
1	0	41	1	1	1416844.9931954672	-0.0009765625
1	0	42	1	1	1416448.3282973967	-0.0009765625
1	0	43	1	1	1415950.5956489705	-0.0009765625
1	0	44	1	1	1415627.830284226	-0.0009765625
1	0	45	1	1	1416011.7806870833	-0.0009765625
1	0	46	1	1	1415037.2665886595	-0.0009765625
1	0	47	1	1	1415822.0841056672	-0.0009765625
1	0	48	1	1	1415197.3003242402	-0.0009765625
1	0	49	1	1	1416014.4169296152	-0.0009765625
1	0	50	1	1	1414780.7987134792	-0.0009765625
1	0	51	1	1	1415391.0621417363	-0.0009765625
1	0	52	1	1	1414885.5514913711	-0.0009765625
1	0	53	1	1	1415669.735732729	-0.0009765625
1	0	54	1	1	1414326.8418303651	-0.0009765625
1	0	55	1	1	1415237.2679666453	-0.0009765625
1	0	56	1	1	1415238.7085260272	-0.0009765625
1	0	57	1	1	1415866.3721264857	-0.0009765625
1	0	58	1	1	1415037.002167855	-0.0009765625
1	0	59	1	1	1415244.755421291	-0.0009765625
1	0	60	1	1	1415715.3874429315	-0.0009765625
1	0	61	1	1	1415688.4498764768	-0.0009765625
1	0	62	1	1	1415415.5340774984	-0.0009765625
#BH2
3	0	0	0	0	116.42398700280094	205.36486486486487
3	0	1	0	0	143.57716777586015	265.979674796748
3	0	2	0	0	99.90119307579059	250.14467005076142
3	0	3	0	0	132.87184922988232	283.2809099710175
3	0	4	0	0	123.63824545008593	240.757398965664
3	0	5	0	0	126.30008894420345	263.19020171094064
3	0	6	0	0	126.61815075738059	206.79951236392876
3	0	7	0	0	120.49297996973115	280.2228722564523
3	0	8	0	0	112.18370877100527	248.30962251944385
3	0	9	0	0	107.97405230180698	245.8028958623775
3	0	10	0	0	138.26107714808106	288.273851590106
3	0	11	0	0	113.20697089522984	242.71459227467813
3	0	12	0	0	109.08106537797975	267.4222222222222
3	0	13	0	0	92.65004674772639	246.41596638655463
3	0	14	0	0	140.16021218608205	273.5769230769231
3	0	0	0	1	122.58212178586689	285.40410958904107
3	0	1	0	1	105.62491763551095	255.46296296296296
3	0	2	0	1	116.1818703190653	259.793023255814
3	0	3	0	1	88.75178957038278	237.50654937522816
3	0	4	0	1	124.21024338294569	263.92416519861456
3	0	5	0	1	104.03455694354298	232.86716168130405
3	0	6	0	1	102.83578931196394	229.6849283378349
3	0	7	0	1	107.0067781921966	243.5304613119953
3	0	8	0	1	120.73697130146601	234.6524501518537
3	0	9	0	1	104.42605322284672	225.55640454827116
3	0	10	0	1	115.76430332648502	247.3817891373802
3	0	11	0	1	113.69508063625068	246.2289719626168
3	0	12	0	1	111.97745249057579	257.87704918032784
3	0	13	0	1	106.06887851671893	264.37786259541986
3	0	14	0	1	112.4119678623184	268.68
3	0	0	1	0	723077.1052631579	-0.0009765625
3	0	1	1	0	722498.3018867924	-0.0009765625
3	0	2	1	0	723528.8372093023	-0.0009765625
3	0	3	1	0	723642.4597754093	-0.0009765625
3	0	4	1	0	724414.7908784401	-0.0009765625
3	0	5	1	0	724900.3249813204	-0.0009765625
3	0	6	1	0	723765.7808909111	-0.0009765625
3	0	7	1	0	723751.8865585572	-0.0009765625
3	0	8	1	0	724648.9409934083	-0.0009765625
3	0	9	1	0	724445.8903367501	-0.0009765625
3	0	10	1	0	723780.839383597	-0.0009765625
3	0	11	1	0	723133.4	-0.0009765625
3	0	12	1	0	723078.4905660377	-0.0009765625
3	0	13	1	0	722453.8805970149	-0.0009765625
3	0	14	1	0	722616.2711864407	-0.0009765625
3	0	0	1	1	725831.25	-0.0009765625
3	0	1	1	1	725331.7592592592	-0.0009765625
3	0	2	1	1	727095.4545454546	-0.0009765625
3	0	3	1	1	726893.3740880653	-0.0009765625
3	0	4	1	1	726587.8145876518	-0.0009765625
3	0	5	1	1	727170.5331242917	-0.0009765625
3	0	6	1	1	727117.7329228346	-0.0009765625
3	0	7	1	1	727313.1669184788	-0.0009765625
3	0	8	1	1	727969.8112648046	-0.0009765625
3	0	9	1	1	727496.6335989486	-0.0009765625
3	0	10	1	1	727604.9430673555	-0.0009765625
3	0	11	1	1	725911.4285714285	-0.0009765625
3	0	12	1	1	726045.5188679246	-0.0009765625
3	0	13	1	1	725433.0291970803	-0.0009765625
3	0	14	1	1	725805.0847457628	-0.0009765625
3	0	0	1	2	-0.34183673469387676	1.0
3	0	1	1	2	-0.7520831742107533	1.0
3	0	2	1	2	-0.053532087914783325	1.0
3	0	3	1	2	0.3848517159882305	1.0
3	0	4	1	2	-0.4104256686192706	1.0
3	0	5	1	2	0.5915783222633872	1.0
3	0	6	1	2	-0.38045744389791897	1.0
3	0	7	1	2	0.32183096074534784	1.0
3	0	8	1	2	-0.24026564396100367	1.0
3	0	9	1	2	-0.1253960614596345	1.0
3	0	10	1	2	-0.521294174225538	1.0
3	0	11	1	2	-0.7732965107514934	1.0
3	0	12	1	2	-0.9631278970859201	1.0
3	0	13	1	2	-0.7115384615384607	1.0
3	0	14	1	2	-0.6420370370370364	1.0
#BAC
4	0	0	0	0	119.68968911872226	11.208
4	0	1	0	0	89.93863152533503	10.463
4	0	2	0	0	85.9946977532792	9.015
4	0	3	0	0	75.06364173269375	10.424
4	0	4	0	0	352.00020999333907	10.278
4	0	0	1	0	1.000000e+00	-9.765625e-04
4	0	1	1	0	1.000000e+00	-9.765625e-04
4	0	2	1	0	1.000000e+00	-9.765625e-04
4	0	3	1	0	1.000000e+00	-9.765625e-04
4	0	4	1	0	711165.3960053918	-0.0009765625
#HTOF
5	0	0	0	0	0.000000e+00	1.000000e+00
5	0	1	0	0	0.000000e+00	1.000000e+00
5	0	2	0	0	0.000000e+00	1.000000e+00
5	0	3	0	0	0.000000e+00	1.000000e+00
5	0	4	0	0	0.000000e+00	1.000000e+00
5	0	5	0	0	0.000000e+00	1.000000e+00
5	0	6	0	0	0.000000e+00	1.000000e+00
5	0	7	0	0	0.000000e+00	1.000000e+00
5	0	8	0	0	0.000000e+00	1.000000e+00
5	0	9	0	0	0.000000e+00	1.000000e+00
5	0	10	0	0	0.000000e+00	1.000000e+00
5	0	11	0	0	0.000000e+00	1.000000e+00
5	0	12	0	0	0.000000e+00	1.000000e+00
5	0	13	0	0	0.000000e+00	1.000000e+00
5	0	14	0	0	0.000000e+00	1.000000e+00
5	0	15	0	0	0.000000e+00	1.000000e+00
5	0	16	0	0	0.000000e+00	1.000000e+00
5	0	17	0	0	0.000000e+00	1.000000e+00
5	0	18	0	0	0.000000e+00	1.000000e+00
5	0	19	0	0	0.000000e+00	1.000000e+00
5	0	20	0	0	0.000000e+00	1.000000e+00
5	0	21	0	0	0.000000e+00	1.000000e+00
5	0	22	0	0	0.000000e+00	1.000000e+00
5	0	23	0	0	0.000000e+00	1.000000e+00
5	0	24	0	0	0.000000e+00	1.000000e+00
5	0	25	0	0	0.000000e+00	1.000000e+00
5	0	26	0	0	0.000000e+00	1.000000e+00
5	0	27	0	0	0.000000e+00	1.000000e+00
5	0	28	0	0	0.000000e+00	1.000000e+00
5	0	29	0	0	0.000000e+00	1.000000e+00
5	0	30	0	0	0.000000e+00	1.000000e+00
5	0	31	0	0	0.000000e+00	1.000000e+00
5	0	32	0	0	0.000000e+00	1.000000e+00
5	0	33	0	0	0.000000e+00	1.000000e+00
5	0	0	0	1	0.000000e+00	1.000000e+00
5	0	1	0	1	0.000000e+00	1.000000e+00
5	0	2	0	1	0.000000e+00	1.000000e+00
5	0	3	0	1	0.000000e+00	1.000000e+00
5	0	4	0	1	0.000000e+00	1.000000e+00
5	0	5	0	1	0.000000e+00	1.000000e+00
5	0	6	0	1	0.000000e+00	1.000000e+00
5	0	7	0	1	0.000000e+00	1.000000e+00
5	0	8	0	1	0.000000e+00	1.000000e+00
5	0	9	0	1	0.000000e+00	1.000000e+00
5	0	10	0	1	0.000000e+00	1.000000e+00
5	0	11	0	1	0.000000e+00	1.000000e+00
5	0	12	0	1	0.000000e+00	1.000000e+00
5	0	13	0	1	0.000000e+00	1.000000e+00
5	0	14	0	1	0.000000e+00	1.000000e+00
5	0	15	0	1	0.000000e+00	1.000000e+00
5	0	16	0	1	0.000000e+00	1.000000e+00
5	0	17	0	1	0.000000e+00	1.000000e+00
5	0	18	0	1	0.000000e+00	1.000000e+00
5	0	19	0	1	0.000000e+00	1.000000e+00
5	0	20	0	1	0.000000e+00	1.000000e+00
5	0	21	0	1	0.000000e+00	1.000000e+00
5	0	22	0	1	0.000000e+00	1.000000e+00
5	0	23	0	1	0.000000e+00	1.000000e+00
5	0	24	0	1	0.000000e+00	1.000000e+00
5	0	25	0	1	0.000000e+00	1.000000e+00
5	0	26	0	1	0.000000e+00	1.000000e+00
5	0	27	0	1	0.000000e+00	1.000000e+00
5	0	28	0	1	0.000000e+00	1.000000e+00
5	0	29	0	1	0.000000e+00	1.000000e+00
5	0	30	0	1	0.000000e+00	1.000000e+00
5	0	31	0	1	0.000000e+00	1.000000e+00
5	0	32	0	1	0.000000e+00	1.000000e+00
5	0	33	0	1	0.000000e+00	1.000000e+00
5	0	0	0	2	0.000000e+00	1.000000e+00
5	0	1	0	2	0.000000e+00	1.000000e+00
5	0	2	0	2	0.000000e+00	1.000000e+00
5	0	3	0	2	0.000000e+00	1.000000e+00
5	0	4	0	2	0.000000e+00	1.000000e+00
5	0	5	0	2	0.000000e+00	1.000000e+00
5	0	6	0	2	0.000000e+00	1.000000e+00
5	0	7	0	2	0.000000e+00	1.000000e+00
5	0	8	0	2	0.000000e+00	1.000000e+00
5	0	9	0	2	0.000000e+00	1.000000e+00
5	0	10	0	2	0.000000e+00	1.000000e+00
5	0	11	0	2	0.000000e+00	1.000000e+00
5	0	12	0	2	0.000000e+00	1.000000e+00
5	0	13	0	2	0.000000e+00	1.000000e+00
5	0	14	0	2	0.000000e+00	1.000000e+00
5	0	15	0	2	0.000000e+00	1.000000e+00
5	0	16	0	2	0.000000e+00	1.000000e+00
5	0	17	0	2	0.000000e+00	1.000000e+00
5	0	18	0	2	0.000000e+00	1.000000e+00
5	0	19	0	2	0.000000e+00	1.000000e+00
5	0	20	0	2	0.000000e+00	1.000000e+00
5	0	21	0	2	0.000000e+00	1.000000e+00
5	0	22	0	2	0.000000e+00	1.000000e+00
5	0	23	0	2	0.000000e+00	1.000000e+00
5	0	24	0	2	0.000000e+00	1.000000e+00
5	0	25	0	2	0.000000e+00	1.000000e+00
5	0	26	0	2	0.000000e+00	1.000000e+00
5	0	27	0	2	0.000000e+00	1.000000e+00
5	0	28	0	2	0.000000e+00	1.000000e+00
5	0	29	0	2	0.000000e+00	1.000000e+00
5	0	30	0	2	0.000000e+00	1.000000e+00
5	0	31	0	2	0.000000e+00	1.000000e+00
5	0	32	0	2	0.000000e+00	1.000000e+00
5	0	33	0	2	0.000000e+00	1.000000e+00
5	0	0	1	0	1.000000e+00	-9.765625e-04
5	0	1	1	0	1.000000e+00	-9.765625e-04
5	0	2	1	0	1.000000e+00	-9.765625e-04
5	0	3	1	0	1.000000e+00	-9.765625e-04
5	0	4	1	0	1.000000e+00	-9.765625e-04
5	0	5	1	0	1.000000e+00	-9.765625e-04
5	0	6	1	0	1.000000e+00	-9.765625e-04
5	0	7	1	0	1.000000e+00	-9.765625e-04
5	0	8	1	0	1.000000e+00	-9.765625e-04
5	0	9	1	0	1.000000e+00	-9.765625e-04
5	0	10	1	0	1.000000e+00	-9.765625e-04
5	0	11	1	0	1.000000e+00	-9.765625e-04
5	0	12	1	0	1.000000e+00	-9.765625e-04
5	0	13	1	0	1.000000e+00	-9.765625e-04
5	0	14	1	0	1.000000e+00	-9.765625e-04
5	0	15	1	0	1.000000e+00	-9.765625e-04
5	0	16	1	0	1.000000e+00	-9.765625e-04
5	0	17	1	0	1.000000e+00	-9.765625e-04
5	0	18	1	0	1.000000e+00	-9.765625e-04
5	0	19	1	0	1.000000e+00	-9.765625e-04
5	0	20	1	0	1.000000e+00	-9.765625e-04
5	0	21	1	0	1.000000e+00	-9.765625e-04
5	0	22	1	0	1.000000e+00	-9.765625e-04
5	0	23	1	0	1.000000e+00	-9.765625e-04
5	0	24	1	0	1.000000e+00	-9.765625e-04
5	0	25	1	0	1.000000e+00	-9.765625e-04
5	0	26	1	0	1.000000e+00	-9.765625e-04
5	0	27	1	0	1.000000e+00	-9.765625e-04
5	0	28	1	0	1.000000e+00	-9.765625e-04
5	0	29	1	0	1.000000e+00	-9.765625e-04
5	0	30	1	0	1.000000e+00	-9.765625e-04
5	0	31	1	0	1.000000e+00	-9.765625e-04
5	0	32	1	0	1.000000e+00	-9.765625e-04
5	0	33	1	0	1.000000e+00	-9.765625e-04
5	0	0	1	1	1.000000e+00	-9.765625e-04
5	0	1	1	1	1.000000e+00	-9.765625e-04
5	0	2	1	1	1.000000e+00	-9.765625e-04
5	0	3	1	1	1.000000e+00	-9.765625e-04
5	0	4	1	1	1.000000e+00	-9.765625e-04
5	0	5	1	1	1.000000e+00	-9.765625e-04
5	0	6	1	1	1.000000e+00	-9.765625e-04
5	0	7	1	1	1.000000e+00	-9.765625e-04
5	0	8	1	1	1.000000e+00	-9.765625e-04
5	0	9	1	1	1.000000e+00	-9.765625e-04
5	0	10	1	1	1.000000e+00	-9.765625e-04
5	0	11	1	1	1.000000e+00	-9.765625e-04
5	0	12	1	1	1.000000e+00	-9.765625e-04
5	0	13	1	1	1.000000e+00	-9.765625e-04
5	0	14	1	1	1.000000e+00	-9.765625e-04
5	0	15	1	1	1.000000e+00	-9.765625e-04
5	0	16	1	1	1.000000e+00	-9.765625e-04
5	0	17	1	1	1.000000e+00	-9.765625e-04
5	0	18	1	1	1.000000e+00	-9.765625e-04
5	0	19	1	1	1.000000e+00	-9.765625e-04
5	0	20	1	1	1.000000e+00	-9.765625e-04
5	0	21	1	1	1.000000e+00	-9.765625e-04
5	0	22	1	1	1.000000e+00	-9.765625e-04
5	0	23	1	1	1.000000e+00	-9.765625e-04
5	0	24	1	1	1.000000e+00	-9.765625e-04
5	0	25	1	1	1.000000e+00	-9.765625e-04
5	0	26	1	1	1.000000e+00	-9.765625e-04
5	0	27	1	1	1.000000e+00	-9.765625e-04
5	0	28	1	1	1.000000e+00	-9.765625e-04
5	0	29	1	1	1.000000e+00	-9.765625e-04
5	0	30	1	1	1.000000e+00	-9.765625e-04
5	0	31	1	1	1.000000e+00	-9.765625e-04
5	0	32	1	1	1.000000e+00	-9.765625e-04
5	0	33	1	1	1.000000e+00	-9.765625e-04
5	0	0	1	2	1.000000e+00	-9.765625e-04
5	0	1	1	2	1.000000e+00	-9.765625e-04
5	0	2	1	2	1.000000e+00	-9.765625e-04
5	0	3	1	2	1.000000e+00	-9.765625e-04
5	0	4	1	2	1.000000e+00	-9.765625e-04
5	0	5	1	2	1.000000e+00	-9.765625e-04
5	0	6	1	2	1.000000e+00	-9.765625e-04
5	0	7	1	2	1.000000e+00	-9.765625e-04
5	0	8	1	2	1.000000e+00	-9.765625e-04
5	0	9	1	2	1.000000e+00	-9.765625e-04
5	0	10	1	2	1.000000e+00	-9.765625e-04
5	0	11	1	2	1.000000e+00	-9.765625e-04
5	0	12	1	2	1.000000e+00	-9.765625e-04
5	0	13	1	2	1.000000e+00	-9.765625e-04
5	0	14	1	2	1.000000e+00	-9.765625e-04
5	0	15	1	2	1.000000e+00	-9.765625e-04
5	0	16	1	2	1.000000e+00	-9.765625e-04
5	0	17	1	2	1.000000e+00	-9.765625e-04
5	0	18	1	2	1.000000e+00	-9.765625e-04
5	0	19	1	2	1.000000e+00	-9.765625e-04
5	0	20	1	2	1.000000e+00	-9.765625e-04
5	0	21	1	2	1.000000e+00	-9.765625e-04
5	0	22	1	2	1.000000e+00	-9.765625e-04
5	0	23	1	2	1.000000e+00	-9.765625e-04
5	0	24	1	2	1.000000e+00	-9.765625e-04
5	0	25	1	2	1.000000e+00	-9.765625e-04
5	0	26	1	2	1.000000e+00	-9.765625e-04
5	0	27	1	2	1.000000e+00	-9.765625e-04
5	0	28	1	2	1.000000e+00	-9.765625e-04
5	0	29	1	2	1.000000e+00	-9.765625e-04
5	0	30	1	2	1.000000e+00	-9.765625e-04
5	0	31	1	2	1.000000e+00	-9.765625e-04
5	0	32	1	2	1.000000e+00	-9.765625e-04
5	0	33	1	2	1.000000e+00	-9.765625e-04
#KVC
6	0	0	0	0	123.04936917800538	9.405720e+00
6	0	1	0	0	98.03335952083327	9.293611e+00
6	0	2	0	0	101.12322222494109	9.794817e+00
6	0	3	0	0	115.55631590069666	8.935510e+00
6	0	4	0	0	113.42148631963445	9.405720e+00
6	0	5	0	0	127.30445135605476	9.293611e+00
6	0	6	0	0	102.32026843646763	9.794817e+00
6	0	7	0	0	122.27863570490389	8.935510e+00
6	0	0	0	1	141.94317389056596	8.864464e+00
6	0	1	0	1	114.76059558642618	1.002469e+01
6	0	2	0	1	144.16943122539436	9.032530e+00
6	0	3	0	1	89.47143337796025	8.566897e+00
6	0	4	0	1	97.82123066400145	8.864464e+00
6	0	5	0	1	120.4906526872261	1.002469e+01
6	0	6	0	1	104.30444466746007	9.032530e+00
6	0	7	0	1	114.34018514617202	8.566897e+00
6	0	0	0	2	102.60073691039389	9.281763e+00
6	0	1	0	2	107.19780298311538	9.597398e+00
6	0	2	0	2	112.20453443867774	9.604148e+00
6	0	3	0	2	95.12009776158557	9.156487e+00
6	0	4	0	2	90.472484100084	9.281763e+00
6	0	5	0	2	106.8313771991033	9.597398e+00
6	0	6	0	2	111.61772818741973	9.604148e+00
6	0	7	0	2	113.69183949463167	9.156487e+00
6	0	0	0	3	110.88343224849461	9.215651e+00
6	0	1	0	3	135.23373176890988	9.984777e+00
6	0	2	0	3	112.07985682763015	9.305942e+00
6	0	3	0	3	101.40478009791478	9.693401e+00
6	0	4	0	3	101.2128691150162	9.215651e+00
6	0	5	0	3	121.6826214749862	9.984777e+00
6	0	6	0	3	87.90969594676511	9.305942e+00
6	0	7	0	3	126.21668771412615	9.693401e+00
6	0	0	0	4	192.89380432455155	9.192747e+00
6	0	1	0	4	181.53785708995082	9.755004e+00
6	0	2	0	4	172.15204664610064	9.437462e+00
6	0	3	0	4	171.67785041484257	9.100621e+00
6	0	4	0	4	211.36638631095798	9.192747e+00
6	0	5	0	4	129.50484627518986	9.755004e+00
6	0	6	0	4	105.32995526462435	9.437462e+00
6	0	7	0	4	264.86772592462006	9.100621e+00
6	0	0	1	4	693072.5940346759	-0.0009765625
6	0	1	1	4	694341.9537226018	-0.0009765625
6	0	2	1	4	697901.8514772988	-0.0009765625
6	0	3	1	4	698272.1857232029	-0.0009765625
6	0	4	1	4	698021.6352207811	-0.0009765625
6	0	5	1	4	698134.9885490392	-0.0009765625
6	0	6	1	4	696600.9515129237	-0.0009765625
6	0	7	1	4	694166.1227749047	-0.0009765625
#T1
7	0	0	0	0	258.21787267341165	336.42165697302624
7	0	0	1	0	700858.3134394031	-0.0009765625
#CVC
8	0	0	0	0	0.000000e+00	1.000000e+00
8	0	1	0	0	0.000000e+00	1.000000e+00
8	0	2	0	0	0.000000e+00	1.000000e+00
8	0	3	0	0	0.000000e+00	1.000000e+00
8	0	4	0	0	0.000000e+00	1.000000e+00
8	0	5	0	0	0.000000e+00	1.000000e+00
8	0	6	0	0	0.000000e+00	1.000000e+00
8	0	7	0	0	0.000000e+00	1.000000e+00
8	0	0	0	1	0.000000e+00	1.000000e+00
8	0	1	0	1	0.000000e+00	1.000000e+00
8	0	2	0	1	0.000000e+00	1.000000e+00
8	0	3	0	1	0.000000e+00	1.000000e+00
8	0	4	0	1	0.000000e+00	1.000000e+00
8	0	5	0	1	0.000000e+00	1.000000e+00
8	0	6	0	1	0.000000e+00	1.000000e+00
8	0	7	0	1	0.000000e+00	1.000000e+00
8	0	0	1	0	1.000000e+00	-9.765625e-04
8	0	1	1	0	1.000000e+00	-9.765625e-04
8	0	2	1	0	1.000000e+00	-9.765625e-04
8	0	3	1	0	1.000000e+00	-9.765625e-04
8	0	4	1	0	1.000000e+00	-9.765625e-04
8	0	5	1	0	1.000000e+00	-9.765625e-04
8	0	6	1	0	1.000000e+00	-9.765625e-04
8	0	7	1	0	1.000000e+00	-9.765625e-04
8	0	0	1	1	1.000000e+00	-9.765625e-04
8	0	1	1	1	1.000000e+00	-9.765625e-04
8	0	2	1	1	1.000000e+00	-9.765625e-04
8	0	3	1	1	1.000000e+00	-9.765625e-04
8	0	4	1	1	1.000000e+00	-9.765625e-04
8	0	5	1	1	1.000000e+00	-9.765625e-04
8	0	6	1	1	1.000000e+00	-9.765625e-04
8	0	7	1	1	1.000000e+00	-9.765625e-04
#SAC3
9	0	0	0	0	0.000000e+00	1.000000e+00
9	0	0	1	0	1.000000e+00	-9.765625e-04
#SFV
10	0	0	1	0	1.000000e+00	-9.765625e-04
#COBO
11	0	0	1	0	1.575e+06	-9.765625e-04
11	0	1	1	0	1.575e+06	-9.765625e-04
11	0	2	1	0	1.575e+06	-9.765625e-04
11	0	3	1	0	1.575e+06	-9.765625e-04
11	0	4	1	0	1.575e+06	-9.765625e-04
11	0	5	1	0	1.575e+06	-9.765625e-04
11	0	6	1	0	1.575e+06	-9.765625e-04
11	0	7	1	0	1.575e+06	-9.765625e-04
#T2
12	0	0	0	0	0.000000e+00	1.000000e+00
12	0	0	1	0	1.000000e+00	-9.765625e-04
#SCH
13	0	0	0	0	0.000000e+00	1.000000e+00
13	0	1	0	0	0.000000e+00	1.000000e+00
13	0	2	0	0	0.000000e+00	1.000000e+00
13	0	3	0	0	0.000000e+00	1.000000e+00
13	0	4	0	0	0.000000e+00	1.000000e+00
13	0	5	0	0	0.000000e+00	1.000000e+00
13	0	6	0	0	0.000000e+00	1.000000e+00
13	0	7	0	0	0.000000e+00	1.000000e+00
13	0	8	0	0	0.000000e+00	1.000000e+00
13	0	9	0	0	0.000000e+00	1.000000e+00
13	0	10	0	0	0.000000e+00	1.000000e+00
13	0	11	0	0	0.000000e+00	1.000000e+00
13	0	12	0	0	0.000000e+00	1.000000e+00
13	0	13	0	0	0.000000e+00	1.000000e+00
13	0	14	0	0	0.000000e+00	1.000000e+00
13	0	15	0	0	0.000000e+00	1.000000e+00
13	0	16	0	0	0.000000e+00	1.000000e+00
13	0	17	0	0	0.000000e+00	1.000000e+00
13	0	18	0	0	0.000000e+00	1.000000e+00
13	0	19	0	0	0.000000e+00	1.000000e+00
13	0	20	0	0	0.000000e+00	1.000000e+00
13	0	21	0	0	0.000000e+00	1.000000e+00
13	0	22	0	0	0.000000e+00	1.000000e+00
13	0	23	0	0	0.000000e+00	1.000000e+00
13	0	24	0	0	0.000000e+00	1.000000e+00
13	0	25	0	0	0.000000e+00	1.000000e+00
13	0	26	0	0	0.000000e+00	1.000000e+00
13	0	27	0	0	0.000000e+00	1.000000e+00
13	0	28	0	0	0.000000e+00	1.000000e+00
13	0	29	0	0	0.000000e+00	1.000000e+00
13	0	30	0	0	0.000000e+00	1.000000e+00
13	0	31	0	0	0.000000e+00	1.000000e+00
13	0	32	0	0	0.000000e+00	1.000000e+00
13	0	33	0	0	0.000000e+00	1.000000e+00
13	0	34	0	0	0.000000e+00	1.000000e+00
13	0	35	0	0	0.000000e+00	1.000000e+00
13	0	36	0	0	0.000000e+00	1.000000e+00
13	0	37	0	0	0.000000e+00	1.000000e+00
13	0	38	0	0	0.000000e+00	1.000000e+00
13	0	39	0	0	0.000000e+00	1.000000e+00
13	0	40	0	0	0.000000e+00	1.000000e+00
13	0	41	0	0	0.000000e+00	1.000000e+00
13	0	42	0	0	0.000000e+00	1.000000e+00
13	0	43	0	0	0.000000e+00	1.000000e+00
13	0	44	0	0	0.000000e+00	1.000000e+00
13	0	45	0	0	0.000000e+00	1.000000e+00
13	0	46	0	0	0.000000e+00	1.000000e+00
13	0	47	0	0	0.000000e+00	1.000000e+00
13	0	48	0	0	0.000000e+00	1.000000e+00
13	0	49	0	0	0.000000e+00	1.000000e+00
13	0	50	0	0	0.000000e+00	1.000000e+00
13	0	51	0	0	0.000000e+00	1.000000e+00
13	0	52	0	0	0.000000e+00	1.000000e+00
13	0	53	0	0	0.000000e+00	1.000000e+00
13	0	54	0	0	0.000000e+00	1.000000e+00
13	0	55	0	0	0.000000e+00	1.000000e+00
13	0	56	0	0	0.000000e+00	1.000000e+00
13	0	57	0	0	0.000000e+00	1.000000e+00
13	0	58	0	0	0.000000e+00	1.000000e+00
13	0	59	0	0	0.000000e+00	1.000000e+00
13	0	60	0	0	0.000000e+00	1.000000e+00
13	0	61	0	0	0.000000e+00	1.000000e+00
13	0	62	0	0	0.000000e+00	1.000000e+00
13	0	63	0	0	0.000000e+00	1.000000e+00
13	0	0	1	0	1.000000e+00	-9.765625e-04
13	0	1	1	0	1.000000e+00	-9.765625e-04
13	0	2	1	0	1.000000e+00	-9.765625e-04
13	0	3	1	0	1.000000e+00	-9.765625e-04
13	0	4	1	0	1.000000e+00	-9.765625e-04
13	0	5	1	0	1.000000e+00	-9.765625e-04
13	0	6	1	0	1.000000e+00	-9.765625e-04
13	0	7	1	0	1.000000e+00	-9.765625e-04
13	0	8	1	0	1.000000e+00	-9.765625e-04
13	0	9	1	0	1.000000e+00	-9.765625e-04
13	0	10	1	0	1.000000e+00	-9.765625e-04
13	0	11	1	0	1.000000e+00	-9.765625e-04
13	0	12	1	0	1.000000e+00	-9.765625e-04
13	0	13	1	0	1.000000e+00	-9.765625e-04
13	0	14	1	0	1.000000e+00	-9.765625e-04
13	0	15	1	0	1.000000e+00	-9.765625e-04
13	0	16	1	0	1.000000e+00	-9.765625e-04
13	0	17	1	0	1.000000e+00	-9.765625e-04
13	0	18	1	0	1.000000e+00	-9.765625e-04
13	0	19	1	0	1.000000e+00	-9.765625e-04
13	0	20	1	0	1.000000e+00	-9.765625e-04
13	0	21	1	0	1.000000e+00	-9.765625e-04
13	0	22	1	0	1.000000e+00	-9.765625e-04
13	0	23	1	0	1.000000e+00	-9.765625e-04
13	0	24	1	0	1.000000e+00	-9.765625e-04
13	0	25	1	0	1.000000e+00	-9.765625e-04
13	0	26	1	0	1.000000e+00	-9.765625e-04
13	0	27	1	0	1.000000e+00	-9.765625e-04
13	0	28	1	0	1.000000e+00	-9.765625e-04
13	0	29	1	0	1.000000e+00	-9.765625e-04
13	0	30	1	0	1.000000e+00	-9.765625e-04
13	0	31	1	0	1.000000e+00	-9.765625e-04
13	0	32	1	0	1.000000e+00	-9.765625e-04
13	0	33	1	0	1.000000e+00	-9.765625e-04
13	0	34	1	0	1.000000e+00	-9.765625e-04
13	0	35	1	0	1.000000e+00	-9.765625e-04
13	0	36	1	0	1.000000e+00	-9.765625e-04
13	0	37	1	0	1.000000e+00	-9.765625e-04
13	0	38	1	0	1.000000e+00	-9.765625e-04
13	0	39	1	0	1.000000e+00	-9.765625e-04
13	0	40	1	0	1.000000e+00	-9.765625e-04
13	0	41	1	0	1.000000e+00	-9.765625e-04
13	0	42	1	0	1.000000e+00	-9.765625e-04
13	0	43	1	0	1.000000e+00	-9.765625e-04
13	0	44	1	0	1.000000e+00	-9.765625e-04
13	0	45	1	0	1.000000e+00	-9.765625e-04
13	0	46	1	0	1.000000e+00	-9.765625e-04
13	0	47	1	0	1.000000e+00	-9.765625e-04
13	0	48	1	0	1.000000e+00	-9.765625e-04
13	0	49	1	0	1.000000e+00	-9.765625e-04
13	0	50	1	0	1.000000e+00	-9.765625e-04
13	0	51	1	0	1.000000e+00	-9.765625e-04
13	0	52	1	0	1.000000e+00	-9.765625e-04
13	0	53	1	0	1.000000e+00	-9.765625e-04
13	0	54	1	0	1.000000e+00	-9.765625e-04
13	0	55	1	0	1.000000e+00	-9.765625e-04
13	0	56	1	0	1.000000e+00	-9.765625e-04
13	0	57	1	0	1.000000e+00	-9.765625e-04
13	0	58	1	0	1.000000e+00	-9.765625e-04
13	0	59	1	0	1.000000e+00	-9.765625e-04
13	0	60	1	0	1.000000e+00	-9.765625e-04
13	0	61	1	0	1.000000e+00	-9.765625e-04
13	0	62	1	0	1.000000e+00	-9.765625e-04
13	0	63	1	0	1.000000e+00	-9.765625e-04
#T3
14	0	0	1	0	1.000000e+00	-9.765625e-04
