#CId	PlId	SegId	AorT	UorD	p0	p1
#BHT
1	0	0	0	0	0.0	1.000000e+00
1	0	1	0	0	0.0	1.000000e+00
1	0	2	0	0	0.0	1.000000e+00
1	0	3	0	0	0.0	1.000000e+00
1	0	4	0	0	0.0	1.000000e+00
1	0	5	0	0	0.0	1.000000e+00
1	0	6	0	0	0.0	1.000000e+00
1	0	7	0	0	0.0	1.000000e+00
1	0	8	0	0	0.0	1.000000e+00
1	0	9	0	0	0.0	1.000000e+00
1	0	10	0	0	0.0	1.000000e+00
1	0	11	0	0	0.0	1.000000e+00
1	0	12	0	0	0.0	1.000000e+00
1	0	13	0	0	0.0	1.000000e+00
1	0	14	0	0	0.0	1.000000e+00
1	0	15	0	0	0.0	1.000000e+00
1	0	16	0	0	0.0	1.000000e+00
1	0	17	0	0	0.0	1.000000e+00
1	0	18	0	0	0.0	1.000000e+00
1	0	19	0	0	0.0	1.000000e+00
1	0	20	0	0	0.0	1.000000e+00
1	0	21	0	0	0.0	1.000000e+00
1	0	22	0	0	0.0	1.000000e+00
1	0	23	0	0	0.0	1.000000e+00
1	0	24	0	0	0.0	1.000000e+00
1	0	25	0	0	0.0	1.000000e+00
1	0	26	0	0	0.0	1.000000e+00
1	0	27	0	0	0.0	1.000000e+00
1	0	28	0	0	0.0	1.000000e+00
1	0	29	0	0	0.0	1.000000e+00
1	0	30	0	0	0.0	1.000000e+00
1	0	31	0	0	0.0	1.000000e+00
1	0	32	0	0	0.0	1.000000e+00
1	0	33	0	0	0.0	1.000000e+00
1	0	34	0	0	0.0	1.000000e+00
1	0	35	0	0	0.0	1.000000e+00
1	0	36	0	0	0.0	1.000000e+00
1	0	37	0	0	0.0	1.000000e+00
1	0	38	0	0	0.0	1.000000e+00
1	0	39	0	0	0.0	1.000000e+00
1	0	40	0	0	0.0	1.000000e+00
1	0	41	0	0	0.0	1.000000e+00
1	0	42	0	0	0.0	1.000000e+00
1	0	43	0	0	0.0	1.000000e+00
1	0	44	0	0	0.0	1.000000e+00
1	0	45	0	0	0.0	1.000000e+00
1	0	46	0	0	0.0	1.000000e+00
1	0	47	0	0	0.0	1.000000e+00
1	0	48	0	0	0.0	1.000000e+00
1	0	49	0	0	0.0	1.000000e+00
1	0	50	0	0	0.0	1.000000e+00
1	0	51	0	0	0.0	1.000000e+00
1	0	52	0	0	0.0	1.000000e+00
1	0	53	0	0	0.0	1.000000e+00
1	0	54	0	0	0.0	1.000000e+00
1	0	55	0	0	0.0	1.000000e+00
1	0	56	0	0	0.0	1.000000e+00
1	0	57	0	0	0.0	1.000000e+00
1	0	58	0	0	0.0	1.000000e+00
1	0	59	0	0	0.0	1.000000e+00
1	0	60	0	0	0.0	1.000000e+00
1	0	61	0	0	0.0	1.000000e+00
1	0	62	0	0	0.0	1.000000e+00
1	0	0	0	1	0.0	1.000000e+00
1	0	1	0	1	0.0	1.000000e+00
1	0	2	0	1	0.0	1.000000e+00
1	0	3	0	1	0.0	1.000000e+00
1	0	4	0	1	0.0	1.000000e+00
1	0	5	0	1	0.0	1.000000e+00
1	0	6	0	1	0.0	1.000000e+00
1	0	7	0	1	0.0	1.000000e+00
1	0	8	0	1	0.0	1.000000e+00
1	0	9	0	1	0.0	1.000000e+00
1	0	10	0	1	0.0	1.000000e+00
1	0	11	0	1	0.0	1.000000e+00
1	0	12	0	1	0.0	1.000000e+00
1	0	13	0	1	0.0	1.000000e+00
1	0	14	0	1	0.0	1.000000e+00
1	0	15	0	1	0.0	1.000000e+00
1	0	16	0	1	0.0	1.000000e+00
1	0	17	0	1	0.0	1.000000e+00
1	0	18	0	1	0.0	1.000000e+00
1	0	19	0	1	0.0	1.000000e+00
1	0	20	0	1	0.0	1.000000e+00
1	0	21	0	1	0.0	1.000000e+00
1	0	22	0	1	0.0	1.000000e+00
1	0	23	0	1	0.0	1.000000e+00
1	0	24	0	1	0.0	1.000000e+00
1	0	25	0	1	0.0	1.000000e+00
1	0	26	0	1	0.0	1.000000e+00
1	0	27	0	1	0.0	1.000000e+00
1	0	28	0	1	0.0	1.000000e+00
1	0	29	0	1	0.0	1.000000e+00
1	0	30	0	1	0.0	1.000000e+00
1	0	31	0	1	0.0	1.000000e+00
1	0	32	0	1	0.0	1.000000e+00
1	0	33	0	1	0.0	1.000000e+00
1	0	34	0	1	0.0	1.000000e+00
1	0	35	0	1	0.0	1.000000e+00
1	0	36	0	1	0.0	1.000000e+00
1	0	37	0	1	0.0	1.000000e+00
1	0	38	0	1	0.0	1.000000e+00
1	0	39	0	1	0.0	1.000000e+00
1	0	40	0	1	0.0	1.000000e+00
1	0	41	0	1	0.0	1.000000e+00
1	0	42	0	1	0.0	1.000000e+00
1	0	43	0	1	0.0	1.000000e+00
1	0	44	0	1	0.0	1.000000e+00
1	0	45	0	1	0.0	1.000000e+00
1	0	46	0	1	0.0	1.000000e+00
1	0	47	0	1	0.0	1.000000e+00
1	0	48	0	1	0.0	1.000000e+00
1	0	49	0	1	0.0	1.000000e+00
1	0	50	0	1	0.0	1.000000e+00
1	0	51	0	1	0.0	1.000000e+00
1	0	52	0	1	0.0	1.000000e+00
1	0	53	0	1	0.0	1.000000e+00
1	0	54	0	1	0.0	1.000000e+00
1	0	55	0	1	0.0	1.000000e+00
1	0	56	0	1	0.0	1.000000e+00
1	0	57	0	1	0.0	1.000000e+00
1	0	58	0	1	0.0	1.000000e+00
1	0	59	0	1	0.0	1.000000e+00
1	0	60	0	1	0.0	1.000000e+00
1	0	61	0	1	0.0	1.000000e+00
1	0	62	0	1	0.0	1.000000e+00
1	0	0	1	0	0.0	-9.765625e-04
1	0	1	1	0	0.0	-9.765625e-04
1	0	2	1	0	0.0	-9.765625e-04
1	0	3	1	0	0.0	-9.765625e-04
1	0	4	1	0	0.0	-9.765625e-04
1	0	5	1	0	0.0	-9.765625e-04
1	0	6	1	0	0.0	-9.765625e-04
1	0	7	1	0	0.0	-9.765625e-04
1	0	8	1	0	0.0	-9.765625e-04
1	0	9	1	0	0.0	-9.765625e-04
1	0	10	1	0	0.0	-9.765625e-04
1	0	11	1	0	0.0	-9.765625e-04
1	0	12	1	0	0.0	-9.765625e-04
1	0	13	1	0	0.0	-9.765625e-04
1	0	14	1	0	0.0	-9.765625e-04
1	0	15	1	0	0.0	-9.765625e-04
1	0	16	1	0	0.0	-9.765625e-04
1	0	17	1	0	0.0	-9.765625e-04
1	0	18	1	0	0.0	-9.765625e-04
1	0	19	1	0	0.0	-9.765625e-04
1	0	20	1	0	0.0	-9.765625e-04
1	0	21	1	0	0.0	-9.765625e-04
1	0	22	1	0	1419450.0	-9.765625e-04
1	0	23	1	0	1419280.0	-9.765625e-04
1	0	24	1	0	0.0	-9.765625e-04
1	0	25	1	0	0.0	-9.765625e-04
1	0	26	1	0	1418610.0	-9.765625e-04
1	0	27	1	0	1419490.0	-9.765625e-04
1	0	28	1	0	1419760.0	-9.765625e-04
1	0	29	1	0	0.0	-9.765625e-04
1	0	30	1	0	1419170.0	-9.765625e-04
1	0	31	1	0	1418450.0	-9.765625e-04
1	0	32	1	0	0.0	-9.765625e-04
1	0	33	1	0	1418050.0	-9.765625e-04
1	0	34	1	0	0.0	-9.765625e-04
1	0	35	1	0	0.0	-9.765625e-04
1	0	36	1	0	0.0	-9.765625e-04
1	0	37	1	0	0.0	-9.765625e-04
1	0	38	1	0	0.0	-9.765625e-04
1	0	39	1	0	0.0	-9.765625e-04
1	0	40	1	0	0.0	-9.765625e-04
1	0	41	1	0	0.0	-9.765625e-04
1	0	42	1	0	0.0	-9.765625e-04
1	0	43	1	0	0.0	-9.765625e-04
1	0	44	1	0	0.0	-9.765625e-04
1	0	45	1	0	0.0	-9.765625e-04
1	0	46	1	0	0.0	-9.765625e-04
1	0	47	1	0	0.0	-9.765625e-04
1	0	48	1	0	0.0	-9.765625e-04
1	0	49	1	0	0.0	-9.765625e-04
1	0	50	1	0	0.0	-9.765625e-04
1	0	51	1	0	0.0	-9.765625e-04
1	0	52	1	0	0.0	-9.765625e-04
1	0	53	1	0	0.0	-9.765625e-04
1	0	54	1	0	0.0	-9.765625e-04
1	0	55	1	0	0.0	-9.765625e-04
1	0	56	1	0	0.0	-9.765625e-04
1	0	57	1	0	0.0	-9.765625e-04
1	0	58	1	0	0.0	-9.765625e-04
1	0	59	1	0	0.0	-9.765625e-04
1	0	60	1	0	0.0	-9.765625e-04
1	0	61	1	0	0.0	-9.765625e-04
1	0	62	1	0	0.0	-9.765625e-04
1	0	0	1	1	0.0	-9.765625e-04
1	0	1	1	1	0.0	-9.765625e-04
1	0	2	1	1	0.0	-9.765625e-04
1	0	3	1	1	0.0	-9.765625e-04
1	0	4	1	1	0.0	-9.765625e-04
1	0	5	1	1	0.0	-9.765625e-04
1	0	6	1	1	0.0	-9.765625e-04
1	0	7	1	1	0.0	-9.765625e-04
1	0	8	1	1	0.0	-9.765625e-04
1	0	9	1	1	0.0	-9.765625e-04
1	0	10	1	1	0.0	-9.765625e-04
1	0	11	1	1	0.0	-9.765625e-04
1	0	12	1	1	0.0	-9.765625e-04
1	0	13	1	1	0.0	-9.765625e-04
1	0	14	1	1	0.0	-9.765625e-04
1	0	15	1	1	0.0	-9.765625e-04
1	0	16	1	1	0.0	-9.765625e-04
1	0	17	1	1	0.0	-9.765625e-04
1	0	18	1	1	0.0	-9.765625e-04
1	0	19	1	1	0.0	-9.765625e-04
1	0	20	1	1	0.0	-9.765625e-04
1	0	21	1	1	0.0	-9.765625e-04
1	0	22	1	1	1418420.0	-9.765625e-04
1	0	23	1	1	1419780.0	-9.765625e-04
1	0	24	1	1	0.0	-9.765625e-04
1	0	25	1	1	0.0	-9.765625e-04
1	0	26	1	1	1417750.0	-9.765625e-04
1	0	27	1	1	1419890.0	-9.765625e-04
1	0	28	1	1	1419200.0	-9.765625e-04
1	0	29	1	1	0.0	-9.765625e-04
1	0	30	1	1	1418350.0	-9.765625e-04
1	0	31	1	1	1418450.0	-9.765625e-04
1	0	32	1	1	0.0	-9.765625e-04
1	0	33	1	1	1419750.0	-9.765625e-04
1	0	34	1	1	0.0	-9.765625e-04
1	0	35	1	1	0.0	-9.765625e-04
1	0	36	1	1	0.0	-9.765625e-04
1	0	37	1	1	0.0	-9.765625e-04
1	0	38	1	1	0.0	-9.765625e-04
1	0	39	1	1	0.0	-9.765625e-04
1	0	40	1	1	0.0	-9.765625e-04
1	0	41	1	1	0.0	-9.765625e-04
1	0	42	1	1	0.0	-9.765625e-04
1	0	43	1	1	0.0	-9.765625e-04
1	0	44	1	1	0.0	-9.765625e-04
1	0	45	1	1	0.0	-9.765625e-04
1	0	46	1	1	0.0	-9.765625e-04
1	0	47	1	1	0.0	-9.765625e-04
1	0	48	1	1	0.0	-9.765625e-04
1	0	49	1	1	0.0	-9.765625e-04
1	0	50	1	1	0.0	-9.765625e-04
1	0	51	1	1	0.0	-9.765625e-04
1	0	52	1	1	0.0	-9.765625e-04
1	0	53	1	1	0.0	-9.765625e-04
1	0	54	1	1	0.0	-9.765625e-04
1	0	55	1	1	0.0	-9.765625e-04
1	0	56	1	1	0.0	-9.765625e-04
1	0	57	1	1	0.0	-9.765625e-04
1	0	58	1	1	0.0	-9.765625e-04
1	0	59	1	1	0.0	-9.765625e-04
1	0	60	1	1	0.0	-9.765625e-04
1	0	61	1	1	0.0	-9.765625e-04
1	0	62	1	1	0.0	-9.765625e-04
#BH2
3	0	0	0	0	115.06693947850373	1.000000e+00
3	0	1	0	0	143.50000320518103	1.000000e+00
3	0	2	0	0	80.59753107943604	1.000000e+00
3	0	3	0	0	132.8048257492564	1.000000e+00
3	0	4	0	0	121.25426341444255	1.000000e+00
3	0	5	0	0	108.39059018308627	1.000000e+00
3	0	6	0	0	155.88167489338366	1.000000e+00
3	0	7	0	0	117.49802534763568	1.000000e+00
3	0	8	0	0	76.8437548426898	1.000000e+00
3	0	9	0	0	51.01420169221078	1.000000e+00
3	0	10	0	0	201.3143903070319	1.000000e+00
3	0	11	0	0	57.03642691438728	1.000000e+00
3	0	12	0	0	108.08098603212163	1.000000e+00
3	0	13	0	0	90.91901394347761	1.000000e+00
3	0	14	0	0	139.14866362197648	1.000000e+00
3	0	0	0	1	122.57949388209707	1.000000e+00
3	0	1	0	1	104.49999999999807	1.000000e+00
3	0	2	0	1	170.0775257887283	1.000000e+00
3	0	3	0	1	86.42091607494149	1.000000e+00
3	0	4	0	1	120.96109259561516	1.000000e+00
3	0	5	0	1	102.49999999999064	1.000000e+00
3	0	6	0	1	101.90000405343521	1.000000e+00
3	0	7	0	1	107.78730459549467	1.000000e+00
3	0	8	0	1	117.50197471036994	1.000000e+00
3	0	9	0	1	159.92973790824072	1.000000e+00
3	0	10	0	1	169.86530946894533	1.000000e+00
3	0	11	0	1	110.79077089734969	1.000000e+00
3	0	12	0	1	55.03239011285246	1.000000e+00
3	0	13	0	1	103.69706917226574	1.000000e+00
3	0	14	0	1	111.85133637804886	1.000000e+00
3	0	0	1	0	0.0	-9.765625e-04
3	0	1	1	0	0.0	-9.765625e-04
3	0	2	1	0	0.0	-9.765625e-04
3	0	3	1	0	0.0	-9.765625e-04
3	0	4	1	0	724595.0	-9.765625e-04
3	0	5	1	0	0.0	-9.765625e-04
3	0	6	1	0	724355.0	-9.765625e-04
3	0	7	1	0	724155.0	-9.765625e-04
3	0	8	1	0	725085.0	-9.765625e-04
3	0	9	1	0	724715.0	-9.765625e-04
3	0	10	1	0	0.0	-9.765625e-04
3	0	11	1	0	0.0	-9.765625e-04
3	0	12	1	0	0.0	-9.765625e-04
3	0	13	1	0	0.0	-9.765625e-04
3	0	14	1	0	0.0	-9.765625e-04
3	0	0	1	1	0.0	-9.765625e-04
3	0	1	1	1	0.0	-9.765625e-04
3	0	2	1	1	0.0	-9.765625e-04
3	0	3	1	1	0.0	-9.765625e-04
3	0	4	1	1	726965.0	-9.765625e-04
3	0	5	1	1	0.0	-9.765625e-04
3	0	6	1	1	727195.0	-9.765625e-04
3	0	7	1	1	727625.0	-9.765625e-04
3	0	8	1	1	728300.0	-9.765625e-04
3	0	9	1	1	728108.3333333334	-9.765625e-04
3	0	10	1	1	0.0	-9.765625e-04
3	0	11	1	1	0.0	-9.765625e-04
3	0	12	1	1	0.0	-9.765625e-04
3	0	13	1	1	0.0	-9.765625e-04
3	0	14	1	1	0.0	-9.765625e-04
3	0	0	1	2	0.000000e+00	1.000000e+00
3	0	1	1	2	0.000000e+00	1.000000e+00
3	0	2	1	2	0.000000e+00	1.000000e+00
3	0	3	1	2	0.000000e+00	1.000000e+00
3	0	4	1	2	0.000000e+00	1.000000e+00
3	0	5	1	2	0.000000e+00	1.000000e+00
3	0	6	1	2	0.000000e+00	1.000000e+00
3	0	7	1	2	0.000000e+00	1.000000e+00
3	0	8	1	2	0.000000e+00	1.000000e+00
3	0	9	1	2	0.000000e+00	1.000000e+00
3	0	10	1	2	0.000000e+00	1.000000e+00
3	0	11	1	2	0.000000e+00	1.000000e+00
3	0	12	1	2	0.000000e+00	1.000000e+00
3	0	13	1	2	0.000000e+00	1.000000e+00
3	0	14	1	2	0.000000e+00	1.000000e+00
#BAC
4	0	0	0	0	100.30887279263484	11.208
4	0	1	0	0	86.82281891874081	10.463
4	0	2	0	0	84.86788000029652	9.015
4	0	3	0	0	74.54602454648845	10.424
4	0	4	0	0	234.71394652119633	10.278
4	0	0	1	0	1.000000e+00	-9.765625e-04
4	0	1	1	0	1.000000e+00	-9.765625e-04
4	0	2	1	0	1.000000e+00	-9.765625e-04
4	0	3	1	0	1.000000e+00	-9.765625e-04
4	0	4	1	0	710795.0	-9.765625e-04
#HTOF
5	0	0	0	0	134.59767858458542	1.000000e+00
5	0	1	0	0	137.04917772367992	1.000000e+00
5	0	2	0	0	293.04498050151375	1.000000e+00
5	0	3	0	0	123.18885370764389	1.000000e+00
5	0	4	0	0	240.2511387468167	1.000000e+00
5	0	5	0	0	153.7301435799053	1.000000e+00
5	0	6	0	0	138.36713166120333	1.000000e+00
5	0	7	0	0	136.5279327005694	1.000000e+00
5	0	8	0	0	130.66148972204908	1.000000e+00
5	0	9	0	0	136.83241430615894	1.000000e+00
5	0	10	0	0	150.05651650435954	1.000000e+00
5	0	11	0	0	154.00000000001899	1.000000e+00
5	0	12	0	0	129.8479691751625	1.000000e+00
5	0	13	0	0	142.71372148823457	1.000000e+00
5	0	14	0	0	119.90344989334427	1.000000e+00
5	0	15	0	0	118.5	1.000000e+00
5	0	16	0	0	187.36867544161208	1.000000e+00
5	0	17	0	0	143.2345427097291	1.000000e+00
5	0	18	0	0	181.61789720583002	1.000000e+00
5	0	19	0	0	119.20857322518148	1.000000e+00
5	0	20	0	0	75.65777577402795	1.000000e+00
5	0	21	0	0	122.00004325612231	1.000000e+00
5	0	22	0	0	137.73934403776548	1.000000e+00
5	0	23	0	0	160.36930705972955	1.000000e+00
5	0	24	0	0	140.30815065206244	1.000000e+00
5	0	25	0	0	123.08203177656793	1.000000e+00
5	0	26	0	0	87.34697421210419	1.000000e+00
5	0	27	0	0	130.76747536718446	1.000000e+00
5	0	28	0	0	129.44631669031307	1.000000e+00
5	0	29	0	0	152.87042382701677	1.000000e+00
5	0	30	0	0	124.61659595304151	1.000000e+00
5	0	31	0	0	118.76747546457244	1.000000e+00
5	0	32	0	0	134.30512018464682	1.000000e+00
5	0	33	0	0	122.0	1.000000e+00
5	0	0	0	1	177.0	1.000000e+00
5	0	1	0	1	172.27604354300564	1.000000e+00
5	0	2	0	1	198.27622689039427	1.000000e+00
5	0	3	0	1	150.63756078133886	1.000000e+00
5	0	4	0	1	182.21045654485124	1.000000e+00
5	0	5	0	1	157.5	1.000000e+00
5	0	6	0	1	197.27061306850476	1.000000e+00
5	0	7	0	1	161.28686620164933	1.000000e+00
5	0	8	0	1	211.4243888090327	1.000000e+00
5	0	9	0	1	158.21041389280805	1.000000e+00
5	0	10	0	1	107.49999999983598	1.000000e+00
5	0	11	0	1	160.99999999999983	1.000000e+00
5	0	12	0	1	169.30328823976168	1.000000e+00
5	0	13	0	1	148.38237694706484	1.000000e+00
5	0	14	0	1	159.0563098998809	1.000000e+00
5	0	15	0	1	175.57711604075232	1.000000e+00
5	0	16	0	1	150.78954395274314	1.000000e+00
5	0	17	0	1	177.7707525344044	1.000000e+00
5	0	18	0	1	149.99994988674652	1.000000e+00
5	0	19	0	1	76.9333838837932	1.000000e+00
5	0	20	0	1	147.37712958234044	1.000000e+00
5	0	21	0	1	193.33072504239308	1.000000e+00
5	0	22	0	1	135.32437168456573	1.000000e+00
5	0	23	0	1	92.92201596583902	1.000000e+00
5	0	24	0	1	164.9854010448529	1.000000e+00
5	0	25	0	1	87.52404434653467	1.000000e+00
5	0	26	0	1	162.07430844744258	1.000000e+00
5	0	27	0	1	129.11062079265773	1.000000e+00
5	0	28	0	1	150.7480937024332	1.000000e+00
5	0	29	0	1	172.00002276281586	1.000000e+00
5	0	30	0	1	146.38740163735184	1.000000e+00
5	0	31	0	1	139.7786590934247	1.000000e+00
5	0	32	0	1	171.2762263701601	1.000000e+00
5	0	33	0	1	163.27622641819391	1.000000e+00
5	0	0	0	2	404.5	1.000000e+00
5	0	1	0	2	402.90674104563976	1.000000e+00
5	0	2	0	2	560.500008041856	1.000000e+00
5	0	3	0	2	405.9996182260385	1.000000e+00
5	0	4	0	2	577.6840136300566	1.000000e+00
5	0	5	0	2	414.26524421758603	1.000000e+00
5	0	6	0	2	491.0724929156832	1.000000e+00
5	0	7	0	2	391.3530350441974	1.000000e+00
5	0	8	0	2	468.28042363610405	1.000000e+00
5	0	9	0	2	445.3425522182727	1.000000e+00
5	0	10	0	2	420.5	1.000000e+00
5	0	11	0	2	476.3126458252794	1.000000e+00
5	0	12	0	2	500.60979360930537	1.000000e+00
5	0	13	0	2	410.79561765636663	1.000000e+00
5	0	14	0	2	388.49945401768855	1.000000e+00
5	0	15	0	2	473.04574479046863	1.000000e+00
5	0	16	0	2	654.0	1.000000e+00
5	0	17	0	2	367.33632153042157	1.000000e+00
5	0	18	0	2	338.1598131755229	1.000000e+00
5	0	19	0	2	375.1841458109731	1.000000e+00
5	0	20	0	2	307.89476819365285	1.000000e+00
5	0	21	0	2	251.61415152477983	1.000000e+00
5	0	22	0	2	511.3033213857003	1.000000e+00
5	0	23	0	2	402.3429176813671	1.000000e+00
5	0	24	0	2	418.3446803363551	1.000000e+00
5	0	25	0	2	490.38258253147865	1.000000e+00
5	0	26	0	2	324.24211948809835	1.000000e+00
5	0	27	0	2	412.3441891302197	1.000000e+00
5	0	28	0	2	470.49773755143366	1.000000e+00
5	0	29	0	2	450.2292473865884	1.000000e+00
5	0	30	0	2	364.335776244378	1.000000e+00
5	0	31	0	2	533.0	1.000000e+00
5	0	32	0	2	575.3199574083441	1.000000e+00
5	0	33	0	2	572.8203076409288	1.000000e+00
5	0	0	1	0	714275.0	-9.765625e-04
5	0	1	1	0	715445.0	-9.765625e-04
5	0	2	1	0	715805.0	-9.765625e-04
5	0	3	1	0	0.0	-9.765625e-04
5	0	4	1	0	713625.0	-9.765625e-04
5	0	5	1	0	0.0	-9.765625e-04
5	0	6	1	0	0.0	-9.765625e-04
5	0	7	1	0	0.0	-9.765625e-04
5	0	8	1	0	0.0	-9.765625e-04
5	0	9	1	0	714095.0	-9.765625e-04
5	0	10	1	0	0.0	-9.765625e-04
5	0	11	1	0	0.0	-9.765625e-04
5	0	12	1	0	0.0	-9.765625e-04
5	0	13	1	0	0.0	-9.765625e-04
5	0	14	1	0	713135.0	-9.765625e-04
5	0	15	1	0	720565.0	-9.765625e-04
5	0	16	1	0	0.0	-9.765625e-04
5	0	17	1	0	0.0	-9.765625e-04
5	0	18	1	0	708695.0	-9.765625e-04
5	0	19	1	0	0.0	-9.765625e-04
5	0	20	1	0	708190.0	-9.765625e-04
5	0	21	1	0	712405.0	-9.765625e-04
5	0	22	1	0	712425.0	-9.765625e-04
5	0	23	1	0	0.0	-9.765625e-04
5	0	24	1	0	713185.0	-9.765625e-04
5	0	25	1	0	0.0	-9.765625e-04
5	0	26	1	0	0.0	-9.765625e-04
5	0	27	1	0	0.0	-9.765625e-04
5	0	28	1	0	0.0	-9.765625e-04
5	0	29	1	0	710825.0	-9.765625e-04
5	0	30	1	0	0.0	-9.765625e-04
5	0	31	1	0	714635.0	-9.765625e-04
5	0	32	1	0	713801.6666666666	-9.765625e-04
5	0	33	1	0	714330.0	-9.765625e-04
5	0	0	1	1	715715.0	-9.765625e-04
5	0	1	1	1	716475.0	-9.765625e-04
5	0	2	1	1	714530.0	-9.765625e-04
5	0	3	1	1	0.0	-9.765625e-04
5	0	4	1	1	712705.0	-9.765625e-04
5	0	5	1	1	0.0	-9.765625e-04
5	0	6	1	1	0.0	-9.765625e-04
5	0	7	1	1	0.0	-9.765625e-04
5	0	8	1	1	0.0	-9.765625e-04
5	0	9	1	1	0.0	-9.765625e-04
5	0	10	1	1	0.0	-9.765625e-04
5	0	11	1	1	0.0	-9.765625e-04
5	0	12	1	1	0.0	-9.765625e-04
5	0	13	1	1	0.0	-9.765625e-04
5	0	14	1	1	707095.0	-9.765625e-04
5	0	15	1	1	0.0	-9.765625e-04
5	0	16	1	1	0.0	-9.765625e-04
5	0	17	1	1	0.0	-9.765625e-04
5	0	18	1	1	705905.0	-9.765625e-04
5	0	19	1	1	0.0	-9.765625e-04
5	0	20	1	1	706585.0	-9.765625e-04
5	0	21	1	1	710438.3333333334	-9.765625e-04
5	0	22	1	1	712445.0	-9.765625e-04
5	0	23	1	1	0.0	-9.765625e-04
5	0	24	1	1	712925.0	-9.765625e-04
5	0	25	1	1	0.0	-9.765625e-04
5	0	26	1	1	0.0	-9.765625e-04
5	0	27	1	1	0.0	-9.765625e-04
5	0	28	1	1	0.0	-9.765625e-04
5	0	29	1	1	710605.0	-9.765625e-04
5	0	30	1	1	711275.0	-9.765625e-04
5	0	31	1	1	713735.0	-9.765625e-04
5	0	32	1	1	713998.3333333334	-9.765625e-04
5	0	33	1	1	714660.0	-9.765625e-04
5	0	0	1	2	702615.0	-9.765625e-04
5	0	1	1	2	0.0	-9.765625e-04
5	0	2	1	2	694195.0	-9.765625e-04
5	0	3	1	2	0.0	-9.765625e-04
5	0	4	1	2	0.0	-9.765625e-04
5	0	5	1	2	0.0	-9.765625e-04
5	0	6	1	2	0.0	-9.765625e-04
5	0	7	1	2	0.0	-9.765625e-04
5	0	8	1	2	0.0	-9.765625e-04
5	0	9	1	2	0.0	-9.765625e-04
5	0	10	1	2	0.0	-9.765625e-04
5	0	11	1	2	0.0	-9.765625e-04
5	0	12	1	2	0.0	-9.765625e-04
5	0	13	1	2	0.0	-9.765625e-04
5	0	14	1	2	703255.0	-9.765625e-04
5	0	15	1	2	0.0	-9.765625e-04
5	0	16	1	2	0.0	-9.765625e-04
5	0	17	1	2	0.0	-9.765625e-04
5	0	18	1	2	695725.0	-9.765625e-04
5	0	19	1	2	0.0	-9.765625e-04
5	0	20	1	2	695055.0	-9.765625e-04
5	0	21	1	2	698975.0	-9.765625e-04
5	0	22	1	2	0.0	-9.765625e-04
5	0	23	1	2	0.0	-9.765625e-04
5	0	24	1	2	0.0	-9.765625e-04
5	0	25	1	2	0.0	-9.765625e-04
5	0	26	1	2	0.0	-9.765625e-04
5	0	27	1	2	0.0	-9.765625e-04
5	0	28	1	2	0.0	-9.765625e-04
5	0	29	1	2	701875.0	-9.765625e-04
5	0	30	1	2	0.0	-9.765625e-04
5	0	31	1	2	701555.0	-9.765625e-04
5	0	32	1	2	703640.0	-9.765625e-04
5	0	33	1	2	701260.0	-9.765625e-04
#KVC
6	0	0	0	0	121.38875432459557	9.405720e+00
6	0	1	0	0	97.09618369134324	9.293611e+00
6	0	2	0	0	98.82497170542871	9.794817e+00
6	0	3	0	0	115.56888777542444	8.935510e+00
6	0	4	0	0	112.94264240475643	9.405720e+00
6	0	5	0	0	124.46974630149153	9.293611e+00
6	0	6	0	0	99.81197675430548	9.794817e+00
6	0	7	0	0	119.43394395316557	8.935510e+00
6	0	0	0	1	138.65690691126414	8.864464e+00
6	0	1	0	1	110.76149574874333	1.002469e+01
6	0	2	0	1	139.82171493560955	9.032530e+00
6	0	3	0	1	87.5552801253054	8.566897e+00
6	0	4	0	1	95.07927441314165	8.864464e+00
6	0	5	0	1	117.99008363390311	1.002469e+01
6	0	6	0	1	102.08693813489563	9.032530e+00
6	0	7	0	1	112.3463193204039	8.566897e+00
6	0	0	0	2	101.7918852017113	9.281763e+00
6	0	1	0	2	106.06166005333519	9.597398e+00
6	0	2	0	2	109.3280328265579	9.604148e+00
6	0	3	0	2	93.94561570358327	9.156487e+00
6	0	4	0	2	88.92516046765415	9.281763e+00
6	0	5	0	2	104.89567480429938	9.597398e+00
6	0	6	0	2	109.22929721887587	9.604148e+00
6	0	7	0	2	112.976015191703	9.156487e+00
6	0	0	0	3	107.46149303612441	9.215651e+00
6	0	1	0	3	132.31659798363827	9.984777e+00
6	0	2	0	3	108.04498441484459	9.305942e+00
6	0	3	0	3	100.13988981785745	9.693401e+00
6	0	4	0	3	99.34280811951118	9.215651e+00
6	0	5	0	3	120.57466902924463	9.984777e+00
6	0	6	0	3	86.65713581165959	9.305942e+00
6	0	7	0	3	125.44474137761955	9.693401e+00
6	0	0	0	4	197.0214263797211	9.192747e+00
6	0	1	0	4	170.37835310772473	9.755004e+00
6	0	2	0	4	166.84373123823107	9.437462e+00
6	0	3	0	4	166.8449185648268	9.100621e+00
6	0	4	0	4	198.57145228256238	9.192747e+00
6	0	5	0	4	140.71629303016462	9.755004e+00
6	0	6	0	4	132.1397331467415	9.437462e+00
6	0	7	0	4	268.32463227131393	9.100621e+00
6	0	0	1	4	694144.4757350533	-9.765625e-04
6	0	1	1	4	694760.8564509432	-9.765625e-04
6	0	2	1	4	695687.9813293655	-9.765625e-04
6	0	3	1	4	696044.2026991366	-9.765625e-04
6	0	4	1	4	696036.2382818438	-9.765625e-04
6	0	5	1	4	695284.3265199566	-9.765625e-04
6	0	6	1	4	694857.2046165972	-9.765625e-04
6	0	7	1	4	695674.7162054097	-9.765625e-04
#T1
7	0	0	0	0	261.5000075497237	1.000000e+00
7	0	0	1	0	701510.0	-9.765625e-04
#CVC
8	0	0	0	0	250.31021453802734	1.000000e+00
8	0	1	0	0	221.0	1.000000e+00
8	0	2	0	0	216.50000000077597	1.000000e+00
8	0	3	0	0	208.5000000003269	1.000000e+00
8	0	4	0	0	220.0	1.000000e+00
8	0	5	0	0	224.29871694762463	1.000000e+00
8	0	6	0	0	231.9783190794496	1.000000e+00
8	0	7	0	0	199.49999999957998	1.000000e+00
8	0	0	0	1	220.5	1.000000e+00
8	0	1	0	1	223.5	1.000000e+00
8	0	2	0	1	211.5	1.000000e+00
8	0	3	0	1	231.61415151821072	1.000000e+00
8	0	4	0	1	229.77647319178593	1.000000e+00
8	0	5	0	1	234.38584848074638	1.000000e+00
8	0	6	0	1	162.88721506230317	1.000000e+00
8	0	7	0	1	225.5	1.000000e+00
8	0	0	1	0	0.0	-9.765625e-04
8	0	1	1	0	0.0	-9.765625e-04
8	0	2	1	0	0.0	-9.765625e-04
8	0	3	1	0	0.0	-9.765625e-04
8	0	4	1	0	0.0	-9.765625e-04
8	0	5	1	0	0.0	-9.765625e-04
8	0	6	1	0	0.0	-9.765625e-04
8	0	7	1	0	0.0	-9.765625e-04
8	0	0	1	1	0.0	-9.765625e-04
8	0	1	1	1	0.0	-9.765625e-04
8	0	2	1	1	0.0	-9.765625e-04
8	0	3	1	1	0.0	-9.765625e-04
8	0	4	1	1	0.0	-9.765625e-04
8	0	5	1	1	0.0	-9.765625e-04
8	0	6	1	1	0.0	-9.765625e-04
8	0	7	1	1	0.0	-9.765625e-04
#SAC3
9	0	0	0	0	60.59857186765905	1.000000e+00
9	0	0	1	0	0.0	-9.765625e-04
#SFV
10	0	0	1	0	0.0	-9.765625e-04
#COBO
11	0	0	1	0	1.575e+06	-9.765625e-04
11	0	1	1	0	1.575e+06	-9.765625e-04
11	0	2	1	0	1.575e+06	-9.765625e-04
11	0	3	1	0	1.575e+06	-9.765625e-04
11	0	4	1	0	1.575e+06	-9.765625e-04
11	0	5	1	0	1.575e+06	-9.765625e-04
11	0	6	1	0	1.575e+06	-9.765625e-04
11	0	7	1	0	1.575e+06	-9.765625e-04
