#CId	PlId	SegId	AorT	UorD	p0	p1
#BHT
1	0	0	0	0	0.0	8.512478827485802
1	0	1	0	0	0.0	8.4311981760567
1	0	2	0	0	0.0	10.123399859415397
1	0	3	0	0	0.0	8.655905129811268
1	0	4	0	0	0.0	8.999354300878412
1	0	5	0	0	0.0	8.922398664585888
1	0	6	0	0	0.0	9.181373565539205
1	0	7	0	0	0.0	8.246698541800551
1	0	8	0	0	0.0	9.619877765157373
1	0	9	0	0	0.0	8.415836026319399
1	0	10	0	0	0.0	9.074377974225307
1	0	11	0	0	0.0	8.036575466421281
1	0	12	0	0	0.0	9.483460110429435
1	0	13	0	0	0.0	8.375399168738369
1	0	14	0	0	0.0	9.283866500827024
1	0	15	0	0	0.0	7.906830831942073
1	0	16	0	0	0.0	8.876369496805996
1	0	17	0	0	0.0	8.701775594062227
1	0	18	0	0	0.0	9.056065867495095
1	0	19	0	0	0.0	8.126235878363048
1	0	20	0	0	0.0	8.84500672324235
1	0	21	0	0	0.0	8.739056153068907
1	0	22	0	0	0.0	8.769999816130008
1	0	23	0	0	0.0	7.685907844745772
1	0	24	0	0	0.0	8.995367961530977
1	0	25	0	0	0.0	8.690143034000764
1	0	26	0	0	0.0	8.995848168120446
1	0	27	0	0	0.0	8.237541944399059
1	0	28	0	0	0.0	8.875251846966371
1	0	29	0	0	0.0	8.998260117692109
1	0	30	0	0	0.0	8.821946945942656
1	0	31	0	0	0.0	8.312155884291572
1	0	32	0	0	0.0	9.043064143721843
1	0	33	0	0	0.0	8.729655214661541
1	0	34	0	0	0.0	8.893032552344938
1	0	35	0	0	0.0	8.281783801492015
1	0	36	0	0	0.0	9.021098764370842
1	0	37	0	0	0.0	8.511000964723719
1	0	38	0	0	0.0	8.773540503488292
1	0	39	0	0	0.0	8.264003704211994
1	0	40	0	0	0.0	9.076908553207
1	0	41	0	0	0.0	8.356565045644858
1	0	42	0	0	0.0	9.17016180562493
1	0	43	0	0	0.0	8.242452078528204
1	0	44	0	0	0.0	9.122932784987329
1	0	45	0	0	0.0	8.66546337511867
1	0	46	0	0	0.0	8.99873039523383
1	0	47	0	0	0.0	8.655082624925981
1	0	48	0	0	0.0	9.437084004248616
1	0	49	0	0	0.0	8.757836475467668
1	0	50	0	0	0.0	9.018836430270412
1	0	51	0	0	0.0	8.18434259765179
1	0	52	0	0	0.0	9.0096713064278
1	0	53	0	0	0.0	8.62644950402004
1	0	54	0	0	0.0	9.287360957993734
1	0	55	0	0	0.0	8.336971047375583
1	0	56	0	0	0.0	9.366036237252546
1	0	57	0	0	0.0	9.095655351630898
1	0	58	0	0	0.0	9.023341010678326
1	0	59	0	0	0.0	8.374777398795008
1	0	60	0	0	0.0	9.411148127004036
1	0	61	0	0	0.0	9.13781131769648
1	0	62	0	0	0.0	9.565165959768777
1	0	0	0	1	0.0	8.767192071708163
1	0	1	0	1	0.0	10.08157896849263
1	0	2	0	1	0.0	9.999426200657975
1	0	3	0	1	0.0	9.847053430791828
1	0	4	0	1	0.0	8.967766018082969
1	0	5	0	1	0.0	9.557950143723708
1	0	6	0	1	0.0	9.580697572859329
1	0	7	0	1	0.0	8.810077772062
1	0	8	0	1	0.0	8.781571681917406
1	0	9	0	1	0.0	8.703605123854215
1	0	10	0	1	0.0	8.894863531427784
1	0	11	0	1	0.0	8.747863059266361
1	0	12	0	1	0.0	9.138077007233445
1	0	13	0	1	0.0	8.864134105061758
1	0	14	0	1	0.0	8.65247402621112
1	0	15	0	1	0.0	9.040725784569577
1	0	16	0	1	0.0	9.061674134967419
1	0	17	0	1	0.0	9.207066939022598
1	0	18	0	1	0.0	9.261972665112063
1	0	19	0	1	0.0	9.173412751159223
1	0	20	0	1	0.0	8.980316089056158
1	0	21	0	1	0.0	8.96026285701455
1	0	22	0	1	0.0	8.969388619144176
1	0	23	0	1	0.0	8.807514506966065
1	0	24	0	1	0.0	8.660853926274806
1	0	25	0	1	0.0	8.764293414734396
1	0	26	0	1	0.0	8.733215113232784
1	0	27	0	1	0.0	8.853019803762635
1	0	28	0	1	0.0	8.88090713203914
1	0	29	0	1	0.0	9.058023375213573
1	0	30	0	1	0.0	8.964657131975727
1	0	31	0	1	0.0	8.990504714869509
1	0	32	0	1	0.0	8.969679939574823
1	0	33	0	1	0.0	8.803980762149218
1	0	34	0	1	0.0	8.848501532314136
1	0	35	0	1	0.0	8.754163491862688
1	0	36	0	1	0.0	9.051458031368663
1	0	37	0	1	0.0	8.725910335366716
1	0	38	0	1	0.0	8.859442968249475
1	0	39	0	1	0.0	8.972880803874613
1	0	40	0	1	0.0	8.735898775668659
1	0	41	0	1	0.0	8.666095986944924
1	0	42	0	1	0.0	9.165454159051166
1	0	43	0	1	0.0	8.749401085836277
1	0	44	0	1	0.0	8.900188955983415
1	0	45	0	1	0.0	8.817445757652248
1	0	46	0	1	0.0	8.923424417369795
1	0	47	0	1	0.0	9.16819837109634
1	0	48	0	1	0.0	9.200174222146144
1	0	49	0	1	0.0	9.20673145226385
1	0	50	0	1	0.0	8.899617805658133
1	0	51	0	1	0.0	8.624165122931652
1	0	52	0	1	0.0	8.771250648303925
1	0	53	0	1	0.0	8.612008801810717
1	0	54	0	1	0.0	9.288741788764774
1	0	55	0	1	0.0	9.48209652451774
1	0	56	0	1	0.0	8.69452608472843
1	0	57	0	1	0.0	9.132629587014954
1	0	58	0	1	0.0	8.853164695196316
1	0	59	0	1	0.0	9.059150424908436
1	0	60	0	1	0.0	8.96709316554707
1	0	61	0	1	0.0	9.253868566256056
1	0	62	0	1	0.0	9.12161249078635
1	0	0	1	0	1413924.5454545454	-0.0009765625
1	0	1	1	0	1414142.2222222222	-0.0009765625
1	0	2	1	0	1414421.5789473683	-0.0009765625
1	0	3	1	0	1414093.8095238095	-0.0009765625
1	0	4	1	0	1415026.3636363635	-0.0009765625
1	0	5	1	0	1415116.0	-0.0009765625
1	0	6	1	0	1414293.2258064516	-0.0009765625
1	0	7	1	0	1414285.2631578948	-0.0009765625
1	0	8	1	0	1413599.1666666667	-0.0009765625
1	0	9	1	0	1414831.2903225806	-0.0009765625
1	0	10	1	0	1414280.731707317	-0.0009765625
1	0	11	1	0	1414499.4736842106	-0.0009765625
1	0	12	1	0	1414236.6666666667	-0.0009765625
1	0	13	1	0	1415244.1666666667	-0.0009765625
1	0	14	1	0	1413991.5	-0.0009765625
1	0	15	1	0	1414846.7346938776	-0.0009765625
1	0	16	1	0	1414323.2075471699	-0.0009765625
1	0	17	1	0	1415418.4705882352	-0.0009765625
1	0	18	1	0	1415034.3037974683	-0.0009765625
1	0	19	1	0	1415546.862745098	-0.0009765625
1	0	20	1	0	1416162.0430107526	-0.0009765625
1	0	21	1	0	1416515.6399239576	-0.0009765625
1	0	22	1	0	1416859.2329383404	-0.0009765625
1	0	23	1	0	1416194.1912244216	-0.0009765625
1	0	24	1	0	1416401.4828251654	-0.0009765625
1	0	25	1	0	1416683.4913659925	-0.0009765625
1	0	26	1	0	1416791.5551139852	-0.0009765625
1	0	27	1	0	1416205.376968492	-0.0009765625
1	0	28	1	0	1416579.7320769895	-0.0009765625
1	0	29	1	0	1416638.2292805563	-0.0009765625
1	0	30	1	0	1416792.6267365923	-0.0009765625
1	0	31	1	0	1415037.178199609	-0.0009765625
1	0	32	1	0	1415456.8239849363	-0.0009765625
1	0	33	1	0	1415225.737317385	-0.0009765625
1	0	34	1	0	1415667.2957885368	-0.0009765625
1	0	35	1	0	1415761.1574252525	-0.0009765625
1	0	36	1	0	1415611.9464792754	-0.0009765625
1	0	37	1	0	1416015.4621848739	-0.0009765625
1	0	38	1	0	1415476.3855421687	-0.0009765625
1	0	39	1	0	1415849.6946564885	-0.0009765625
1	0	40	1	0	1415074.5544554456	-0.0009765625
1	0	41	1	0	1415950.8602150537	-0.0009765625
1	0	42	1	0	1415729.420289855	-0.0009765625
1	0	43	1	0	1416104.8936170214	-0.0009765625
1	0	44	1	0	1415247.435897436	-0.0009765625
1	0	45	1	0	1416067.9310344828	-0.0009765625
1	0	46	1	0	1415278.6956521738	-0.0009765625
1	0	47	1	0	1415744.4444444445	-0.0009765625
1	0	48	1	0	1414818.6666666667	-0.0009765625
1	0	49	1	0	1416184.0740740742	-0.0009765625
1	0	50	1	0	1415192.4	-0.0009765625
1	0	51	1	0	1415380.0	-0.0009765625
1	0	52	1	0	1415091.5384615385	-0.0009765625
1	0	53	1	0	1416352.0689655172	-0.0009765625
1	0	54	1	0	1415110.0	-0.0009765625
1	0	55	1	0	1416198.6956521738	-0.0009765625
1	0	56	1	0	1415276.25	-0.0009765625
1	0	57	1	0	1416820.9090909092	-0.0009765625
1	0	58	1	0	1415831.7391304348	-0.0009765625
1	0	59	1	0	1416670.0	-0.0009765625
1	0	60	1	0	1415606.3636363635	-0.0009765625
1	0	61	1	0	1417094.0	-0.0009765625
1	0	62	1	0	1416159.0909090908	-0.0009765625
1	0	0	1	1	1415891.9047619049	-0.0009765625
1	0	1	1	1	1416971.8181818181	-0.0009765625
1	0	2	1	1	1415529.0	-0.0009765625
1	0	3	1	1	1416366.6666666667	-0.0009765625
1	0	4	1	1	1417339.0909090908	-0.0009765625
1	0	5	1	1	1417192.7586206896	-0.0009765625
1	0	6	1	1	1415899.375	-0.0009765625
1	0	7	1	1	1416617.027027027	-0.0009765625
1	0	8	1	1	1416180.4761904762	-0.0009765625
1	0	9	1	1	1417181.3333333333	-0.0009765625
1	0	10	1	1	1416025.238095238	-0.0009765625
1	0	11	1	1	1416552.7777777778	-0.0009765625
1	0	12	1	1	1415963.9393939395	-0.0009765625
1	0	13	1	1	1417068.75	-0.0009765625
1	0	14	1	1	1415186.4102564103	-0.0009765625
1	0	15	1	1	1416552.4561403508	-0.0009765625
1	0	16	1	1	1415974.4444444445	-0.0009765625
1	0	17	1	1	1417059.0909090908	-0.0009765625
1	0	18	1	1	1415689.012345679	-0.0009765625
1	0	19	1	1	1417006.6666666667	-0.0009765625
1	0	20	1	1	1416470.3389830508	-0.0009765625
1	0	21	1	1	1417542.1380994315	-0.0009765625
1	0	22	1	1	1416396.1068114091	-0.0009765625
1	0	23	1	1	1417122.6277981002	-0.0009765625
1	0	24	1	1	1416832.0491846951	-0.0009765625
1	0	25	1	1	1417531.6655379976	-0.0009765625
1	0	26	1	1	1416377.5987633595	-0.0009765625
1	0	27	1	1	1416926.4870366561	-0.0009765625
1	0	28	1	1	1416506.7288142869	-0.0009765625
1	0	29	1	1	1416202.2636813489	-0.0009765625
1	0	30	1	1	1415913.2885644175	-0.0009765625
1	0	31	1	1	1415612.8854458125	-0.0009765625
1	0	32	1	1	1417185.2737101277	-0.0009765625
1	0	33	1	1	1416925.0536632633	-0.0009765625
1	0	34	1	1	1416590.7212778218	-0.0009765625
1	0	35	1	1	1416325.5534132628	-0.0009765625
1	0	36	1	1	1416731.8827874896	-0.0009765625
1	0	37	1	1	1416679.3388429752	-0.0009765625
1	0	38	1	1	1416023.3333333333	-0.0009765625
1	0	39	1	1	1416312.121212121	-0.0009765625
1	0	40	1	1	1416463.4042553192	-0.0009765625
1	0	41	1	1	1416573.4782608696	-0.0009765625
1	0	42	1	1	1416268.857142857	-0.0009765625
1	0	43	1	1	1415932.5531914893	-0.0009765625
1	0	44	1	1	1415175.3658536586	-0.0009765625
1	0	45	1	1	1415524.6666666667	-0.0009765625
1	0	46	1	1	1414357.8260869565	-0.0009765625
1	0	47	1	1	1415163.3333333333	-0.0009765625
1	0	48	1	1	1414271.4285714286	-0.0009765625
1	0	49	1	1	1415505.3846153845	-0.0009765625
1	0	50	1	1	1413966.0	-0.0009765625
1	0	51	1	1	1415025.238095238	-0.0009765625
1	0	52	1	1	1415046.923076923	-0.0009765625
1	0	53	1	1	1416019.6296296297	-0.0009765625
1	0	54	1	1	1413638.4210526317	-0.0009765625
1	0	55	1	1	1414708.4	-0.0009765625
1	0	56	1	1	1414259.4117647058	-0.0009765625
1	0	57	1	1	1415358.6956521738	-0.0009765625
1	0	58	1	1	1414249.1304347827	-0.0009765625
1	0	59	1	1	1415278.888888889	-0.0009765625
1	0	60	1	1	1415122.0	-0.0009765625
1	0	61	1	1	1415960.0	-0.0009765625
1	0	62	1	1	1415135.4545454546	-0.0009765625
#BH2
3	0	0	0	0	119.42080330288334	223.4041095890411
3	0	1	0	0	148.0542498299193	275.22222222222223
3	0	2	0	0	102.70183182751956	253.58333333333334
3	0	3	0	0	136.60526977093386	298.0
3	0	4	0	0	127.1510892580673	246.11353029888073
3	0	5	0	0	129.4468456497806	275.19525641003077
3	0	6	0	0	129.18993922357356	213.33609351436883
3	0	7	0	0	123.46200939216233	297.74501480504506
3	0	8	0	0	115.29174720835734	257.626361270834
3	0	9	0	0	111.57260623564767	264.02623203025354
3	0	10	0	0	140.92752560776958	288.7044187660105
3	0	11	0	0	116.4675652149639	250.71052631578948
3	0	12	0	0	112.49856173305479	285.7413793103448
3	0	13	0	0	96.57344269987186	267.24
3	0	14	0	0	143.78127604719603	283.05737704918033
3	0	0	0	1	127.03882741419588	279.7692307692308
3	0	1	0	1	108.02509966001496	260.17164179104475
3	0	2	0	1	119.54125442602925	274.7105263157895
3	0	3	0	1	90.9724440488659	264.9788732394366
3	0	4	0	1	126.88064906302962	268.1696752496301
3	0	5	0	1	106.89505145053892	244.6982960070087
3	0	6	0	1	105.78829859620446	234.23992645340758
3	0	7	0	1	110.5394719943091	254.04656958348883
3	0	8	0	1	124.12340016422236	239.64061270525863
3	0	9	0	1	106.45577403366664	228.1213619251539
3	0	10	0	1	119.2043404968309	235.5762912871363
3	0	11	0	1	117.3559907614773	252.96296296296296
3	0	12	0	1	114.0667051621725	252.88202247191012
3	0	13	0	1	108.25872264307148	267.13157894736844
3	0	14	0	1	114.64326110117945	283.15263157894736
3	0	0	1	0	722032.5675675676	-0.0009765625
3	0	1	1	0	721943.7058823529	-0.0009765625
3	0	2	1	0	722180.8888888889	-0.0009765625
3	0	3	1	0	721500.2857142857	-0.0009765625
3	0	4	1	0	723144.8055366069	-0.0009765625
3	0	5	1	0	723599.9822903001	-0.0009765625
3	0	6	1	0	722491.4240446935	-0.0009765625
3	0	7	1	0	722522.076496258	-0.0009765625
3	0	8	1	0	723379.6171971502	-0.0009765625
3	0	9	1	0	723227.0802370181	-0.0009765625
3	0	10	1	0	722579.2480867489	-0.0009765625
3	0	11	1	0	722063.75	-0.0009765625
3	0	12	1	0	722203.6111111111	-0.0009765625
3	0	13	1	0	721537.2857142857	-0.0009765625
3	0	14	1	0	721623.0141843972	-0.0009765625
3	0	0	1	1	725148.5616438356	-0.0009765625
3	0	1	1	1	724629.5454545454	-0.0009765625
3	0	2	1	1	725715.7777777778	-0.0009765625
3	0	3	1	1	724684.7183098592	-0.0009765625
3	0	4	1	1	725325.6013009638	-0.0009765625
3	0	5	1	1	725848.8399927916	-0.0009765625
3	0	6	1	1	725816.7461212194	-0.0009765625
3	0	7	1	1	725998.5975159585	-0.0009765625
3	0	8	1	1	726652.268277383	-0.0009765625
3	0	9	1	1	726193.036147211	-0.0009765625
3	0	10	1	1	726363.6415231583	-0.0009765625
3	0	11	1	1	724867.5423728813	-0.0009765625
3	0	12	1	1	725063.1481481482	-0.0009765625
3	0	13	1	1	724374.7142857143	-0.0009765625
3	0	14	1	1	724791.5	-0.0009765625
3	0	0	1	2	-0.05583333333333243	1.000000e+00
3	0	1	1	2	-0.17088235294117568	1.000000e+00
3	0	2	1	2	-0.07710526315789396	1.000000e+00
3	0	3	1	2	-0.47621766753471056	1.000000e+00
3	0	4	1	2	-0.3689962958863645	1.000000e+00
3	0	5	1	2	0.5475408031310782	1.000000e+00
3	0	6	1	2	-0.36269043502275583	1.000000e+00
3	0	7	1	2	0.3351304301145956	1.000000e+00
3	0	8	1	2	-0.23275377558255028	1.000000e+00
3	0	9	1	2	-0.10320703314883706	1.000000e+00
3	0	10	1	2	-0.5840888380589786	1.000000e+00
3	0	11	1	2	-0.652542369611138	1.000000e+00
3	0	12	1	2	-0.7392280835417272	1.000000e+00
3	0	13	1	2	-0.8229019129517114	1.000000e+00
3	0	14	1	2	-0.9006721173337363	1.000000e+00
#BAC
4	0	0	0	0	100.99792949105387	11.208
4	0	1	0	0	87.6659902536536	10.463
4	0	2	0	0	85.5841662615194	9.015
4	0	3	0	0	74.71831583962646	10.424
4	0	4	0	0	198.48275752751937	10.278
4	0	0	1	0	1.000000e+00	-9.765625e-04
4	0	1	1	0	1.000000e+00	-9.765625e-04
4	0	2	1	0	1.000000e+00	-9.765625e-04
4	0	3	1	0	1.000000e+00	-9.765625e-04
4	0	4	1	0	711648.0366362825	-0.0009765625
#HTOF
5	0	0	0	0	0.000000e+00	1.000000e+00
5	0	1	0	0	0.000000e+00	1.000000e+00
5	0	2	0	0	0.000000e+00	1.000000e+00
5	0	3	0	0	0.000000e+00	1.000000e+00
5	0	4	0	0	0.000000e+00	1.000000e+00
5	0	5	0	0	0.000000e+00	1.000000e+00
5	0	6	0	0	0.000000e+00	1.000000e+00
5	0	7	0	0	0.000000e+00	1.000000e+00
5	0	8	0	0	0.000000e+00	1.000000e+00
5	0	9	0	0	0.000000e+00	1.000000e+00
5	0	10	0	0	0.000000e+00	1.000000e+00
5	0	11	0	0	0.000000e+00	1.000000e+00
5	0	12	0	0	0.000000e+00	1.000000e+00
5	0	13	0	0	0.000000e+00	1.000000e+00
5	0	14	0	0	0.000000e+00	1.000000e+00
5	0	15	0	0	0.000000e+00	1.000000e+00
5	0	16	0	0	0.000000e+00	1.000000e+00
5	0	17	0	0	0.000000e+00	1.000000e+00
5	0	18	0	0	0.000000e+00	1.000000e+00
5	0	19	0	0	0.000000e+00	1.000000e+00
5	0	20	0	0	0.000000e+00	1.000000e+00
5	0	21	0	0	0.000000e+00	1.000000e+00
5	0	22	0	0	0.000000e+00	1.000000e+00
5	0	23	0	0	0.000000e+00	1.000000e+00
5	0	24	0	0	0.000000e+00	1.000000e+00
5	0	25	0	0	0.000000e+00	1.000000e+00
5	0	26	0	0	0.000000e+00	1.000000e+00
5	0	27	0	0	0.000000e+00	1.000000e+00
5	0	28	0	0	0.000000e+00	1.000000e+00
5	0	29	0	0	0.000000e+00	1.000000e+00
5	0	30	0	0	0.000000e+00	1.000000e+00
5	0	31	0	0	0.000000e+00	1.000000e+00
5	0	32	0	0	0.000000e+00	1.000000e+00
5	0	33	0	0	0.000000e+00	1.000000e+00
5	0	0	0	1	0.000000e+00	1.000000e+00
5	0	1	0	1	0.000000e+00	1.000000e+00
5	0	2	0	1	0.000000e+00	1.000000e+00
5	0	3	0	1	0.000000e+00	1.000000e+00
5	0	4	0	1	0.000000e+00	1.000000e+00
5	0	5	0	1	0.000000e+00	1.000000e+00
5	0	6	0	1	0.000000e+00	1.000000e+00
5	0	7	0	1	0.000000e+00	1.000000e+00
5	0	8	0	1	0.000000e+00	1.000000e+00
5	0	9	0	1	0.000000e+00	1.000000e+00
5	0	10	0	1	0.000000e+00	1.000000e+00
5	0	11	0	1	0.000000e+00	1.000000e+00
5	0	12	0	1	0.000000e+00	1.000000e+00
5	0	13	0	1	0.000000e+00	1.000000e+00
5	0	14	0	1	0.000000e+00	1.000000e+00
5	0	15	0	1	0.000000e+00	1.000000e+00
5	0	16	0	1	0.000000e+00	1.000000e+00
5	0	17	0	1	0.000000e+00	1.000000e+00
5	0	18	0	1	0.000000e+00	1.000000e+00
5	0	19	0	1	0.000000e+00	1.000000e+00
5	0	20	0	1	0.000000e+00	1.000000e+00
5	0	21	0	1	0.000000e+00	1.000000e+00
5	0	22	0	1	0.000000e+00	1.000000e+00
5	0	23	0	1	0.000000e+00	1.000000e+00
5	0	24	0	1	0.000000e+00	1.000000e+00
5	0	25	0	1	0.000000e+00	1.000000e+00
5	0	26	0	1	0.000000e+00	1.000000e+00
5	0	27	0	1	0.000000e+00	1.000000e+00
5	0	28	0	1	0.000000e+00	1.000000e+00
5	0	29	0	1	0.000000e+00	1.000000e+00
5	0	30	0	1	0.000000e+00	1.000000e+00
5	0	31	0	1	0.000000e+00	1.000000e+00
5	0	32	0	1	0.000000e+00	1.000000e+00
5	0	33	0	1	0.000000e+00	1.000000e+00
5	0	0	0	2	0.000000e+00	1.000000e+00
5	0	1	0	2	0.000000e+00	1.000000e+00
5	0	2	0	2	0.000000e+00	1.000000e+00
5	0	3	0	2	0.000000e+00	1.000000e+00
5	0	4	0	2	0.000000e+00	1.000000e+00
5	0	5	0	2	0.000000e+00	1.000000e+00
5	0	6	0	2	0.000000e+00	1.000000e+00
5	0	7	0	2	0.000000e+00	1.000000e+00
5	0	8	0	2	0.000000e+00	1.000000e+00
5	0	9	0	2	0.000000e+00	1.000000e+00
5	0	10	0	2	0.000000e+00	1.000000e+00
5	0	11	0	2	0.000000e+00	1.000000e+00
5	0	12	0	2	0.000000e+00	1.000000e+00
5	0	13	0	2	0.000000e+00	1.000000e+00
5	0	14	0	2	0.000000e+00	1.000000e+00
5	0	15	0	2	0.000000e+00	1.000000e+00
5	0	16	0	2	0.000000e+00	1.000000e+00
5	0	17	0	2	0.000000e+00	1.000000e+00
5	0	18	0	2	0.000000e+00	1.000000e+00
5	0	19	0	2	0.000000e+00	1.000000e+00
5	0	20	0	2	0.000000e+00	1.000000e+00
5	0	21	0	2	0.000000e+00	1.000000e+00
5	0	22	0	2	0.000000e+00	1.000000e+00
5	0	23	0	2	0.000000e+00	1.000000e+00
5	0	24	0	2	0.000000e+00	1.000000e+00
5	0	25	0	2	0.000000e+00	1.000000e+00
5	0	26	0	2	0.000000e+00	1.000000e+00
5	0	27	0	2	0.000000e+00	1.000000e+00
5	0	28	0	2	0.000000e+00	1.000000e+00
5	0	29	0	2	0.000000e+00	1.000000e+00
5	0	30	0	2	0.000000e+00	1.000000e+00
5	0	31	0	2	0.000000e+00	1.000000e+00
5	0	32	0	2	0.000000e+00	1.000000e+00
5	0	33	0	2	0.000000e+00	1.000000e+00
5	0	0	1	0	1.000000e+00	-9.765625e-04
5	0	1	1	0	1.000000e+00	-9.765625e-04
5	0	2	1	0	1.000000e+00	-9.765625e-04
5	0	3	1	0	1.000000e+00	-9.765625e-04
5	0	4	1	0	1.000000e+00	-9.765625e-04
5	0	5	1	0	1.000000e+00	-9.765625e-04
5	0	6	1	0	1.000000e+00	-9.765625e-04
5	0	7	1	0	1.000000e+00	-9.765625e-04
5	0	8	1	0	1.000000e+00	-9.765625e-04
5	0	9	1	0	1.000000e+00	-9.765625e-04
5	0	10	1	0	1.000000e+00	-9.765625e-04
5	0	11	1	0	1.000000e+00	-9.765625e-04
5	0	12	1	0	1.000000e+00	-9.765625e-04
5	0	13	1	0	1.000000e+00	-9.765625e-04
5	0	14	1	0	1.000000e+00	-9.765625e-04
5	0	15	1	0	1.000000e+00	-9.765625e-04
5	0	16	1	0	1.000000e+00	-9.765625e-04
5	0	17	1	0	1.000000e+00	-9.765625e-04
5	0	18	1	0	1.000000e+00	-9.765625e-04
5	0	19	1	0	1.000000e+00	-9.765625e-04
5	0	20	1	0	1.000000e+00	-9.765625e-04
5	0	21	1	0	1.000000e+00	-9.765625e-04
5	0	22	1	0	1.000000e+00	-9.765625e-04
5	0	23	1	0	1.000000e+00	-9.765625e-04
5	0	24	1	0	1.000000e+00	-9.765625e-04
5	0	25	1	0	1.000000e+00	-9.765625e-04
5	0	26	1	0	1.000000e+00	-9.765625e-04
5	0	27	1	0	1.000000e+00	-9.765625e-04
5	0	28	1	0	1.000000e+00	-9.765625e-04
5	0	29	1	0	1.000000e+00	-9.765625e-04
5	0	30	1	0	1.000000e+00	-9.765625e-04
5	0	31	1	0	1.000000e+00	-9.765625e-04
5	0	32	1	0	1.000000e+00	-9.765625e-04
5	0	33	1	0	1.000000e+00	-9.765625e-04
5	0	0	1	1	1.000000e+00	-9.765625e-04
5	0	1	1	1	1.000000e+00	-9.765625e-04
5	0	2	1	1	1.000000e+00	-9.765625e-04
5	0	3	1	1	1.000000e+00	-9.765625e-04
5	0	4	1	1	1.000000e+00	-9.765625e-04
5	0	5	1	1	1.000000e+00	-9.765625e-04
5	0	6	1	1	1.000000e+00	-9.765625e-04
5	0	7	1	1	1.000000e+00	-9.765625e-04
5	0	8	1	1	1.000000e+00	-9.765625e-04
5	0	9	1	1	1.000000e+00	-9.765625e-04
5	0	10	1	1	1.000000e+00	-9.765625e-04
5	0	11	1	1	1.000000e+00	-9.765625e-04
5	0	12	1	1	1.000000e+00	-9.765625e-04
5	0	13	1	1	1.000000e+00	-9.765625e-04
5	0	14	1	1	1.000000e+00	-9.765625e-04
5	0	15	1	1	1.000000e+00	-9.765625e-04
5	0	16	1	1	1.000000e+00	-9.765625e-04
5	0	17	1	1	1.000000e+00	-9.765625e-04
5	0	18	1	1	1.000000e+00	-9.765625e-04
5	0	19	1	1	1.000000e+00	-9.765625e-04
5	0	20	1	1	1.000000e+00	-9.765625e-04
5	0	21	1	1	1.000000e+00	-9.765625e-04
5	0	22	1	1	1.000000e+00	-9.765625e-04
5	0	23	1	1	1.000000e+00	-9.765625e-04
5	0	24	1	1	1.000000e+00	-9.765625e-04
5	0	25	1	1	1.000000e+00	-9.765625e-04
5	0	26	1	1	1.000000e+00	-9.765625e-04
5	0	27	1	1	1.000000e+00	-9.765625e-04
5	0	28	1	1	1.000000e+00	-9.765625e-04
5	0	29	1	1	1.000000e+00	-9.765625e-04
5	0	30	1	1	1.000000e+00	-9.765625e-04
5	0	31	1	1	1.000000e+00	-9.765625e-04
5	0	32	1	1	1.000000e+00	-9.765625e-04
5	0	33	1	1	1.000000e+00	-9.765625e-04
5	0	0	1	2	1.000000e+00	-9.765625e-04
5	0	1	1	2	1.000000e+00	-9.765625e-04
5	0	2	1	2	1.000000e+00	-9.765625e-04
5	0	3	1	2	1.000000e+00	-9.765625e-04
5	0	4	1	2	1.000000e+00	-9.765625e-04
5	0	5	1	2	1.000000e+00	-9.765625e-04
5	0	6	1	2	1.000000e+00	-9.765625e-04
5	0	7	1	2	1.000000e+00	-9.765625e-04
5	0	8	1	2	1.000000e+00	-9.765625e-04
5	0	9	1	2	1.000000e+00	-9.765625e-04
5	0	10	1	2	1.000000e+00	-9.765625e-04
5	0	11	1	2	1.000000e+00	-9.765625e-04
5	0	12	1	2	1.000000e+00	-9.765625e-04
5	0	13	1	2	1.000000e+00	-9.765625e-04
5	0	14	1	2	1.000000e+00	-9.765625e-04
5	0	15	1	2	1.000000e+00	-9.765625e-04
5	0	16	1	2	1.000000e+00	-9.765625e-04
5	0	17	1	2	1.000000e+00	-9.765625e-04
5	0	18	1	2	1.000000e+00	-9.765625e-04
5	0	19	1	2	1.000000e+00	-9.765625e-04
5	0	20	1	2	1.000000e+00	-9.765625e-04
5	0	21	1	2	1.000000e+00	-9.765625e-04
5	0	22	1	2	1.000000e+00	-9.765625e-04
5	0	23	1	2	1.000000e+00	-9.765625e-04
5	0	24	1	2	1.000000e+00	-9.765625e-04
5	0	25	1	2	1.000000e+00	-9.765625e-04
5	0	26	1	2	1.000000e+00	-9.765625e-04
5	0	27	1	2	1.000000e+00	-9.765625e-04
5	0	28	1	2	1.000000e+00	-9.765625e-04
5	0	29	1	2	1.000000e+00	-9.765625e-04
5	0	30	1	2	1.000000e+00	-9.765625e-04
5	0	31	1	2	1.000000e+00	-9.765625e-04
5	0	32	1	2	1.000000e+00	-9.765625e-04
5	0	33	1	2	1.000000e+00	-9.765625e-04
#KVC
6	0	0	0	0	125.72291492624372	9.405720e+00
6	0	1	0	0	100.4567019052467	9.293611e+00
6	0	2	0	0	102.90739525020328	9.794817e+00
6	0	3	0	0	120.16201065673076	8.935510e+00
6	0	4	0	0	117.41592284830047	9.405720e+00
6	0	5	0	0	127.57006531878393	9.293611e+00
6	0	6	0	0	102.31618575836204	9.794817e+00
6	0	7	0	0	121.52262898854244	8.935510e+00
6	0	0	0	1	142.02120571861732	8.864464e+00
6	0	1	0	1	114.08960873458525	1.002469e+01
6	0	2	0	1	143.94878948894686	9.032530e+00
6	0	3	0	1	91.50579192076972	8.566897e+00
6	0	4	0	1	98.85755813881933	8.864464e+00
6	0	5	0	1	121.36906078718576	1.002469e+01
6	0	6	0	1	105.44471818111	9.032530e+00
6	0	7	0	1	114.15629502318997	8.566897e+00
6	0	0	0	2	106.40574646513149	9.281763e+00
6	0	1	0	2	109.56657896287271	9.597398e+00
6	0	2	0	2	112.49800882516358	9.604148e+00
6	0	3	0	2	99.04779997212579	9.156487e+00
6	0	4	0	2	93.18101680011506	9.281763e+00
6	0	5	0	2	107.20436573603683	9.597398e+00
6	0	6	0	2	112.5203030170639	9.604148e+00
6	0	7	0	2	116.14136428794438	9.156487e+00
6	0	0	0	3	111.93223093879311	9.215651e+00
6	0	1	0	3	135.226674106779	9.984777e+00
6	0	2	0	3	111.56655693761006	9.305942e+00
6	0	3	0	3	104.78742023595242	9.693401e+00
6	0	4	0	3	103.14969399550736	9.215651e+00
6	0	5	0	3	123.5864062809882	9.984777e+00
6	0	6	0	3	90.19197146371917	9.305942e+00
6	0	7	0	3	128.42992021077902	9.693401e+00
6	0	0	0	4	141.5591074482959	9.192747e+00
6	0	1	0	4	139.56739974268754	9.755004e+00
6	0	2	0	4	123.59838113167984	9.437462e+00
6	0	3	0	4	122.50172473436368	9.100621e+00
6	0	4	0	4	172.30419813903615	9.192747e+00
6	0	5	0	4	88.17792667162198	9.755004e+00
6	0	6	0	4	101.9733128054042	9.437462e+00
6	0	7	0	4	242.52132928711885	9.100621e+00
6	0	0	1	4	694107.9752066116	-0.0009765625
6	0	1	1	4	693913.5897435897	-0.0009765625
6	0	2	1	4	693979.2105263158	-0.0009765625
6	0	3	1	4	694438.9215686275	-0.0009765625
6	0	4	1	4	692610.3191489362	-0.0009765625
6	0	5	1	4	694860.0	-0.0009765625
6	0	6	1	4	691974.2857142857	-0.0009765625
6	0	7	1	4	690988.6538461539	-0.0009765625
#T1
7	0	0	0	0	259.098786561775	294.64385223146843
7	0	0	1	0	699725.75	-0.0009765625
#CVC
8	0	0	0	0	0.000000e+00	1.000000e+00
8	0	1	0	0	0.000000e+00	1.000000e+00
8	0	2	0	0	0.000000e+00	1.000000e+00
8	0	3	0	0	0.000000e+00	1.000000e+00
8	0	4	0	0	0.000000e+00	1.000000e+00
8	0	5	0	0	0.000000e+00	1.000000e+00
8	0	6	0	0	0.000000e+00	1.000000e+00
8	0	7	0	0	0.000000e+00	1.000000e+00
8	0	0	0	1	0.000000e+00	1.000000e+00
8	0	1	0	1	0.000000e+00	1.000000e+00
8	0	2	0	1	0.000000e+00	1.000000e+00
8	0	3	0	1	0.000000e+00	1.000000e+00
8	0	4	0	1	0.000000e+00	1.000000e+00
8	0	5	0	1	0.000000e+00	1.000000e+00
8	0	6	0	1	0.000000e+00	1.000000e+00
8	0	7	0	1	0.000000e+00	1.000000e+00
8	0	0	1	0	1.000000e+00	-9.765625e-04
8	0	1	1	0	1.000000e+00	-9.765625e-04
8	0	2	1	0	1.000000e+00	-9.765625e-04
8	0	3	1	0	1.000000e+00	-9.765625e-04
8	0	4	1	0	1.000000e+00	-9.765625e-04
8	0	5	1	0	1.000000e+00	-9.765625e-04
8	0	6	1	0	1.000000e+00	-9.765625e-04
8	0	7	1	0	1.000000e+00	-9.765625e-04
8	0	0	1	1	1.000000e+00	-9.765625e-04
8	0	1	1	1	1.000000e+00	-9.765625e-04
8	0	2	1	1	1.000000e+00	-9.765625e-04
8	0	3	1	1	1.000000e+00	-9.765625e-04
8	0	4	1	1	1.000000e+00	-9.765625e-04
8	0	5	1	1	1.000000e+00	-9.765625e-04
8	0	6	1	1	1.000000e+00	-9.765625e-04
8	0	7	1	1	1.000000e+00	-9.765625e-04
#SAC3
9	0	0	0	0	0.000000e+00	1.000000e+00
9	0	0	1	0	1.000000e+00	-9.765625e-04
#SFV
10	0	0	1	0	1.000000e+00	-9.765625e-04
#COBO
11	0	0	1	0	1.575e+06	-9.765625e-04
11	0	1	1	0	1.575e+06	-9.765625e-04
11	0	2	1	0	1.575e+06	-9.765625e-04
11	0	3	1	0	1.575e+06	-9.765625e-04
11	0	4	1	0	1.575e+06	-9.765625e-04
11	0	5	1	0	1.575e+06	-9.765625e-04
11	0	6	1	0	1.575e+06	-9.765625e-04
11	0	7	1	0	1.575e+06	-9.765625e-04
