#CId	PlId	SegId	AorT	UorD	p0	p1
#BHT
1	0	0	0	0	0.0	9.609847906637143
1	0	1	0	0	0.0	8.595992771805504
1	0	2	0	0	0.0	10.021401362645284
1	0	3	0	0	0.0	8.88247045046694
1	0	4	0	0	0.0	9.84112422790182
1	0	5	0	0	0.0	9.77630551503064
1	0	6	0	0	0.0	9.849327643093394
1	0	7	0	0	0.0	8.12361974021287
1	0	8	0	0	0.0	9.496800940208201
1	0	9	0	0	0.0	8.999778305499843
1	0	10	0	0	0.0	9.310640628684364
1	0	11	0	0	0.0	8.652236610959173
1	0	12	0	0	0.0	9.524010404017606
1	0	13	0	0	0.0	9.145725771567774
1	0	14	0	0	0.0	9.767487476535058
1	0	15	0	0	0.0	8.523389855641224
1	0	16	0	0	0.0	8.973309233535751
1	0	17	0	0	0.0	8.918434186649996
1	0	18	0	0	0.0	9.002360098454455
1	0	19	0	0	0.0	8.704466699299642
1	0	20	0	0	0.0	8.782736035891075
1	0	21	0	0	0.0	9.206062324342486
1	0	22	0	0	0.0	9.37816724963909
1	0	23	0	0	0.0	8.080772547581228
1	0	24	0	0	0.0	9.004678379777278
1	0	25	0	0	0.0	8.859788429985747
1	0	26	0	0	0.0	9.101586197886494
1	0	27	0	0	0.0	8.358708213608686
1	0	28	0	0	0.0	8.862192641477828
1	0	29	0	0	0.0	8.89028635728355
1	0	30	0	0	0.0	8.837771648543612
1	0	31	0	0	0.0	8.956384752377144
1	0	32	0	0	0.0	9.308034226730873
1	0	33	0	0	0.0	8.731518259156866
1	0	34	0	0	0.0	8.904212499575692
1	0	35	0	0	0.0	8.321422870832814
1	0	36	0	0	0.0	8.980247663202741
1	0	37	0	0	0.0	9.18671475380555
1	0	38	0	0	0.0	8.576258831335034
1	0	39	0	0	0.0	8.183583828874816
1	0	40	0	0	0.0	8.978153228002796
1	0	41	0	0	0.0	8.273545082122846
1	0	42	0	0	0.0	9.145367011601918
1	0	43	0	0	0.0	9.16359716090469
1	0	44	0	0	0.0	9.005903110300116
1	0	45	0	0	0.0	9.192311323666914
1	0	46	0	0	0.0	8.856574731933879
1	0	47	0	0	0.0	8.541203986341703
1	0	48	0	0	0.0	9.174269620907198
1	0	49	0	0	0.0	8.625149935162282
1	0	50	0	0	0.0	8.62755820931366
1	0	51	0	0	0.0	8.028751233659701
1	0	52	0	0	0.0	9.191964173156853
1	0	53	0	0	0.0	8.665281663210482
1	0	54	0	0	0.0	9.253100937242571
1	0	55	0	0	0.0	8.234818860645259
1	0	56	0	0	0.0	9.147558354122589
1	0	57	0	0	0.0	8.744757784745758
1	0	58	0	0	0.0	8.863267414686707
1	0	59	0	0	0.0	8.0871033443339
1	0	60	0	0	0.0	9.123789822479687
1	0	61	0	0	0.0	8.937116656093364
1	0	62	0	0	0.0	9.771970918588679
1	0	0	0	1	0.0	9.936334303836635
1	0	1	0	1	0.0	10.069893903484575
1	0	2	0	1	0.0	10.289145384644888
1	0	3	0	1	0.0	10.18906366930345
1	0	4	0	1	0.0	9.709976110601652
1	0	5	0	1	0.0	9.36611950894476
1	0	6	0	1	0.0	9.677808508764658
1	0	7	0	1	0.0	9.307814568608526
1	0	8	0	1	0.0	9.640424941831961
1	0	9	0	1	0.0	9.295138724384659
1	0	10	0	1	0.0	9.695692815311034
1	0	11	0	1	0.0	9.327400609136042
1	0	12	0	1	0.0	9.753021284444696
1	0	13	0	1	0.0	9.241309236907068
1	0	14	0	1	0.0	8.73542438209757
1	0	15	0	1	0.0	9.453124000629222
1	0	16	0	1	0.0	9.580321289314943
1	0	17	0	1	0.0	9.549718289267465
1	0	18	0	1	0.0	9.787384175883695
1	0	19	0	1	0.0	9.606434297891344
1	0	20	0	1	0.0	9.532441781926956
1	0	21	0	1	0.0	9.434361114634275
1	0	22	0	1	0.0	8.948101952107114
1	0	23	0	1	0.0	9.050244585643561
1	0	24	0	1	0.0	9.355153329234147
1	0	25	0	1	0.0	9.36994846893102
1	0	26	0	1	0.0	8.751868418366737
1	0	27	0	1	0.0	9.639386120588014
1	0	28	0	1	0.0	9.651451816621144
1	0	29	0	1	0.0	9.799273483595423
1	0	30	0	1	0.0	9.717857609219607
1	0	31	0	1	0.0	8.988414805501355
1	0	32	0	1	0.0	8.909123211522981
1	0	33	0	1	0.0	9.264633055656336
1	0	34	0	1	0.0	9.470144915541153
1	0	35	0	1	0.0	9.027788935751335
1	0	36	0	1	0.0	9.76113852461394
1	0	37	0	1	0.0	8.658730784542024
1	0	38	0	1	0.0	9.379696260581914
1	0	39	0	1	0.0	9.469911966812777
1	0	40	0	1	0.0	9.372330730744427
1	0	41	0	1	0.0	8.90851605583597
1	0	42	0	1	0.0	9.563950473271785
1	0	43	0	1	0.0	8.69354697782991
1	0	44	0	1	0.0	9.339190144720153
1	0	45	0	1	0.0	8.669807277037073
1	0	46	0	1	0.0	9.298469617794465
1	0	47	0	1	0.0	9.736908823796426
1	0	48	0	1	0.0	9.971100185428861
1	0	49	0	1	0.0	9.859425878536525
1	0	50	0	1	0.0	9.659784754760548
1	0	51	0	1	0.0	9.341795174781407
1	0	52	0	1	0.0	8.93754026290082
1	0	53	0	1	0.0	9.311750061346515
1	0	54	0	1	0.0	9.463833087029078
1	0	55	0	1	0.0	9.595251031575119
1	0	56	0	1	0.0	9.082365840182273
1	0	57	0	1	0.0	9.736324302871505
1	0	58	0	1	0.0	9.51286977814179
1	0	59	0	1	0.0	9.812975563831317
1	0	60	0	1	0.0	9.463676536093875
1	0	61	0	1	0.0	9.759290314935049
1	0	62	0	1	0.0	9.508453192582056
1	0	0	1	0	1414058.0	-0.0009765625
1	0	1	1	0	1413638.5714285714	-0.0009765625
1	0	2	1	0	1414390.0	-0.0009765625
1	0	3	1	0	1414234.4444444445	-0.0009765625
1	0	4	1	0	1414727.7777777778	-0.0009765625
1	0	5	1	0	1414817.7419354839	-0.0009765625
1	0	6	1	0	1414215.8823529412	-0.0009765625
1	0	7	1	0	1414092.2222222222	-0.0009765625
1	0	8	1	0	1414269.0	-0.0009765625
1	0	9	1	0	1415392.9787234042	-0.0009765625
1	0	10	1	0	1414229.1489361702	-0.0009765625
1	0	11	1	0	1414690.923076923	-0.0009765625
1	0	12	1	0	1414425.3846153845	-0.0009765625
1	0	13	1	0	1415196.1363636365	-0.0009765625
1	0	14	1	0	1414624.7586206896	-0.0009765625
1	0	15	1	0	1415484.9902021429	-0.0009765625
1	0	16	1	0	1414957.9685340635	-0.0009765625
1	0	17	1	0	1416163.3108870995	-0.0009765625
1	0	18	1	0	1415542.3147040594	-0.0009765625
1	0	19	1	0	1416034.6015644926	-0.0009765625
1	0	20	1	0	1416239.2159747533	-0.0009765625
1	0	21	1	0	1416523.0414655437	-0.0009765625
1	0	22	1	0	1416742.6010995882	-0.0009765625
1	0	23	1	0	1416053.2819551583	-0.0009765625
1	0	24	1	0	1416066.638429281	-0.0009765625
1	0	25	1	0	1416505.6845058964	-0.0009765625
1	0	26	1	0	1416553.086412521	-0.0009765625
1	0	27	1	0	1415988.3837066144	-0.0009765625
1	0	28	1	0	1416321.3255576903	-0.0009765625
1	0	29	1	0	1416365.3101110163	-0.0009765625
1	0	30	1	0	1416580.8409544483	-0.0009765625
1	0	31	1	0	1415031.0350090642	-0.0009765625
1	0	32	1	0	1415333.7452918561	-0.0009765625
1	0	33	1	0	1415086.4586354534	-0.0009765625
1	0	34	1	0	1415642.846118459	-0.0009765625
1	0	35	1	0	1415887.569793762	-0.0009765625
1	0	36	1	0	1415618.1792393725	-0.0009765625
1	0	37	1	0	1416307.0338194629	-0.0009765625
1	0	38	1	0	1415511.657518253	-0.0009765625
1	0	39	1	0	1415966.2888612198	-0.0009765625
1	0	40	1	0	1415191.0848518293	-0.0009765625
1	0	41	1	0	1415887.09785936	-0.0009765625
1	0	42	1	0	1415555.3338427225	-0.0009765625
1	0	43	1	0	1416315.1954026695	-0.0009765625
1	0	44	1	0	1415339.721669343	-0.0009765625
1	0	45	1	0	1416349.572485659	-0.0009765625
1	0	46	1	0	1415306.4293706205	-0.0009765625
1	0	47	1	0	1415797.107649126	-0.0009765625
1	0	48	1	0	1415183.8289461914	-0.0009765625
1	0	49	1	0	1416031.4059873268	-0.0009765625
1	0	50	1	0	1415269.585222666	-0.0009765625
1	0	51	1	0	1415811.7234417903	-0.0009765625
1	0	52	1	0	1415747.4807992752	-0.0009765625
1	0	53	1	0	1416265.2254169025	-0.0009765625
1	0	54	1	0	1415929.3165195638	-0.0009765625
1	0	55	1	0	1415946.5	-0.0009765625
1	0	56	1	0	1415847.619047619	-0.0009765625
1	0	57	1	0	1416349.658119658	-0.0009765625
1	0	58	1	0	1416217.7981651376	-0.0009765625
1	0	59	1	0	1416181.7209302327	-0.0009765625
1	0	60	1	0	1415713.4254143646	-0.0009765625
1	0	61	1	0	1416130.7567567567	-0.0009765625
1	0	62	1	0	1416062.528735632	-0.0009765625
1	0	0	1	1	1415538.3870967743	-0.0009765625
1	0	1	1	1	1416750.9523809524	-0.0009765625
1	0	2	1	1	1415433.4782608696	-0.0009765625
1	0	3	1	1	1416360.4761904762	-0.0009765625
1	0	4	1	1	1416317.0	-0.0009765625
1	0	5	1	1	1416766.875	-0.0009765625
1	0	6	1	1	1415262.3529411764	-0.0009765625
1	0	7	1	1	1415251.6216216215	-0.0009765625
1	0	8	1	1	1416143.9130434783	-0.0009765625
1	0	9	1	1	1417214.4897959183	-0.0009765625
1	0	10	1	1	1416056.923076923	-0.0009765625
1	0	11	1	1	1416579.696969697	-0.0009765625
1	0	12	1	1	1416038.8235294118	-0.0009765625
1	0	13	1	1	1416562.0833333333	-0.0009765625
1	0	14	1	1	1415784.0689655172	-0.0009765625
1	0	15	1	1	1417174.7582422092	-0.0009765625
1	0	16	1	1	1416734.0190132488	-0.0009765625
1	0	17	1	1	1417851.6786772204	-0.0009765625
1	0	18	1	1	1416558.9466122724	-0.0009765625
1	0	19	1	1	1417421.128356568	-0.0009765625
1	0	20	1	1	1416639.0526503115	-0.0009765625
1	0	21	1	1	1417501.4238802237	-0.0009765625
1	0	22	1	1	1416075.4117670157	-0.0009765625
1	0	23	1	1	1416952.5168121392	-0.0009765625
1	0	24	1	1	1416744.3263771418	-0.0009765625
1	0	25	1	1	1417405.4155677436	-0.0009765625
1	0	26	1	1	1416027.0795562395	-0.0009765625
1	0	27	1	1	1416871.856596179	-0.0009765625
1	0	28	1	1	1416472.1014868813	-0.0009765625
1	0	29	1	1	1416146.4439001903	-0.0009765625
1	0	30	1	1	1415883.480502017	-0.0009765625
1	0	31	1	1	1415362.8169468108	-0.0009765625
1	0	32	1	1	1416944.578995194	-0.0009765625
1	0	33	1	1	1417016.493141328	-0.0009765625
1	0	34	1	1	1416715.8906469317	-0.0009765625
1	0	35	1	1	1416508.736513177	-0.0009765625
1	0	36	1	1	1416895.3006140522	-0.0009765625
1	0	37	1	1	1416594.7941157972	-0.0009765625
1	0	38	1	1	1416295.560784761	-0.0009765625
1	0	39	1	1	1416497.3025353446	-0.0009765625
1	0	40	1	1	1416743.4293059108	-0.0009765625
1	0	41	1	1	1416631.8959925717	-0.0009765625
1	0	42	1	1	1416248.4208136671	-0.0009765625
1	0	43	1	1	1415772.1619107258	-0.0009765625
1	0	44	1	1	1415429.3945709935	-0.0009765625
1	0	45	1	1	1415819.555884509	-0.0009765625
1	0	46	1	1	1414864.5416780792	-0.0009765625
1	0	47	1	1	1415660.8541106659	-0.0009765625
1	0	48	1	1	1415030.5822024997	-0.0009765625
1	0	49	1	1	1415865.5933493874	-0.0009765625
1	0	50	1	1	1414574.2302175094	-0.0009765625
1	0	51	1	1	1415212.5375177162	-0.0009765625
1	0	52	1	1	1414560.429774584	-0.0009765625
1	0	53	1	1	1415487.2180327005	-0.0009765625
1	0	54	1	1	1414702.6845637583	-0.0009765625
1	0	55	1	1	1415152.857142857	-0.0009765625
1	0	56	1	1	1415434.5059288538	-0.0009765625
1	0	57	1	1	1415873.220338983	-0.0009765625
1	0	58	1	1	1415203.3636363635	-0.0009765625
1	0	59	1	1	1415265.6880733946	-0.0009765625
1	0	60	1	1	1415489.679144385	-0.0009765625
1	0	61	1	1	1415096.0416666667	-0.0009765625
1	0	62	1	1	1415191.0285714285	-0.0009765625
#BH2
3	0	0	0	0	116.0789294155745	202.17032967032966
3	0	1	0	0	143.20959054064699	282.6707317073171
3	0	2	0	0	99.63703727551321	250.4878048780488
3	0	3	0	0	132.45799305719694	282.3879394497309
3	0	4	0	0	123.5246122357686	241.8477656823614
3	0	5	0	0	126.15378266650426	264.5389815266538
3	0	6	0	0	126.53015935338671	208.4522809862906
3	0	7	0	0	120.35141408377082	279.403860756368
3	0	8	0	0	112.21661015297403	249.95517565075428
3	0	9	0	0	107.78869303006303	247.28906172413164
3	0	10	0	0	138.17425744751986	283.3703703703704
3	0	11	0	0	113.117279793651	243.3095238095238
3	0	12	0	0	108.93403378190226	270.3181818181818
3	0	13	0	0	92.4435897561222	258.0897435897436
3	0	14	0	0	139.95154708057416	283.0531914893617
3	0	0	0	1	122.37497195465878	269.12295081967216
3	0	1	0	1	105.45661717533882	257.6304347826087
3	0	2	0	1	115.80953990328668	262.780701754386
3	0	3	0	1	88.43053660055273	241.03940426274085
3	0	4	0	1	124.03227344633035	267.9992011964935
3	0	5	0	1	103.81736236472538	236.31598994311935
3	0	6	0	1	102.75414337398233	236.3909823647029
3	0	7	0	1	106.78033478058593	256.5839395950031
3	0	8	0	1	120.49516368730264	239.5947065272135
3	0	9	0	1	104.2427785269118	226.23185352182796
3	0	10	0	1	115.54187148972396	245.86263736263737
3	0	11	0	1	113.44855828929963	253.3815789473684
3	0	12	0	1	111.82150545711099	269.4622641509434
3	0	13	0	1	105.84046564170737	273.9102564102564
3	0	14	0	1	112.16659656855352	276.9878048780488
3	0	0	1	0	723206.9718309859	-0.0009765625
3	0	1	1	0	723005.0	-0.0009765625
3	0	2	1	0	723649.5247148289	-0.0009765625
3	0	3	1	0	723752.8474126079	-0.0009765625
3	0	4	1	0	724526.4887803372	-0.0009765625
3	0	5	1	0	725019.4107655418	-0.0009765625
3	0	6	1	0	723871.5135123233	-0.0009765625
3	0	7	1	0	723873.5563304906	-0.0009765625
3	0	8	1	0	724756.7516597337	-0.0009765625
3	0	9	1	0	724570.1960990381	-0.0009765625
3	0	10	1	0	723904.3868191504	-0.0009765625
3	0	11	1	0	723288.2051282051	-0.0009765625
3	0	12	1	0	723219.7928994083	-0.0009765625
3	0	13	1	0	722593.4426229508	-0.0009765625
3	0	14	1	0	722578.6923076923	-0.0009765625
3	0	0	1	1	726117.0	-0.0009765625
3	0	1	1	1	725544.4897959183	-0.0009765625
3	0	2	1	1	727301.349809886	-0.0009765625
3	0	3	1	1	727038.6609486383	-0.0009765625
3	0	4	1	1	726735.7739080434	-0.0009765625
3	0	5	1	1	727320.7127561505	-0.0009765625
3	0	6	1	1	727274.1204415271	-0.0009765625
3	0	7	1	1	727454.5947361984	-0.0009765625
3	0	8	1	1	728137.1055886312	-0.0009765625
3	0	9	1	1	727645.7495735366	-0.0009765625
3	0	10	1	1	727750.2646285731	-0.0009765625
3	0	11	1	1	726147.6050420168	-0.0009765625
3	0	12	1	1	726224.0303030303	-0.0009765625
3	0	13	1	1	725520.1612903225	-0.0009765625
3	0	14	1	1	725838.3333333334	-0.0009765625
3	0	0	1	2	-0.19666666666666574	1.0
3	0	1	1	2	0.07594594594594653	1.0
3	0	2	1	2	0.11198113207547274	1.0
3	0	3	1	2	0.34482694232399386	1.0
3	0	4	1	2	-0.4102048985566083	1.0
3	0	5	1	2	0.538058932840082	1.0
3	0	6	1	2	-0.42818966932017044	1.0
3	0	7	1	2	0.28508834491791296	1.0
3	0	8	1	2	-0.26345420832131683	1.0
3	0	9	1	2	-0.1934655096464173	1.0
3	0	10	1	2	0.0022727272727281035	1.0
3	0	11	1	2	-0.1918965517241372	1.0
3	0	12	1	2	-0.7624999999999991	1.0
3	0	13	1	2	-0.4926470588235284	1.0
3	0	14	1	2	-0.4194999999999989	1.0
#BAC
4	0	0	0	0	114.80650279416898	11.208
4	0	1	0	0	88.77118958539928	10.463
4	0	2	0	0	85.36782037235936	9.015
4	0	3	0	0	74.77031145549316	10.424
4	0	4	0	0	191.76724570698437	10.278
4	0	0	1	0	1.000000e+00	-9.765625e-04
4	0	1	1	0	1.000000e+00	-9.765625e-04
4	0	2	1	0	1.000000e+00	-9.765625e-04
4	0	3	1	0	1.000000e+00	-9.765625e-04
4	0	4	1	0	711634.3084616594	-0.0009765625
#HTOF
5	0	0	0	0	0.000000e+00	1.000000e+00
5	0	1	0	0	0.000000e+00	1.000000e+00
5	0	2	0	0	0.000000e+00	1.000000e+00
5	0	3	0	0	0.000000e+00	1.000000e+00
5	0	4	0	0	0.000000e+00	1.000000e+00
5	0	5	0	0	0.000000e+00	1.000000e+00
5	0	6	0	0	0.000000e+00	1.000000e+00
5	0	7	0	0	0.000000e+00	1.000000e+00
5	0	8	0	0	0.000000e+00	1.000000e+00
5	0	9	0	0	0.000000e+00	1.000000e+00
5	0	10	0	0	0.000000e+00	1.000000e+00
5	0	11	0	0	0.000000e+00	1.000000e+00
5	0	12	0	0	0.000000e+00	1.000000e+00
5	0	13	0	0	0.000000e+00	1.000000e+00
5	0	14	0	0	0.000000e+00	1.000000e+00
5	0	15	0	0	0.000000e+00	1.000000e+00
5	0	16	0	0	0.000000e+00	1.000000e+00
5	0	17	0	0	0.000000e+00	1.000000e+00
5	0	18	0	0	0.000000e+00	1.000000e+00
5	0	19	0	0	0.000000e+00	1.000000e+00
5	0	20	0	0	0.000000e+00	1.000000e+00
5	0	21	0	0	0.000000e+00	1.000000e+00
5	0	22	0	0	0.000000e+00	1.000000e+00
5	0	23	0	0	0.000000e+00	1.000000e+00
5	0	24	0	0	0.000000e+00	1.000000e+00
5	0	25	0	0	0.000000e+00	1.000000e+00
5	0	26	0	0	0.000000e+00	1.000000e+00
5	0	27	0	0	0.000000e+00	1.000000e+00
5	0	28	0	0	0.000000e+00	1.000000e+00
5	0	29	0	0	0.000000e+00	1.000000e+00
5	0	30	0	0	0.000000e+00	1.000000e+00
5	0	31	0	0	0.000000e+00	1.000000e+00
5	0	32	0	0	0.000000e+00	1.000000e+00
5	0	33	0	0	0.000000e+00	1.000000e+00
5	0	0	0	1	0.000000e+00	1.000000e+00
5	0	1	0	1	0.000000e+00	1.000000e+00
5	0	2	0	1	0.000000e+00	1.000000e+00
5	0	3	0	1	0.000000e+00	1.000000e+00
5	0	4	0	1	0.000000e+00	1.000000e+00
5	0	5	0	1	0.000000e+00	1.000000e+00
5	0	6	0	1	0.000000e+00	1.000000e+00
5	0	7	0	1	0.000000e+00	1.000000e+00
5	0	8	0	1	0.000000e+00	1.000000e+00
5	0	9	0	1	0.000000e+00	1.000000e+00
5	0	10	0	1	0.000000e+00	1.000000e+00
5	0	11	0	1	0.000000e+00	1.000000e+00
5	0	12	0	1	0.000000e+00	1.000000e+00
5	0	13	0	1	0.000000e+00	1.000000e+00
5	0	14	0	1	0.000000e+00	1.000000e+00
5	0	15	0	1	0.000000e+00	1.000000e+00
5	0	16	0	1	0.000000e+00	1.000000e+00
5	0	17	0	1	0.000000e+00	1.000000e+00
5	0	18	0	1	0.000000e+00	1.000000e+00
5	0	19	0	1	0.000000e+00	1.000000e+00
5	0	20	0	1	0.000000e+00	1.000000e+00
5	0	21	0	1	0.000000e+00	1.000000e+00
5	0	22	0	1	0.000000e+00	1.000000e+00
5	0	23	0	1	0.000000e+00	1.000000e+00
5	0	24	0	1	0.000000e+00	1.000000e+00
5	0	25	0	1	0.000000e+00	1.000000e+00
5	0	26	0	1	0.000000e+00	1.000000e+00
5	0	27	0	1	0.000000e+00	1.000000e+00
5	0	28	0	1	0.000000e+00	1.000000e+00
5	0	29	0	1	0.000000e+00	1.000000e+00
5	0	30	0	1	0.000000e+00	1.000000e+00
5	0	31	0	1	0.000000e+00	1.000000e+00
5	0	32	0	1	0.000000e+00	1.000000e+00
5	0	33	0	1	0.000000e+00	1.000000e+00
5	0	0	0	2	0.000000e+00	1.000000e+00
5	0	1	0	2	0.000000e+00	1.000000e+00
5	0	2	0	2	0.000000e+00	1.000000e+00
5	0	3	0	2	0.000000e+00	1.000000e+00
5	0	4	0	2	0.000000e+00	1.000000e+00
5	0	5	0	2	0.000000e+00	1.000000e+00
5	0	6	0	2	0.000000e+00	1.000000e+00
5	0	7	0	2	0.000000e+00	1.000000e+00
5	0	8	0	2	0.000000e+00	1.000000e+00
5	0	9	0	2	0.000000e+00	1.000000e+00
5	0	10	0	2	0.000000e+00	1.000000e+00
5	0	11	0	2	0.000000e+00	1.000000e+00
5	0	12	0	2	0.000000e+00	1.000000e+00
5	0	13	0	2	0.000000e+00	1.000000e+00
5	0	14	0	2	0.000000e+00	1.000000e+00
5	0	15	0	2	0.000000e+00	1.000000e+00
5	0	16	0	2	0.000000e+00	1.000000e+00
5	0	17	0	2	0.000000e+00	1.000000e+00
5	0	18	0	2	0.000000e+00	1.000000e+00
5	0	19	0	2	0.000000e+00	1.000000e+00
5	0	20	0	2	0.000000e+00	1.000000e+00
5	0	21	0	2	0.000000e+00	1.000000e+00
5	0	22	0	2	0.000000e+00	1.000000e+00
5	0	23	0	2	0.000000e+00	1.000000e+00
5	0	24	0	2	0.000000e+00	1.000000e+00
5	0	25	0	2	0.000000e+00	1.000000e+00
5	0	26	0	2	0.000000e+00	1.000000e+00
5	0	27	0	2	0.000000e+00	1.000000e+00
5	0	28	0	2	0.000000e+00	1.000000e+00
5	0	29	0	2	0.000000e+00	1.000000e+00
5	0	30	0	2	0.000000e+00	1.000000e+00
5	0	31	0	2	0.000000e+00	1.000000e+00
5	0	32	0	2	0.000000e+00	1.000000e+00
5	0	33	0	2	0.000000e+00	1.000000e+00
5	0	0	1	0	1.000000e+00	-9.765625e-04
5	0	1	1	0	1.000000e+00	-9.765625e-04
5	0	2	1	0	1.000000e+00	-9.765625e-04
5	0	3	1	0	1.000000e+00	-9.765625e-04
5	0	4	1	0	1.000000e+00	-9.765625e-04
5	0	5	1	0	1.000000e+00	-9.765625e-04
5	0	6	1	0	1.000000e+00	-9.765625e-04
5	0	7	1	0	1.000000e+00	-9.765625e-04
5	0	8	1	0	1.000000e+00	-9.765625e-04
5	0	9	1	0	1.000000e+00	-9.765625e-04
5	0	10	1	0	1.000000e+00	-9.765625e-04
5	0	11	1	0	1.000000e+00	-9.765625e-04
5	0	12	1	0	1.000000e+00	-9.765625e-04
5	0	13	1	0	1.000000e+00	-9.765625e-04
5	0	14	1	0	1.000000e+00	-9.765625e-04
5	0	15	1	0	1.000000e+00	-9.765625e-04
5	0	16	1	0	1.000000e+00	-9.765625e-04
5	0	17	1	0	1.000000e+00	-9.765625e-04
5	0	18	1	0	1.000000e+00	-9.765625e-04
5	0	19	1	0	1.000000e+00	-9.765625e-04
5	0	20	1	0	1.000000e+00	-9.765625e-04
5	0	21	1	0	1.000000e+00	-9.765625e-04
5	0	22	1	0	1.000000e+00	-9.765625e-04
5	0	23	1	0	1.000000e+00	-9.765625e-04
5	0	24	1	0	1.000000e+00	-9.765625e-04
5	0	25	1	0	1.000000e+00	-9.765625e-04
5	0	26	1	0	1.000000e+00	-9.765625e-04
5	0	27	1	0	1.000000e+00	-9.765625e-04
5	0	28	1	0	1.000000e+00	-9.765625e-04
5	0	29	1	0	1.000000e+00	-9.765625e-04
5	0	30	1	0	1.000000e+00	-9.765625e-04
5	0	31	1	0	1.000000e+00	-9.765625e-04
5	0	32	1	0	1.000000e+00	-9.765625e-04
5	0	33	1	0	1.000000e+00	-9.765625e-04
5	0	0	1	1	1.000000e+00	-9.765625e-04
5	0	1	1	1	1.000000e+00	-9.765625e-04
5	0	2	1	1	1.000000e+00	-9.765625e-04
5	0	3	1	1	1.000000e+00	-9.765625e-04
5	0	4	1	1	1.000000e+00	-9.765625e-04
5	0	5	1	1	1.000000e+00	-9.765625e-04
5	0	6	1	1	1.000000e+00	-9.765625e-04
5	0	7	1	1	1.000000e+00	-9.765625e-04
5	0	8	1	1	1.000000e+00	-9.765625e-04
5	0	9	1	1	1.000000e+00	-9.765625e-04
5	0	10	1	1	1.000000e+00	-9.765625e-04
5	0	11	1	1	1.000000e+00	-9.765625e-04
5	0	12	1	1	1.000000e+00	-9.765625e-04
5	0	13	1	1	1.000000e+00	-9.765625e-04
5	0	14	1	1	1.000000e+00	-9.765625e-04
5	0	15	1	1	1.000000e+00	-9.765625e-04
5	0	16	1	1	1.000000e+00	-9.765625e-04
5	0	17	1	1	1.000000e+00	-9.765625e-04
5	0	18	1	1	1.000000e+00	-9.765625e-04
5	0	19	1	1	1.000000e+00	-9.765625e-04
5	0	20	1	1	1.000000e+00	-9.765625e-04
5	0	21	1	1	1.000000e+00	-9.765625e-04
5	0	22	1	1	1.000000e+00	-9.765625e-04
5	0	23	1	1	1.000000e+00	-9.765625e-04
5	0	24	1	1	1.000000e+00	-9.765625e-04
5	0	25	1	1	1.000000e+00	-9.765625e-04
5	0	26	1	1	1.000000e+00	-9.765625e-04
5	0	27	1	1	1.000000e+00	-9.765625e-04
5	0	28	1	1	1.000000e+00	-9.765625e-04
5	0	29	1	1	1.000000e+00	-9.765625e-04
5	0	30	1	1	1.000000e+00	-9.765625e-04
5	0	31	1	1	1.000000e+00	-9.765625e-04
5	0	32	1	1	1.000000e+00	-9.765625e-04
5	0	33	1	1	1.000000e+00	-9.765625e-04
5	0	0	1	2	1.000000e+00	-9.765625e-04
5	0	1	1	2	1.000000e+00	-9.765625e-04
5	0	2	1	2	1.000000e+00	-9.765625e-04
5	0	3	1	2	1.000000e+00	-9.765625e-04
5	0	4	1	2	1.000000e+00	-9.765625e-04
5	0	5	1	2	1.000000e+00	-9.765625e-04
5	0	6	1	2	1.000000e+00	-9.765625e-04
5	0	7	1	2	1.000000e+00	-9.765625e-04
5	0	8	1	2	1.000000e+00	-9.765625e-04
5	0	9	1	2	1.000000e+00	-9.765625e-04
5	0	10	1	2	1.000000e+00	-9.765625e-04
5	0	11	1	2	1.000000e+00	-9.765625e-04
5	0	12	1	2	1.000000e+00	-9.765625e-04
5	0	13	1	2	1.000000e+00	-9.765625e-04
5	0	14	1	2	1.000000e+00	-9.765625e-04
5	0	15	1	2	1.000000e+00	-9.765625e-04
5	0	16	1	2	1.000000e+00	-9.765625e-04
5	0	17	1	2	1.000000e+00	-9.765625e-04
5	0	18	1	2	1.000000e+00	-9.765625e-04
5	0	19	1	2	1.000000e+00	-9.765625e-04
5	0	20	1	2	1.000000e+00	-9.765625e-04
5	0	21	1	2	1.000000e+00	-9.765625e-04
5	0	22	1	2	1.000000e+00	-9.765625e-04
5	0	23	1	2	1.000000e+00	-9.765625e-04
5	0	24	1	2	1.000000e+00	-9.765625e-04
5	0	25	1	2	1.000000e+00	-9.765625e-04
5	0	26	1	2	1.000000e+00	-9.765625e-04
5	0	27	1	2	1.000000e+00	-9.765625e-04
5	0	28	1	2	1.000000e+00	-9.765625e-04
5	0	29	1	2	1.000000e+00	-9.765625e-04
5	0	30	1	2	1.000000e+00	-9.765625e-04
5	0	31	1	2	1.000000e+00	-9.765625e-04
5	0	32	1	2	1.000000e+00	-9.765625e-04
5	0	33	1	2	1.000000e+00	-9.765625e-04
#KVC
6	0	0	0	0	122.05470643791824	9.405720e+00
6	0	1	0	0	98.00819166711123	9.293611e+00
6	0	2	0	0	101.22615624083852	9.794817e+00
6	0	3	0	0	115.81745743433697	8.935510e+00
6	0	4	0	0	113.37193265807878	9.405720e+00
6	0	5	0	0	127.42160804044113	9.293611e+00
6	0	6	0	0	101.93961840923141	9.794817e+00
6	0	7	0	0	121.90670245931582	8.935510e+00
6	0	0	0	1	141.45731981173148	8.864464e+00
6	0	1	0	1	114.58452123867595	1.002469e+01
6	0	2	0	1	144.48688671535075	9.032530e+00
6	0	3	0	1	89.56019534022346	8.566897e+00
6	0	4	0	1	98.3365164087605	8.864464e+00
6	0	5	0	1	120.5900427824008	1.002469e+01
6	0	6	0	1	103.9665238359181	9.032530e+00
6	0	7	0	1	114.38661824320756	8.566897e+00
6	0	0	0	2	102.40021280979832	9.281763e+00
6	0	1	0	2	106.66586226146248	9.597398e+00
6	0	2	0	2	112.48987696120753	9.604148e+00
6	0	3	0	2	95.1338606708143	9.156487e+00
6	0	4	0	2	90.17639000194372	9.281763e+00
6	0	5	0	2	106.76887480335488	9.597398e+00
6	0	6	0	2	111.39464331248926	9.604148e+00
6	0	7	0	2	113.66711229771136	9.156487e+00
6	0	0	0	3	110.68579166209527	9.215651e+00
6	0	1	0	3	135.36707403239953	9.984777e+00
6	0	2	0	3	112.04834526893627	9.305942e+00
6	0	3	0	3	101.76307942643106	9.693401e+00
6	0	4	0	3	101.15498809857687	9.215651e+00
6	0	5	0	3	121.69911007155127	9.984777e+00
6	0	6	0	3	87.8165205529763	9.305942e+00
6	0	7	0	3	125.93794898143223	9.693401e+00
6	0	0	0	4	183.60894482121768	9.192747e+00
6	0	1	0	4	173.3015369221727	9.755004e+00
6	0	2	0	4	173.35279605963817	9.437462e+00
6	0	3	0	4	150.32149750370928	9.100621e+00
6	0	4	0	4	214.83605875713218	9.192747e+00
6	0	5	0	4	133.2150689331901	9.755004e+00
6	0	6	0	4	101.59846535741056	9.437462e+00
6	0	7	0	4	265.64673794183415	9.100621e+00
6	0	0	1	4	693106.3207002437	-0.0009765625
6	0	1	1	4	695301.3929748621	-0.0009765625
6	0	2	1	4	698217.5870345864	-0.0009765625
6	0	3	1	4	698432.871574955	-0.0009765625
6	0	4	1	4	698165.7167743425	-0.0009765625
6	0	5	1	4	698262.2416707007	-0.0009765625
6	0	6	1	4	696687.2126506928	-0.0009765625
6	0	7	1	4	694975.6154734412	-0.0009765625
#T1
7	0	0	0	0	258.76048881586274	334.41860887051837
7	0	0	1	0	700993.6623553626	-0.0009765625
#CVC
8	0	0	0	0	0.000000e+00	1.000000e+00
8	0	1	0	0	0.000000e+00	1.000000e+00
8	0	2	0	0	0.000000e+00	1.000000e+00
8	0	3	0	0	0.000000e+00	1.000000e+00
8	0	4	0	0	0.000000e+00	1.000000e+00
8	0	5	0	0	0.000000e+00	1.000000e+00
8	0	6	0	0	0.000000e+00	1.000000e+00
8	0	7	0	0	0.000000e+00	1.000000e+00
8	0	0	0	1	0.000000e+00	1.000000e+00
8	0	1	0	1	0.000000e+00	1.000000e+00
8	0	2	0	1	0.000000e+00	1.000000e+00
8	0	3	0	1	0.000000e+00	1.000000e+00
8	0	4	0	1	0.000000e+00	1.000000e+00
8	0	5	0	1	0.000000e+00	1.000000e+00
8	0	6	0	1	0.000000e+00	1.000000e+00
8	0	7	0	1	0.000000e+00	1.000000e+00
8	0	0	1	0	1.000000e+00	-9.765625e-04
8	0	1	1	0	1.000000e+00	-9.765625e-04
8	0	2	1	0	1.000000e+00	-9.765625e-04
8	0	3	1	0	1.000000e+00	-9.765625e-04
8	0	4	1	0	1.000000e+00	-9.765625e-04
8	0	5	1	0	1.000000e+00	-9.765625e-04
8	0	6	1	0	1.000000e+00	-9.765625e-04
8	0	7	1	0	1.000000e+00	-9.765625e-04
8	0	0	1	1	1.000000e+00	-9.765625e-04
8	0	1	1	1	1.000000e+00	-9.765625e-04
8	0	2	1	1	1.000000e+00	-9.765625e-04
8	0	3	1	1	1.000000e+00	-9.765625e-04
8	0	4	1	1	1.000000e+00	-9.765625e-04
8	0	5	1	1	1.000000e+00	-9.765625e-04
8	0	6	1	1	1.000000e+00	-9.765625e-04
8	0	7	1	1	1.000000e+00	-9.765625e-04
#SAC3
9	0	0	0	0	0.000000e+00	1.000000e+00
9	0	0	1	0	1.000000e+00	-9.765625e-04
#SFV
10	0	0	1	0	1.000000e+00	-9.765625e-04
#COBO
11	0	0	1	0	1.575e+06	-9.765625e-04
11	0	1	1	0	1.575e+06	-9.765625e-04
11	0	2	1	0	1.575e+06	-9.765625e-04
11	0	3	1	0	1.575e+06	-9.765625e-04
11	0	4	1	0	1.575e+06	-9.765625e-04
11	0	5	1	0	1.575e+06	-9.765625e-04
11	0	6	1	0	1.575e+06	-9.765625e-04
11	0	7	1	0	1.575e+06	-9.765625e-04
#T2
12	0	0	0	0	0.000000e+00	1.000000e+00
12	0	0	1	0	1.000000e+00	-9.765625e-04
#SCH
13	0	0	0	0	0.000000e+00	1.000000e+00
13	0	1	0	0	0.000000e+00	1.000000e+00
13	0	2	0	0	0.000000e+00	1.000000e+00
13	0	3	0	0	0.000000e+00	1.000000e+00
13	0	4	0	0	0.000000e+00	1.000000e+00
13	0	5	0	0	0.000000e+00	1.000000e+00
13	0	6	0	0	0.000000e+00	1.000000e+00
13	0	7	0	0	0.000000e+00	1.000000e+00
13	0	8	0	0	0.000000e+00	1.000000e+00
13	0	9	0	0	0.000000e+00	1.000000e+00
13	0	10	0	0	0.000000e+00	1.000000e+00
13	0	11	0	0	0.000000e+00	1.000000e+00
13	0	12	0	0	0.000000e+00	1.000000e+00
13	0	13	0	0	0.000000e+00	1.000000e+00
13	0	14	0	0	0.000000e+00	1.000000e+00
13	0	15	0	0	0.000000e+00	1.000000e+00
13	0	16	0	0	0.000000e+00	1.000000e+00
13	0	17	0	0	0.000000e+00	1.000000e+00
13	0	18	0	0	0.000000e+00	1.000000e+00
13	0	19	0	0	0.000000e+00	1.000000e+00
13	0	20	0	0	0.000000e+00	1.000000e+00
13	0	21	0	0	0.000000e+00	1.000000e+00
13	0	22	0	0	0.000000e+00	1.000000e+00
13	0	23	0	0	0.000000e+00	1.000000e+00
13	0	24	0	0	0.000000e+00	1.000000e+00
13	0	25	0	0	0.000000e+00	1.000000e+00
13	0	26	0	0	0.000000e+00	1.000000e+00
13	0	27	0	0	0.000000e+00	1.000000e+00
13	0	28	0	0	0.000000e+00	1.000000e+00
13	0	29	0	0	0.000000e+00	1.000000e+00
13	0	30	0	0	0.000000e+00	1.000000e+00
13	0	31	0	0	0.000000e+00	1.000000e+00
13	0	32	0	0	0.000000e+00	1.000000e+00
13	0	33	0	0	0.000000e+00	1.000000e+00
13	0	34	0	0	0.000000e+00	1.000000e+00
13	0	35	0	0	0.000000e+00	1.000000e+00
13	0	36	0	0	0.000000e+00	1.000000e+00
13	0	37	0	0	0.000000e+00	1.000000e+00
13	0	38	0	0	0.000000e+00	1.000000e+00
13	0	39	0	0	0.000000e+00	1.000000e+00
13	0	40	0	0	0.000000e+00	1.000000e+00
13	0	41	0	0	0.000000e+00	1.000000e+00
13	0	42	0	0	0.000000e+00	1.000000e+00
13	0	43	0	0	0.000000e+00	1.000000e+00
13	0	44	0	0	0.000000e+00	1.000000e+00
13	0	45	0	0	0.000000e+00	1.000000e+00
13	0	46	0	0	0.000000e+00	1.000000e+00
13	0	47	0	0	0.000000e+00	1.000000e+00
13	0	48	0	0	0.000000e+00	1.000000e+00
13	0	49	0	0	0.000000e+00	1.000000e+00
13	0	50	0	0	0.000000e+00	1.000000e+00
13	0	51	0	0	0.000000e+00	1.000000e+00
13	0	52	0	0	0.000000e+00	1.000000e+00
13	0	53	0	0	0.000000e+00	1.000000e+00
13	0	54	0	0	0.000000e+00	1.000000e+00
13	0	55	0	0	0.000000e+00	1.000000e+00
13	0	56	0	0	0.000000e+00	1.000000e+00
13	0	57	0	0	0.000000e+00	1.000000e+00
13	0	58	0	0	0.000000e+00	1.000000e+00
13	0	59	0	0	0.000000e+00	1.000000e+00
13	0	60	0	0	0.000000e+00	1.000000e+00
13	0	61	0	0	0.000000e+00	1.000000e+00
13	0	62	0	0	0.000000e+00	1.000000e+00
13	0	63	0	0	0.000000e+00	1.000000e+00
13	0	0	1	0	1.000000e+00	-9.765625e-04
13	0	1	1	0	1.000000e+00	-9.765625e-04
13	0	2	1	0	1.000000e+00	-9.765625e-04
13	0	3	1	0	1.000000e+00	-9.765625e-04
13	0	4	1	0	1.000000e+00	-9.765625e-04
13	0	5	1	0	1.000000e+00	-9.765625e-04
13	0	6	1	0	1.000000e+00	-9.765625e-04
13	0	7	1	0	1.000000e+00	-9.765625e-04
13	0	8	1	0	1.000000e+00	-9.765625e-04
13	0	9	1	0	1.000000e+00	-9.765625e-04
13	0	10	1	0	1.000000e+00	-9.765625e-04
13	0	11	1	0	1.000000e+00	-9.765625e-04
13	0	12	1	0	1.000000e+00	-9.765625e-04
13	0	13	1	0	1.000000e+00	-9.765625e-04
13	0	14	1	0	1.000000e+00	-9.765625e-04
13	0	15	1	0	1.000000e+00	-9.765625e-04
13	0	16	1	0	1.000000e+00	-9.765625e-04
13	0	17	1	0	1.000000e+00	-9.765625e-04
13	0	18	1	0	1.000000e+00	-9.765625e-04
13	0	19	1	0	1.000000e+00	-9.765625e-04
13	0	20	1	0	1.000000e+00	-9.765625e-04
13	0	21	1	0	1.000000e+00	-9.765625e-04
13	0	22	1	0	1.000000e+00	-9.765625e-04
13	0	23	1	0	1.000000e+00	-9.765625e-04
13	0	24	1	0	1.000000e+00	-9.765625e-04
13	0	25	1	0	1.000000e+00	-9.765625e-04
13	0	26	1	0	1.000000e+00	-9.765625e-04
13	0	27	1	0	1.000000e+00	-9.765625e-04
13	0	28	1	0	1.000000e+00	-9.765625e-04
13	0	29	1	0	1.000000e+00	-9.765625e-04
13	0	30	1	0	1.000000e+00	-9.765625e-04
13	0	31	1	0	1.000000e+00	-9.765625e-04
13	0	32	1	0	1.000000e+00	-9.765625e-04
13	0	33	1	0	1.000000e+00	-9.765625e-04
13	0	34	1	0	1.000000e+00	-9.765625e-04
13	0	35	1	0	1.000000e+00	-9.765625e-04
13	0	36	1	0	1.000000e+00	-9.765625e-04
13	0	37	1	0	1.000000e+00	-9.765625e-04
13	0	38	1	0	1.000000e+00	-9.765625e-04
13	0	39	1	0	1.000000e+00	-9.765625e-04
13	0	40	1	0	1.000000e+00	-9.765625e-04
13	0	41	1	0	1.000000e+00	-9.765625e-04
13	0	42	1	0	1.000000e+00	-9.765625e-04
13	0	43	1	0	1.000000e+00	-9.765625e-04
13	0	44	1	0	1.000000e+00	-9.765625e-04
13	0	45	1	0	1.000000e+00	-9.765625e-04
13	0	46	1	0	1.000000e+00	-9.765625e-04
13	0	47	1	0	1.000000e+00	-9.765625e-04
13	0	48	1	0	1.000000e+00	-9.765625e-04
13	0	49	1	0	1.000000e+00	-9.765625e-04
13	0	50	1	0	1.000000e+00	-9.765625e-04
13	0	51	1	0	1.000000e+00	-9.765625e-04
13	0	52	1	0	1.000000e+00	-9.765625e-04
13	0	53	1	0	1.000000e+00	-9.765625e-04
13	0	54	1	0	1.000000e+00	-9.765625e-04
13	0	55	1	0	1.000000e+00	-9.765625e-04
13	0	56	1	0	1.000000e+00	-9.765625e-04
13	0	57	1	0	1.000000e+00	-9.765625e-04
13	0	58	1	0	1.000000e+00	-9.765625e-04
13	0	59	1	0	1.000000e+00	-9.765625e-04
13	0	60	1	0	1.000000e+00	-9.765625e-04
13	0	61	1	0	1.000000e+00	-9.765625e-04
13	0	62	1	0	1.000000e+00	-9.765625e-04
13	0	63	1	0	1.000000e+00	-9.765625e-04
#T3
14	0	0	1	0	1.000000e+00	-9.765625e-04
