#CId	PlId	SegId	AorT	UorD	p0	p1
#BHT
1	0	0	0	0	0.0	9.608279180307896
1	0	1	0	0	0.0	8.635113859101885
1	0	2	0	0	0.0	10.035451937863979
1	0	3	0	0	0.0	8.870981292653667
1	0	4	0	0	0.0	9.806283907951924
1	0	5	0	0	0.0	9.762900906847769
1	0	6	0	0	0.0	9.831807584111644
1	0	7	0	0	0.0	8.050682612601108
1	0	8	0	0	0.0	9.480341379737313
1	0	9	0	0	0.0	8.967602333415098
1	0	10	0	0	0.0	9.248030931188104
1	0	11	0	0	0.0	8.656990805527924
1	0	12	0	0	0.0	9.557068483004775
1	0	13	0	0	0.0	9.210735713575923
1	0	14	0	0	0.0	9.810194035417064
1	0	15	0	0	0.0	8.5983579854919
1	0	16	0	0	0.0	9.045463617259708
1	0	17	0	0	0.0	9.023018069419084
1	0	18	0	0	0.0	9.069667026954967
1	0	19	0	0	0.0	8.822930097408054
1	0	20	0	0	0.0	8.818444753300785
1	0	21	0	0	0.0	9.297992421618732
1	0	22	0	0	0.0	9.48479269256221
1	0	23	0	0	0.0	8.16146813392309
1	0	24	0	0	0.0	9.041124242480713
1	0	25	0	0	0.0	8.889674984589087
1	0	26	0	0	0.0	9.137769105626527
1	0	27	0	0	0.0	8.408405744494678
1	0	28	0	0	0.0	8.903705726630507
1	0	29	0	0	0.0	9.058791071240417
1	0	30	0	0	0.0	8.868220344242115
1	0	31	0	0	0.0	9.031414360477557
1	0	32	0	0	0.0	9.33882594061141
1	0	33	0	0	0.0	8.76606723956944
1	0	34	0	0	0.0	8.934772428963425
1	0	35	0	0	0.0	8.387087279098465
1	0	36	0	0	0.0	9.002039675400408
1	0	37	0	0	0.0	9.258084949733748
1	0	38	0	0	0.0	8.630831167222816
1	0	39	0	0	0.0	8.30142865281164
1	0	40	0	0	0.0	9.007700838203947
1	0	41	0	0	0.0	8.312621361688004
1	0	42	0	0	0.0	9.171460770015349
1	0	43	0	0	0.0	9.214711396038549
1	0	44	0	0	0.0	9.075921462804846
1	0	45	0	0	0.0	9.264658018393948
1	0	46	0	0	0.0	8.943813329313135
1	0	47	0	0	0.0	8.628297199662176
1	0	48	0	0	0.0	9.273883652435286
1	0	49	0	0	0.0	8.744569131227923
1	0	50	0	0	0.0	8.719327016458099
1	0	51	0	0	0.0	8.107680472942478
1	0	52	0	0	0.0	9.217594985055706
1	0	53	0	0	0.0	8.769275677949908
1	0	54	0	0	0.0	9.311565898028217
1	0	55	0	0	0.0	8.2916809762995
1	0	56	0	0	0.0	9.211819893353542
1	0	57	0	0	0.0	8.787328177391089
1	0	58	0	0	0.0	8.896115057621385
1	0	59	0	0	0.0	8.120577670404844
1	0	60	0	0	0.0	9.150133687514005
1	0	61	0	0	0.0	8.975284301313266
1	0	62	0	0	0.0	9.79290087280634
1	0	0	0	1	0.0	9.974353401372538
1	0	1	0	1	0.0	10.091145928152994
1	0	2	0	1	0.0	10.27636327758012
1	0	3	0	1	0.0	10.192147880009811
1	0	4	0	1	0.0	9.717779062985274
1	0	5	0	1	0.0	9.444258926013152
1	0	6	0	1	0.0	9.70963523693469
1	0	7	0	1	0.0	9.308325826353752
1	0	8	0	1	0.0	9.645275031475851
1	0	9	0	1	0.0	9.368349542796063
1	0	10	0	1	0.0	9.711258335752724
1	0	11	0	1	0.0	9.344241274033202
1	0	12	0	1	0.0	9.721366015888526
1	0	13	0	1	0.0	9.176682468764348
1	0	14	0	1	0.0	8.66501588065169
1	0	15	0	1	0.0	9.330501031418432
1	0	16	0	1	0.0	9.445179073294401
1	0	17	0	1	0.0	9.457222975010618
1	0	18	0	1	0.0	9.718653666848954
1	0	19	0	1	0.0	9.52851963951945
1	0	20	0	1	0.0	9.478299727236747
1	0	21	0	1	0.0	9.366520576193594
1	0	22	0	1	0.0	8.914050154539888
1	0	23	0	1	0.0	8.984702317481581
1	0	24	0	1	0.0	9.093528284601163
1	0	25	0	1	0.0	9.195406349032535
1	0	26	0	1	0.0	8.729863003257611
1	0	27	0	1	0.0	9.57494523120176
1	0	28	0	1	0.0	9.420115006082883
1	0	29	0	1	0.0	9.726220780966173
1	0	30	0	1	0.0	9.691508044132867
1	0	31	0	1	0.0	8.955004939908822
1	0	32	0	1	0.0	8.90987411788461
1	0	33	0	1	0.0	9.356574282288525
1	0	34	0	1	0.0	9.385030936362302
1	0	35	0	1	0.0	8.972065924597748
1	0	36	0	1	0.0	9.7101512396252
1	0	37	0	1	0.0	8.641281896872732
1	0	38	0	1	0.0	9.30087344427571
1	0	39	0	1	0.0	9.430122541915903
1	0	40	0	1	0.0	9.323405587753205
1	0	41	0	1	0.0	8.90386773886298
1	0	42	0	1	0.0	9.564573672535111
1	0	43	0	1	0.0	8.67772090612427
1	0	44	0	1	0.0	9.275474261544048
1	0	45	0	1	0.0	8.645759250980731
1	0	46	0	1	0.0	9.272866015739298
1	0	47	0	1	0.0	9.719566487970141
1	0	48	0	1	0.0	9.903488875096809
1	0	49	0	1	0.0	9.76873092206449
1	0	50	0	1	0.0	9.578239831269622
1	0	51	0	1	0.0	9.288475225730542
1	0	52	0	1	0.0	8.880500608372685
1	0	53	0	1	0.0	9.244431058524944
1	0	54	0	1	0.0	9.424824772504744
1	0	55	0	1	0.0	9.561342674679622
1	0	56	0	1	0.0	9.044968652901076
1	0	57	0	1	0.0	9.714579202578397
1	0	58	0	1	0.0	9.463286632268616
1	0	59	0	1	0.0	9.808844227610022
1	0	60	0	1	0.0	9.446941733962873
1	0	61	0	1	0.0	9.743296034720284
1	0	62	0	1	0.0	9.498793425313979
1	0	0	1	0	1414572.4	-0.0009765625
1	0	1	1	0	1414492.105263158	-0.0009765625
1	0	2	1	0	1415284.5454545454	-0.0009765625
1	0	3	1	0	1414033.4567901234	-0.0009765625
1	0	4	1	0	1414809.2592592593	-0.0009765625
1	0	5	1	0	1414674.4444444445	-0.0009765625
1	0	6	1	0	1414494.1666666667	-0.0009765625
1	0	7	1	0	1414560.956521739	-0.0009765625
1	0	8	1	0	1414034.0625	-0.0009765625
1	0	9	1	0	1414877.4242424243	-0.0009765625
1	0	10	1	0	1414833.8167938932	-0.0009765625
1	0	11	1	0	1415353.0065359478	-0.0009765625
1	0	12	1	0	1414714.8677248678	-0.0009765625
1	0	13	1	0	1415305.5274261604	-0.0009765625
1	0	14	1	0	1414708.6145878434	-0.0009765625
1	0	15	1	0	1415643.849124707	-0.0009765625
1	0	16	1	0	1415232.7203512785	-0.0009765625
1	0	17	1	0	1416429.8718094705	-0.0009765625
1	0	18	1	0	1415799.4168189308	-0.0009765625
1	0	19	1	0	1416324.5773332214	-0.0009765625
1	0	20	1	0	1416552.136865534	-0.0009765625
1	0	21	1	0	1416810.4388838247	-0.0009765625
1	0	22	1	0	1417013.9790726071	-0.0009765625
1	0	23	1	0	1416313.2829367404	-0.0009765625
1	0	24	1	0	1416305.1969572173	-0.0009765625
1	0	25	1	0	1416767.6334989062	-0.0009765625
1	0	26	1	0	1416798.5679593408	-0.0009765625
1	0	27	1	0	1416219.0185179275	-0.0009765625
1	0	28	1	0	1416531.8306613201	-0.0009765625
1	0	29	1	0	1416565.2796861061	-0.0009765625
1	0	30	1	0	1416758.6961521597	-0.0009765625
1	0	31	1	0	1415214.972722854	-0.0009765625
1	0	32	1	0	1415505.073542331	-0.0009765625
1	0	33	1	0	1415255.5127845076	-0.0009765625
1	0	34	1	0	1415827.9157828537	-0.0009765625
1	0	35	1	0	1416070.3351494833	-0.0009765625
1	0	36	1	0	1415798.069193401	-0.0009765625
1	0	37	1	0	1416482.1054766036	-0.0009765625
1	0	38	1	0	1415695.5809260046	-0.0009765625
1	0	39	1	0	1416171.1931529553	-0.0009765625
1	0	40	1	0	1415397.964727939	-0.0009765625
1	0	41	1	0	1416101.4123655993	-0.0009765625
1	0	42	1	0	1415773.1190033501	-0.0009765625
1	0	43	1	0	1416516.2336948602	-0.0009765625
1	0	44	1	0	1415572.9769233922	-0.0009765625
1	0	45	1	0	1416589.1695993168	-0.0009765625
1	0	46	1	0	1415540.6550061323	-0.0009765625
1	0	47	1	0	1416035.3546316917	-0.0009765625
1	0	48	1	0	1415439.4159755197	-0.0009765625
1	0	49	1	0	1416309.2799591115	-0.0009765625
1	0	50	1	0	1415637.8222202433	-0.0009765625
1	0	51	1	0	1416101.5467943756	-0.0009765625
1	0	52	1	0	1416199.414188405	-0.0009765625
1	0	53	1	0	1416530.4697924275	-0.0009765625
1	0	54	1	0	1416061.0080350977	-0.0009765625
1	0	55	1	0	1416351.1795964432	-0.0009765625
1	0	56	1	0	1415881.3930625438	-0.0009765625
1	0	57	1	0	1416594.4243469413	-0.0009765625
1	0	58	1	0	1416309.0395072675	-0.0009765625
1	0	59	1	0	1416420.3170211276	-0.0009765625
1	0	60	1	0	1416001.7734921162	-0.0009765625
1	0	61	1	0	1416755.6042247612	-0.0009765625
1	0	62	1	0	1416373.0558730736	-0.0009765625
1	0	0	1	1	1416606.2666666666	-0.0009765625
1	0	1	1	1	1417609.024390244	-0.0009765625
1	0	2	1	1	1416288.2051282052	-0.0009765625
1	0	3	1	1	1416668.3333333333	-0.0009765625
1	0	4	1	1	1416780.3614457832	-0.0009765625
1	0	5	1	1	1417042.608695652	-0.0009765625
1	0	6	1	1	1415742.857142857	-0.0009765625
1	0	7	1	1	1416569.5041322315	-0.0009765625
1	0	8	1	1	1416531.6541353383	-0.0009765625
1	0	9	1	1	1417333.6090225563	-0.0009765625
1	0	10	1	1	1416843.3834586467	-0.0009765625
1	0	11	1	1	1417271.1612903227	-0.0009765625
1	0	12	1	1	1416725.7512953368	-0.0009765625
1	0	13	1	1	1416962.226720648	-0.0009765625
1	0	14	1	1	1415809.0880651877	-0.0009765625
1	0	15	1	1	1417269.951650468	-0.0009765625
1	0	16	1	1	1416904.4082449998	-0.0009765625
1	0	17	1	1	1418068.0478954113	-0.0009765625
1	0	18	1	1	1416763.0449272273	-0.0009765625
1	0	19	1	1	1417653.7419032995	-0.0009765625
1	0	20	1	1	1416915.1207085114	-0.0009765625
1	0	21	1	1	1417756.749044214	-0.0009765625
1	0	22	1	1	1416320.0289208614	-0.0009765625
1	0	23	1	1	1417187.2467747866	-0.0009765625
1	0	24	1	1	1416973.04468794	-0.0009765625
1	0	25	1	1	1417639.6266199383	-0.0009765625
1	0	26	1	1	1416256.9971782556	-0.0009765625
1	0	27	1	1	1417079.007807623	-0.0009765625
1	0	28	1	1	1416663.4084917528	-0.0009765625
1	0	29	1	1	1416329.888766909	-0.0009765625
1	0	30	1	1	1416039.690897705	-0.0009765625
1	0	31	1	1	1415539.5046970067	-0.0009765625
1	0	32	1	1	1417108.1367613187	-0.0009765625
1	0	33	1	1	1417179.7288761835	-0.0009765625
1	0	34	1	1	1416895.7039696635	-0.0009765625
1	0	35	1	1	1416686.298715303	-0.0009765625
1	0	36	1	1	1417077.5537844358	-0.0009765625
1	0	37	1	1	1416789.5280416808	-0.0009765625
1	0	38	1	1	1416484.9545542076	-0.0009765625
1	0	39	1	1	1416698.587780121	-0.0009765625
1	0	40	1	1	1416955.2921070412	-0.0009765625
1	0	41	1	1	1416844.9931954672	-0.0009765625
1	0	42	1	1	1416448.3282973967	-0.0009765625
1	0	43	1	1	1415950.5956489705	-0.0009765625
1	0	44	1	1	1415627.830284226	-0.0009765625
1	0	45	1	1	1416011.7806870833	-0.0009765625
1	0	46	1	1	1415037.2665886595	-0.0009765625
1	0	47	1	1	1415822.0841056672	-0.0009765625
1	0	48	1	1	1415197.3003242402	-0.0009765625
1	0	49	1	1	1416014.4169296152	-0.0009765625
1	0	50	1	1	1414780.7987134792	-0.0009765625
1	0	51	1	1	1415391.0621417363	-0.0009765625
1	0	52	1	1	1414885.5514913711	-0.0009765625
1	0	53	1	1	1415669.735732729	-0.0009765625
1	0	54	1	1	1414326.8418303651	-0.0009765625
1	0	55	1	1	1415237.2679666453	-0.0009765625
1	0	56	1	1	1415238.7085260272	-0.0009765625
1	0	57	1	1	1415866.3721264857	-0.0009765625
1	0	58	1	1	1415037.002167855	-0.0009765625
1	0	59	1	1	1415244.755421291	-0.0009765625
1	0	60	1	1	1415715.3874429315	-0.0009765625
1	0	61	1	1	1415688.4498764768	-0.0009765625
1	0	62	1	1	1415415.5340774984	-0.0009765625
#BH2
3	0	0	0	0	116.42398700280094	205.36486486486487
3	0	1	0	0	143.57716777586015	265.979674796748
3	0	2	0	0	99.90119307579059	250.14467005076142
3	0	3	0	0	132.87184922988232	283.2809099710175
3	0	4	0	0	123.63824545008593	240.757398965664
3	0	5	0	0	126.30008894420345	263.19020171094064
3	0	6	0	0	126.61815075738059	206.79951236392876
3	0	7	0	0	120.49297996973115	280.2228722564523
3	0	8	0	0	112.18370877100527	248.30962251944385
3	0	9	0	0	107.97405230180698	245.8028958623775
3	0	10	0	0	138.26107714808106	288.273851590106
3	0	11	0	0	113.20697089522984	242.71459227467813
3	0	12	0	0	109.08106537797975	267.4222222222222
3	0	13	0	0	92.65004674772639	246.41596638655463
3	0	14	0	0	140.16021218608205	273.5769230769231
3	0	0	0	1	122.58212178586689	285.40410958904107
3	0	1	0	1	105.62491763551095	255.46296296296296
3	0	2	0	1	116.1818703190653	259.793023255814
3	0	3	0	1	88.75178957038278	237.50654937522816
3	0	4	0	1	124.21024338294569	263.92416519861456
3	0	5	0	1	104.03455694354298	232.86716168130405
3	0	6	0	1	102.83578931196394	229.6849283378349
3	0	7	0	1	107.0067781921966	243.5304613119953
3	0	8	0	1	120.73697130146601	234.6524501518537
3	0	9	0	1	104.42605322284672	225.55640454827116
3	0	10	0	1	115.76430332648502	247.3817891373802
3	0	11	0	1	113.69508063625068	246.2289719626168
3	0	12	0	1	111.97745249057579	257.87704918032784
3	0	13	0	1	106.06887851671893	264.37786259541986
3	0	14	0	1	112.4119678623184	268.68
3	0	0	1	0	723077.1052631579	-0.0009765625
3	0	1	1	0	722498.3018867924	-0.0009765625
3	0	2	1	0	723528.8372093023	-0.0009765625
3	0	3	1	0	723642.4597754093	-0.0009765625
3	0	4	1	0	724414.7908784401	-0.0009765625
3	0	5	1	0	724900.3249813204	-0.0009765625
3	0	6	1	0	723765.7808909111	-0.0009765625
3	0	7	1	0	723751.8865585572	-0.0009765625
3	0	8	1	0	724648.9409934083	-0.0009765625
3	0	9	1	0	724445.8903367501	-0.0009765625
3	0	10	1	0	723780.839383597	-0.0009765625
3	0	11	1	0	723133.4	-0.0009765625
3	0	12	1	0	723078.4905660377	-0.0009765625
3	0	13	1	0	722453.8805970149	-0.0009765625
3	0	14	1	0	722616.2711864407	-0.0009765625
3	0	0	1	1	725831.25	-0.0009765625
3	0	1	1	1	725331.7592592592	-0.0009765625
3	0	2	1	1	727095.4545454546	-0.0009765625
3	0	3	1	1	726893.3740880653	-0.0009765625
3	0	4	1	1	726587.8145876518	-0.0009765625
3	0	5	1	1	727170.5331242917	-0.0009765625
3	0	6	1	1	727117.7329228346	-0.0009765625
3	0	7	1	1	727313.1669184788	-0.0009765625
3	0	8	1	1	727969.8112648046	-0.0009765625
3	0	9	1	1	727496.6335989486	-0.0009765625
3	0	10	1	1	727604.9430673555	-0.0009765625
3	0	11	1	1	725911.4285714285	-0.0009765625
3	0	12	1	1	726045.5188679246	-0.0009765625
3	0	13	1	1	725433.0291970803	-0.0009765625
3	0	14	1	1	725805.0847457628	-0.0009765625
3	0	0	1	2	-0.34183673469387676	1.0
3	0	1	1	2	-0.7520831742107533	1.0
3	0	2	1	2	-0.053532087914783325	1.0
3	0	3	1	2	0.3848517159882305	1.0
3	0	4	1	2	-0.4104256686192706	1.0
3	0	5	1	2	0.5915783222633872	1.0
3	0	6	1	2	-0.38045744389791897	1.0
3	0	7	1	2	0.32183096074534784	1.0
3	0	8	1	2	-0.24026564396100367	1.0
3	0	9	1	2	-0.1253960614596345	1.0
3	0	10	1	2	-0.521294174225538	1.0
3	0	11	1	2	-0.7732965107514934	1.0
3	0	12	1	2	-0.9631278970859201	1.0
3	0	13	1	2	-0.7115384615384607	1.0
3	0	14	1	2	-0.6420370370370364	1.0
#BAC
4	0	0	0	0	119.68968911872226	11.208
4	0	1	0	0	89.93863152533503	10.463
4	0	2	0	0	85.9946977532792	9.015
4	0	3	0	0	75.06364173269375	10.424
4	0	4	0	0	352.00020999333907	10.278
4	0	0	1	0	1.000000e+00	-9.765625e-04
4	0	1	1	0	1.000000e+00	-9.765625e-04
4	0	2	1	0	1.000000e+00	-9.765625e-04
4	0	3	1	0	1.000000e+00	-9.765625e-04
4	0	4	1	0	711165.3960053918	-0.0009765625
#HTOF
5	0	0	0	0	136.65823740540313	365.50767056049364
5	0	1	0	0	135.82557835581073	357.779268052859
5	0	2	0	0	266.23428034049607	391.21948332858693
5	0	3	0	0	124.18211468441345	344.788526381018
5	0	4	0	0	240.7077761586091	358.14593395572336
5	0	5	0	0	157.0894835614381	239.53239670690616
5	0	6	0	0	133.67061043346374	261.3650560070458
5	0	7	0	0	131.51766174324942	305.88452843407805
5	0	8	0	0	135.25200459392573	406.7609252396373
5	0	9	0	0	143.02070898651087	548.475568950632
5	0	10	0	0	156.56540608902029	495.8455629276073
5	0	11	0	0	157.7654071371332	303.29810342430017
5	0	12	0	0	133.88535731469275	332.02671111301237
5	0	13	0	0	161.48681288833964	301.34541910806456
5	0	14	0	0	124.89323439849873	289.5407358668062
5	0	15	0	0	120.95082119469582	230.4215292781025
5	0	16	0	0	132.08739587246018	324.4807958682813
5	0	17	0	0	145.3008547029608	257.3402838030759
5	0	18	0	0	144.5479907777134	236.9712078853703
5	0	19	0	0	122.19436245304371	299.0579435310197
5	0	20	0	0	75.18789333034739	269.2227037472132
5	0	21	0	0	117.72740631546817	445.98660273587734
5	0	22	0	0	144.14425116084243	278.75377443051946
5	0	23	0	0	127.0001823486045	217.87884388013165
5	0	24	0	0	143.62443508175107	218.68842433514618
5	0	25	0	0	126.14397570924692	235.99216614544642
5	0	26	0	0	137.10015629149734	282.8432076211212
5	0	27	0	0	134.6010481786866	303.60352908119273
5	0	28	0	0	137.71389940897785	266.77086961711404
5	0	29	0	0	142.83256017341927	299.20192447790936
5	0	30	0	0	127.79834752549108	607.8197046083266
5	0	31	0	0	130.0098695600971	486.4346867868882
5	0	32	0	0	127.9568079836916	467.01076708943367
5	0	33	0	0	125.63320769140252	509.8531652035746
5	0	0	0	1	179.94538034093864	422.1988263763587
5	0	1	0	1	167.7187013089189	273.94250313008155
5	0	2	0	1	202.31531440375045	287.34231370693857
5	0	3	0	1	153.04624943507	247.39371224290167
5	0	4	0	1	181.64771144717656	472.6355430156691
5	0	5	0	1	158.53687164983788	314.8964389122577
5	0	6	0	1	182.41799721190182	344.0079485013193
5	0	7	0	1	148.7758684297408	608.553042588823
5	0	8	0	1	213.5276952668194	404.39871347775136
5	0	9	0	1	148.24945724909162	503.9603477568199
5	0	10	0	1	114.95974624250393	620.9585257111395
5	0	11	0	1	167.75312621980535	287.29324197762236
5	0	12	0	1	164.42987845703615	430.2622525334054
5	0	13	0	1	147.77435223697847	284.1593812803306
5	0	14	0	1	153.58885334391147	261.20401252160775
5	0	15	0	1	179.408040069128	287.4080778853102
5	0	16	0	1	153.77731192264915	369.63679655086906
5	0	17	0	1	182.0350028050836	291.85918761168347
5	0	18	0	1	153.62678700059863	251.8868126825066
5	0	19	0	1	147.4635686313337	310.28984002499413
5	0	20	0	1	152.2663178949716	326.05900959993096
5	0	21	0	1	150.84947352338153	456.2796825379554
5	0	22	0	1	174.37624294613042	379.13046650078365
5	0	23	0	1	167.6412037144609	295.10958741020096
5	0	24	0	1	164.05844996427277	264.51117623302133
5	0	25	0	1	145.502587454679	289.37697566648905
5	0	26	0	1	145.86877186893582	278.0749880757394
5	0	27	0	1	161.29399049943066	285.3808398887259
5	0	28	0	1	150.91960550608945	255.33046830989187
5	0	29	0	1	176.44964048406084	307.5896654312256
5	0	30	0	1	152.28992636676756	574.3503378911755
5	0	31	0	1	144.29487084819007	278.8334215584025
5	0	32	0	1	172.36068742454555	293.3451362970737
5	0	33	0	1	162.72848058829646	472.69806068677883
5	0	0	0	2	424.5272684666508	940.9799585787056
5	0	1	0	2	394.0789041031751	706.9962428662452
5	0	2	0	2	549.430023478222	730.677867054447
5	0	3	0	2	407.8851427861597	698.8366042303537
5	0	4	0	2	570.3985110650167	916.6745251793777
5	0	5	0	2	417.3497204695651	664.1637620851371
5	0	6	0	2	470.5222346290131	868.1566394951777
5	0	7	0	2	386.09132551366713	806.3590489582074
5	0	8	0	2	583.3814220996132	1379.6592829026986
5	0	9	0	2	463.4342576479249	1482.0932873262313
5	0	10	0	2	440.48514489438674	1403.8755920924132
5	0	11	0	2	468.7507436758208	711.0840557215696
5	0	12	0	2	430.39230212987826	958.0142119375612
5	0	13	0	2	408.89995360076364	713.7240948133264
5	0	14	0	2	414.7627595769938	789.4479357721664
5	0	15	0	2	472.49698739830075	694.3568513010325
5	0	16	0	2	463.7263578941198	881.4506970967586
5	0	17	0	2	378.84763925341935	601.8150943987303
5	0	18	0	2	330.41331965753153	532.5059098742429
5	0	19	0	2	377.3875304473666	711.8586208485166
5	0	20	0	2	305.5394478768165	781.973728261191
5	0	21	0	2	243.0829361347926	922.2948490576974
5	0	22	0	2	493.81852286422355	828.4251080436885
5	0	23	0	2	427.73456871521114	709.374779564684
5	0	24	0	2	425.8098081876072	610.1369455185225
5	0	25	0	2	485.49450781619805	844.295836259342
5	0	26	0	2	329.5195697501373	637.2406336875408
5	0	27	0	2	414.1038326067206	715.1002648968043
5	0	28	0	2	476.17550977968415	737.6789912541786
5	0	29	0	2	457.08634550563613	759.6134939832148
5	0	30	0	2	412.44209964822454	1552.0128133996623
5	0	31	0	2	540.7645930306179	1074.169193598576
5	0	32	0	2	573.920343991268	1078.6188916339852
5	0	33	0	2	573.7487618598008	1353.1306049411303
5	0	0	1	0	713463.6370123775	-0.0009765625
5	0	1	1	0	714599.4685748103	-0.0009765625
5	0	2	1	0	715894.4792983297	-0.0009765625
5	0	3	1	0	715037.1796172074	-0.0009765625
5	0	4	1	0	716528.8284704	-0.0009765625
5	0	5	1	0	712500.0257910588	-0.0009765625
5	0	6	1	0	714424.1275033342	-0.0009765625
5	0	7	1	0	710991.1359605084	-0.0009765625
5	0	8	1	0	712927.4425518963	-0.0009765625
5	0	9	1	0	712683.6168372984	-0.0009765625
5	0	10	1	0	711584.9690868439	-0.0009765625
5	0	11	1	0	710772.6945365034	-0.0009765625
5	0	12	1	0	710534.2811122584	-0.0009765625
5	0	13	1	0	710099.2545965582	-0.0009765625
5	0	14	1	0	709450.3370267097	-0.0009765625
5	0	15	1	0	709319.6641286018	-0.0009765625
5	0	16	1	0	711174.7198486278	-0.0009765625
5	0	17	1	0	711570.1039312296	-0.0009765625
5	0	18	1	0	711154.5772371909	-0.0009765625
5	0	19	1	0	710250.7894079606	-0.0009765625
5	0	20	1	0	711133.294619822	-0.0009765625
5	0	21	1	0	712067.1827587992	-0.0009765625
5	0	22	1	0	711313.5299618643	-0.0009765625
5	0	23	1	0	710873.6169703712	-0.0009765625
5	0	24	1	0	712806.5438409961	-0.0009765625
5	0	25	1	0	712606.9428102307	-0.0009765625
5	0	26	1	0	712416.785772494	-0.0009765625
5	0	27	1	0	711242.4805432041	-0.0009765625
5	0	28	1	0	711457.5697648131	-0.0009765625
5	0	29	1	0	710884.3725235828	-0.0009765625
5	0	30	1	0	711916.1628930224	-0.0009765625
5	0	31	1	0	712294.1058124348	-0.0009765625
5	0	32	1	0	714169.3942831607	-0.0009765625
5	0	33	1	0	715061.0483182153	-0.0009765625
5	0	0	1	1	715207.8164915786	-0.0009765625
5	0	1	1	1	716142.9431035182	-0.0009765625
5	0	2	1	1	714747.2398305042	-0.0009765625
5	0	3	1	1	717301.9199056014	-0.0009765625
5	0	4	1	1	714969.3778464925	-0.0009765625
5	0	5	1	1	713269.4980989472	-0.0009765625
5	0	6	1	1	715101.7543934728	-0.0009765625
5	0	7	1	1	714101.0238419061	-0.0009765625
5	0	8	1	1	713720.6638700283	-0.0009765625
5	0	9	1	1	712985.5348381634	-0.0009765625
5	0	10	1	1	712130.6150556722	-0.0009765625
5	0	11	1	1	711007.0968193128	-0.0009765625
5	0	12	1	1	710665.0164988673	-0.0009765625
5	0	13	1	1	710791.9834699937	-0.0009765625
5	0	14	1	1	710556.9768963403	-0.0009765625
5	0	15	1	1	710488.3713434931	-0.0009765625
5	0	16	1	1	710734.7681704472	-0.0009765625
5	0	17	1	1	710276.908510873	-0.0009765625
5	0	18	1	1	709645.1075593816	-0.0009765625
5	0	19	1	1	709479.3202433669	-0.0009765625
5	0	20	1	1	710503.5314637697	-0.0009765625
5	0	21	1	1	711281.970620155	-0.0009765625
5	0	22	1	1	711924.7233994474	-0.0009765625
5	0	23	1	1	710676.6917972199	-0.0009765625
5	0	24	1	1	711332.1372493439	-0.0009765625
5	0	25	1	1	710753.9826735661	-0.0009765625
5	0	26	1	1	710211.3356778338	-0.0009765625
5	0	27	1	1	709229.5740268875	-0.0009765625
5	0	28	1	1	710131.1934473029	-0.0009765625
5	0	29	1	1	710235.3735029018	-0.0009765625
5	0	30	1	1	712360.6282877753	-0.0009765625
5	0	31	1	1	712634.419518618	-0.0009765625
5	0	32	1	1	713057.124138574	-0.0009765625
5	0	33	1	1	713530.028029116	-0.0009765625
5	0	0	1	2	701609.1256467629	-0.0009765625
5	0	1	1	2	684010.319458229	-0.0009765625
5	0	2	1	2	693629.4202797657	-0.0009765625
5	0	3	1	2	684883.2715951211	-0.0009765625
5	0	4	1	2	674572.4991762404	-0.0009765625
5	0	5	1	2	702364.6769420733	-0.0009765625
5	0	6	1	2	702489.1562834048	-0.0009765625
5	0	7	1	2	700998.4557999446	-0.0009765625
5	0	8	1	2	700658.0263518068	-0.0009765625
5	0	9	1	2	700139.5308501532	-0.0009765625
5	0	10	1	2	699419.1948726646	-0.0009765625
5	0	11	1	2	699293.1499995056	-0.0009765625
5	0	12	1	2	700052.1715327194	-0.0009765625
5	0	13	1	2	699727.3870745826	-0.0009765625
5	0	14	1	2	699226.7349951409	-0.0009765625
5	0	15	1	2	697771.1272414591	-0.0009765625
5	0	16	1	2	698103.1398512287	-0.0009765625
5	0	17	1	2	698020.553084211	-0.0009765625
5	0	18	1	2	698072.8778129638	-0.0009765625
5	0	19	1	2	698709.4224642608	-0.0009765625
5	0	20	1	2	699582.6768822994	-0.0009765625
5	0	21	1	2	699973.8273022729	-0.0009765625
5	0	22	1	2	699519.4979169215	-0.0009765625
5	0	23	1	2	699300.5729138695	-0.0009765625
5	0	24	1	2	700223.371721397	-0.0009765625
5	0	25	1	2	699869.5431074491	-0.0009765625
5	0	26	1	2	699919.281032547	-0.0009765625
5	0	27	1	2	698888.4713599121	-0.0009765625
5	0	28	1	2	700608.5358030818	-0.0009765625
5	0	29	1	2	700419.0851951679	-0.0009765625
5	0	30	1	2	701295.2623181208	-0.0009765625
5	0	31	1	2	701482.5317618342	-0.0009765625
5	0	32	1	2	702261.7471514869	-0.0009765625
5	0	33	1	2	701726.8511785689	-0.0009765625
#KVC
6	0	0	0	0	123.04936917800538	9.405720e+00
6	0	1	0	0	98.03335952083327	9.293611e+00
6	0	2	0	0	101.12322222494109	9.794817e+00
6	0	3	0	0	115.55631590069666	8.935510e+00
6	0	4	0	0	113.42148631963445	9.405720e+00
6	0	5	0	0	127.30445135605476	9.293611e+00
6	0	6	0	0	102.32026843646763	9.794817e+00
6	0	7	0	0	122.27863570490389	8.935510e+00
6	0	0	0	1	141.94317389056596	8.864464e+00
6	0	1	0	1	114.76059558642618	1.002469e+01
6	0	2	0	1	144.16943122539436	9.032530e+00
6	0	3	0	1	89.47143337796025	8.566897e+00
6	0	4	0	1	97.82123066400145	8.864464e+00
6	0	5	0	1	120.4906526872261	1.002469e+01
6	0	6	0	1	104.30444466746007	9.032530e+00
6	0	7	0	1	114.34018514617202	8.566897e+00
6	0	0	0	2	102.60073691039389	9.281763e+00
6	0	1	0	2	107.19780298311538	9.597398e+00
6	0	2	0	2	112.20453443867774	9.604148e+00
6	0	3	0	2	95.12009776158557	9.156487e+00
6	0	4	0	2	90.472484100084	9.281763e+00
6	0	5	0	2	106.8313771991033	9.597398e+00
6	0	6	0	2	111.61772818741973	9.604148e+00
6	0	7	0	2	113.69183949463167	9.156487e+00
6	0	0	0	3	110.88343224849461	9.215651e+00
6	0	1	0	3	135.23373176890988	9.984777e+00
6	0	2	0	3	112.07985682763015	9.305942e+00
6	0	3	0	3	101.40478009791478	9.693401e+00
6	0	4	0	3	101.2128691150162	9.215651e+00
6	0	5	0	3	121.6826214749862	9.984777e+00
6	0	6	0	3	87.90969594676511	9.305942e+00
6	0	7	0	3	126.21668771412615	9.693401e+00
6	0	0	0	4	192.89380432455155	9.192747e+00
6	0	1	0	4	181.53785708995082	9.755004e+00
6	0	2	0	4	172.15204664610064	9.437462e+00
6	0	3	0	4	171.67785041484257	9.100621e+00
6	0	4	0	4	211.36638631095798	9.192747e+00
6	0	5	0	4	129.50484627518986	9.755004e+00
6	0	6	0	4	105.32995526462435	9.437462e+00
6	0	7	0	4	264.86772592462006	9.100621e+00
6	0	0	1	4	693072.5940346759	-0.0009765625
6	0	1	1	4	694341.9537226018	-0.0009765625
6	0	2	1	4	697901.8514772988	-0.0009765625
6	0	3	1	4	698272.1857232029	-0.0009765625
6	0	4	1	4	698021.6352207811	-0.0009765625
6	0	5	1	4	698134.9885490392	-0.0009765625
6	0	6	1	4	696600.9515129237	-0.0009765625
6	0	7	1	4	694166.1227749047	-0.0009765625
#T1
7	0	0	0	0	258.21787267341165	336.42165697302624
7	0	0	1	0	700858.3134394031	-0.0009765625
#CVC
8	0	0	0	0	0.000000e+00	1.000000e+00
8	0	1	0	0	0.000000e+00	1.000000e+00
8	0	2	0	0	0.000000e+00	1.000000e+00
8	0	3	0	0	0.000000e+00	1.000000e+00
8	0	4	0	0	0.000000e+00	1.000000e+00
8	0	5	0	0	0.000000e+00	1.000000e+00
8	0	6	0	0	0.000000e+00	1.000000e+00
8	0	7	0	0	0.000000e+00	1.000000e+00
8	0	0	0	1	0.000000e+00	1.000000e+00
8	0	1	0	1	0.000000e+00	1.000000e+00
8	0	2	0	1	0.000000e+00	1.000000e+00
8	0	3	0	1	0.000000e+00	1.000000e+00
8	0	4	0	1	0.000000e+00	1.000000e+00
8	0	5	0	1	0.000000e+00	1.000000e+00
8	0	6	0	1	0.000000e+00	1.000000e+00
8	0	7	0	1	0.000000e+00	1.000000e+00
8	0	0	1	0	1.000000e+00	-9.765625e-04
8	0	1	1	0	1.000000e+00	-9.765625e-04
8	0	2	1	0	1.000000e+00	-9.765625e-04
8	0	3	1	0	1.000000e+00	-9.765625e-04
8	0	4	1	0	1.000000e+00	-9.765625e-04
8	0	5	1	0	1.000000e+00	-9.765625e-04
8	0	6	1	0	1.000000e+00	-9.765625e-04
8	0	7	1	0	1.000000e+00	-9.765625e-04
8	0	0	1	1	1.000000e+00	-9.765625e-04
8	0	1	1	1	1.000000e+00	-9.765625e-04
8	0	2	1	1	1.000000e+00	-9.765625e-04
8	0	3	1	1	1.000000e+00	-9.765625e-04
8	0	4	1	1	1.000000e+00	-9.765625e-04
8	0	5	1	1	1.000000e+00	-9.765625e-04
8	0	6	1	1	1.000000e+00	-9.765625e-04
8	0	7	1	1	1.000000e+00	-9.765625e-04
#SAC3
9	0	0	0	0	0.000000e+00	1.000000e+00
9	0	0	1	0	1.000000e+00	-9.765625e-04
#SFV
10	0	0	1	0	1.000000e+00	-9.765625e-04
#COBO
11	0	0	1	0	1.575e+06	-9.765625e-04
11	0	1	1	0	1.575e+06	-9.765625e-04
11	0	2	1	0	1.575e+06	-9.765625e-04
11	0	3	1	0	1.575e+06	-9.765625e-04
11	0	4	1	0	1.575e+06	-9.765625e-04
11	0	5	1	0	1.575e+06	-9.765625e-04
11	0	6	1	0	1.575e+06	-9.765625e-04
11	0	7	1	0	1.575e+06	-9.765625e-04
#T2
12	0	0	0	0	0.000000e+00	1.000000e+00
12	0	0	1	0	1.000000e+00	-9.765625e-04
#SCH
13	0	0	0	0	0.000000e+00	1.000000e+00
13	0	1	0	0	0.000000e+00	1.000000e+00
13	0	2	0	0	0.000000e+00	1.000000e+00
13	0	3	0	0	0.000000e+00	1.000000e+00
13	0	4	0	0	0.000000e+00	1.000000e+00
13	0	5	0	0	0.000000e+00	1.000000e+00
13	0	6	0	0	0.000000e+00	1.000000e+00
13	0	7	0	0	0.000000e+00	1.000000e+00
13	0	8	0	0	0.000000e+00	1.000000e+00
13	0	9	0	0	0.000000e+00	1.000000e+00
13	0	10	0	0	0.000000e+00	1.000000e+00
13	0	11	0	0	0.000000e+00	1.000000e+00
13	0	12	0	0	0.000000e+00	1.000000e+00
13	0	13	0	0	0.000000e+00	1.000000e+00
13	0	14	0	0	0.000000e+00	1.000000e+00
13	0	15	0	0	0.000000e+00	1.000000e+00
13	0	16	0	0	0.000000e+00	1.000000e+00
13	0	17	0	0	0.000000e+00	1.000000e+00
13	0	18	0	0	0.000000e+00	1.000000e+00
13	0	19	0	0	0.000000e+00	1.000000e+00
13	0	20	0	0	0.000000e+00	1.000000e+00
13	0	21	0	0	0.000000e+00	1.000000e+00
13	0	22	0	0	0.000000e+00	1.000000e+00
13	0	23	0	0	0.000000e+00	1.000000e+00
13	0	24	0	0	0.000000e+00	1.000000e+00
13	0	25	0	0	0.000000e+00	1.000000e+00
13	0	26	0	0	0.000000e+00	1.000000e+00
13	0	27	0	0	0.000000e+00	1.000000e+00
13	0	28	0	0	0.000000e+00	1.000000e+00
13	0	29	0	0	0.000000e+00	1.000000e+00
13	0	30	0	0	0.000000e+00	1.000000e+00
13	0	31	0	0	0.000000e+00	1.000000e+00
13	0	32	0	0	0.000000e+00	1.000000e+00
13	0	33	0	0	0.000000e+00	1.000000e+00
13	0	34	0	0	0.000000e+00	1.000000e+00
13	0	35	0	0	0.000000e+00	1.000000e+00
13	0	36	0	0	0.000000e+00	1.000000e+00
13	0	37	0	0	0.000000e+00	1.000000e+00
13	0	38	0	0	0.000000e+00	1.000000e+00
13	0	39	0	0	0.000000e+00	1.000000e+00
13	0	40	0	0	0.000000e+00	1.000000e+00
13	0	41	0	0	0.000000e+00	1.000000e+00
13	0	42	0	0	0.000000e+00	1.000000e+00
13	0	43	0	0	0.000000e+00	1.000000e+00
13	0	44	0	0	0.000000e+00	1.000000e+00
13	0	45	0	0	0.000000e+00	1.000000e+00
13	0	46	0	0	0.000000e+00	1.000000e+00
13	0	47	0	0	0.000000e+00	1.000000e+00
13	0	48	0	0	0.000000e+00	1.000000e+00
13	0	49	0	0	0.000000e+00	1.000000e+00
13	0	50	0	0	0.000000e+00	1.000000e+00
13	0	51	0	0	0.000000e+00	1.000000e+00
13	0	52	0	0	0.000000e+00	1.000000e+00
13	0	53	0	0	0.000000e+00	1.000000e+00
13	0	54	0	0	0.000000e+00	1.000000e+00
13	0	55	0	0	0.000000e+00	1.000000e+00
13	0	56	0	0	0.000000e+00	1.000000e+00
13	0	57	0	0	0.000000e+00	1.000000e+00
13	0	58	0	0	0.000000e+00	1.000000e+00
13	0	59	0	0	0.000000e+00	1.000000e+00
13	0	60	0	0	0.000000e+00	1.000000e+00
13	0	61	0	0	0.000000e+00	1.000000e+00
13	0	62	0	0	0.000000e+00	1.000000e+00
13	0	63	0	0	0.000000e+00	1.000000e+00
13	0	0	1	0	1.000000e+00	-9.765625e-04
13	0	1	1	0	1.000000e+00	-9.765625e-04
13	0	2	1	0	1.000000e+00	-9.765625e-04
13	0	3	1	0	1.000000e+00	-9.765625e-04
13	0	4	1	0	1.000000e+00	-9.765625e-04
13	0	5	1	0	1.000000e+00	-9.765625e-04
13	0	6	1	0	1.000000e+00	-9.765625e-04
13	0	7	1	0	1.000000e+00	-9.765625e-04
13	0	8	1	0	1.000000e+00	-9.765625e-04
13	0	9	1	0	1.000000e+00	-9.765625e-04
13	0	10	1	0	1.000000e+00	-9.765625e-04
13	0	11	1	0	1.000000e+00	-9.765625e-04
13	0	12	1	0	1.000000e+00	-9.765625e-04
13	0	13	1	0	1.000000e+00	-9.765625e-04
13	0	14	1	0	1.000000e+00	-9.765625e-04
13	0	15	1	0	1.000000e+00	-9.765625e-04
13	0	16	1	0	1.000000e+00	-9.765625e-04
13	0	17	1	0	1.000000e+00	-9.765625e-04
13	0	18	1	0	1.000000e+00	-9.765625e-04
13	0	19	1	0	1.000000e+00	-9.765625e-04
13	0	20	1	0	1.000000e+00	-9.765625e-04
13	0	21	1	0	1.000000e+00	-9.765625e-04
13	0	22	1	0	1.000000e+00	-9.765625e-04
13	0	23	1	0	1.000000e+00	-9.765625e-04
13	0	24	1	0	1.000000e+00	-9.765625e-04
13	0	25	1	0	1.000000e+00	-9.765625e-04
13	0	26	1	0	1.000000e+00	-9.765625e-04
13	0	27	1	0	1.000000e+00	-9.765625e-04
13	0	28	1	0	1.000000e+00	-9.765625e-04
13	0	29	1	0	1.000000e+00	-9.765625e-04
13	0	30	1	0	1.000000e+00	-9.765625e-04
13	0	31	1	0	1.000000e+00	-9.765625e-04
13	0	32	1	0	1.000000e+00	-9.765625e-04
13	0	33	1	0	1.000000e+00	-9.765625e-04
13	0	34	1	0	1.000000e+00	-9.765625e-04
13	0	35	1	0	1.000000e+00	-9.765625e-04
13	0	36	1	0	1.000000e+00	-9.765625e-04
13	0	37	1	0	1.000000e+00	-9.765625e-04
13	0	38	1	0	1.000000e+00	-9.765625e-04
13	0	39	1	0	1.000000e+00	-9.765625e-04
13	0	40	1	0	1.000000e+00	-9.765625e-04
13	0	41	1	0	1.000000e+00	-9.765625e-04
13	0	42	1	0	1.000000e+00	-9.765625e-04
13	0	43	1	0	1.000000e+00	-9.765625e-04
13	0	44	1	0	1.000000e+00	-9.765625e-04
13	0	45	1	0	1.000000e+00	-9.765625e-04
13	0	46	1	0	1.000000e+00	-9.765625e-04
13	0	47	1	0	1.000000e+00	-9.765625e-04
13	0	48	1	0	1.000000e+00	-9.765625e-04
13	0	49	1	0	1.000000e+00	-9.765625e-04
13	0	50	1	0	1.000000e+00	-9.765625e-04
13	0	51	1	0	1.000000e+00	-9.765625e-04
13	0	52	1	0	1.000000e+00	-9.765625e-04
13	0	53	1	0	1.000000e+00	-9.765625e-04
13	0	54	1	0	1.000000e+00	-9.765625e-04
13	0	55	1	0	1.000000e+00	-9.765625e-04
13	0	56	1	0	1.000000e+00	-9.765625e-04
13	0	57	1	0	1.000000e+00	-9.765625e-04
13	0	58	1	0	1.000000e+00	-9.765625e-04
13	0	59	1	0	1.000000e+00	-9.765625e-04
13	0	60	1	0	1.000000e+00	-9.765625e-04
13	0	61	1	0	1.000000e+00	-9.765625e-04
13	0	62	1	0	1.000000e+00	-9.765625e-04
13	0	63	1	0	1.000000e+00	-9.765625e-04
#T3
14	0	0	1	0	1.000000e+00	-9.765625e-04
