#CId	PlId	SegId	AorT	UorD	p0	p1
#BHT
1	0	0	0	0	0.0	9.04143772774443
1	0	1	0	0	0.0	8.385126360971817
1	0	2	0	0	0.0	9.701671956453659
1	0	3	0	0	0.0	8.700294423943031
1	0	4	0	0	0.0	9.195962304772399
1	0	5	0	0	0.0	8.980447972200688
1	0	6	0	0	0.0	9.480887167445253
1	0	7	0	0	0.0	7.586804227215685
1	0	8	0	0	0.0	9.267772324273919
1	0	9	0	0	0.0	8.310585628677178
1	0	10	0	0	0.0	8.891991784936943
1	0	11	0	0	0.0	8.103513329434655
1	0	12	0	0	0.0	9.40373940839066
1	0	13	0	0	0.0	8.35764211231353
1	0	14	0	0	0.0	9.322496464131117
1	0	15	0	0	0.0	7.872518495464342
1	0	16	0	0	0.0	8.86362218385165
1	0	17	0	0	0.0	8.55688717261803
1	0	18	0	0	0.0	8.983339633018948
1	0	19	0	0	0.0	8.161493367910236
1	0	20	0	0	0.0	8.770328926730611
1	0	21	0	0	0.0	8.630772075091096
1	0	22	0	0	0.0	8.744654864758154
1	0	23	0	0	0.0	7.648570821499862
1	0	24	0	0	0.0	8.99579885375527
1	0	25	0	0	0.0	8.695503042977236
1	0	26	0	0	0.0	9.006999990501821
1	0	27	0	0	0.0	8.199219343118564
1	0	28	0	0	0.0	8.857062589754085
1	0	29	0	0	0.0	8.99368331102786
1	0	30	0	0	0.0	8.828287371708091
1	0	31	0	0	0.0	8.249367203019732
1	0	32	0	0	0.0	9.01467400808915
1	0	33	0	0	0.0	8.695032214863904
1	0	34	0	0	0.0	8.861299840792281
1	0	35	0	0	0.0	8.191207741099499
1	0	36	0	0	0.0	9.032584903317742
1	0	37	0	0	0.0	8.5142251042041
1	0	38	0	0	0.0	8.757493543713279
1	0	39	0	0	0.0	8.229507187613377
1	0	40	0	0	0.0	9.032924425878143
1	0	41	0	0	0.0	8.364050483156571
1	0	42	0	0	0.0	9.121825656303207
1	0	43	0	0	0.0	8.28302876734687
1	0	44	0	0	0.0	9.054371559341144
1	0	45	0	0	0.0	8.620650059688241
1	0	46	0	0	0.0	8.976336898018026
1	0	47	0	0	0.0	8.601941502492071
1	0	48	0	0	0.0	9.369660391232825
1	0	49	0	0	0.0	8.775509695026729
1	0	50	0	0	0.0	8.88492783450561
1	0	51	0	0	0.0	8.018094330385832
1	0	52	0	0	0.0	9.083675890016533
1	0	53	0	0	0.0	8.662675829793676
1	0	54	0	0	0.0	9.289342571235883
1	0	55	0	0	0.0	8.251467995689046
1	0	56	0	0	0.0	9.271238461864481
1	0	57	0	0	0.0	8.987863305694747
1	0	58	0	0	0.0	8.91663237902199
1	0	59	0	0	0.0	8.236630321317971
1	0	60	0	0	0.0	9.231890145063051
1	0	61	0	0	0.0	9.240408979042222
1	0	62	0	0	0.0	9.589310893105585
1	0	0	0	1	0.0	9.25895666023533
1	0	1	0	1	0.0	9.665687371515258
1	0	2	0	1	0.0	9.856464586235807
1	0	3	0	1	0.0	9.708678967382218
1	0	4	0	1	0.0	8.971842375427274
1	0	5	0	1	0.0	9.3835984156406
1	0	6	0	1	0.0	9.459296678969773
1	0	7	0	1	0.0	8.653034378972434
1	0	8	0	1	0.0	8.788632686578628
1	0	9	0	1	0.0	8.70439094210331
1	0	10	0	1	0.0	8.893141410166683
1	0	11	0	1	0.0	8.91508962420759
1	0	12	0	1	0.0	9.015647541124752
1	0	13	0	1	0.0	8.63862790975851
1	0	14	0	1	0.0	8.540623830161511
1	0	15	0	1	0.0	8.876165916107343
1	0	16	0	1	0.0	8.939636187540339
1	0	17	0	1	0.0	9.056909364662816
1	0	18	0	1	0.0	9.18038493211309
1	0	19	0	1	0.0	9.18494931636795
1	0	20	0	1	0.0	9.012635694948415
1	0	21	0	1	0.0	8.952251721411717
1	0	22	0	1	0.0	8.994361245571469
1	0	23	0	1	0.0	8.862002523920202
1	0	24	0	1	0.0	8.712060353179153
1	0	25	0	1	0.0	8.796759254074681
1	0	26	0	1	0.0	8.743979504046708
1	0	27	0	1	0.0	8.850132450453534
1	0	28	0	1	0.0	8.867569750516815
1	0	29	0	1	0.0	9.066984589336345
1	0	30	0	1	0.0	9.01951028402617
1	0	31	0	1	0.0	9.02662508027945
1	0	32	0	1	0.0	8.967236550370353
1	0	33	0	1	0.0	8.831437489484909
1	0	34	0	1	0.0	8.88009449817734
1	0	35	0	1	0.0	8.770391658076667
1	0	36	0	1	0.0	8.986988045600205
1	0	37	0	1	0.0	8.710183377319597
1	0	38	0	1	0.0	8.836920590392493
1	0	39	0	1	0.0	8.947918229447637
1	0	40	0	1	0.0	8.706495390147147
1	0	41	0	1	0.0	8.624550705216906
1	0	42	0	1	0.0	9.074632658066687
1	0	43	0	1	0.0	8.764688597270624
1	0	44	0	1	0.0	8.889043183519497
1	0	45	0	1	0.0	8.755084851224094
1	0	46	0	1	0.0	8.886544387008296
1	0	47	0	1	0.0	9.121900454854321
1	0	48	0	1	0.0	9.201826512846413
1	0	49	0	1	0.0	9.170905206635542
1	0	50	0	1	0.0	8.891836745113682
1	0	51	0	1	0.0	8.630883106044303
1	0	52	0	1	0.0	8.805396445485071
1	0	53	0	1	0.0	8.794420725753882
1	0	54	0	1	0.0	9.287572349136832
1	0	55	0	1	0.0	9.184477658028294
1	0	56	0	1	0.0	8.408842362577788
1	0	57	0	1	0.0	9.033946374259525
1	0	58	0	1	0.0	8.552595040000897
1	0	59	0	1	0.0	9.055401820123462
1	0	60	0	1	0.0	8.87262299096693
1	0	61	0	1	0.0	9.175090027185002
1	0	62	0	1	0.0	9.073658584207909
1	0	0	1	0	1415201.3157894737	-0.0009765625
1	0	1	1	0	1415573.956043956	-0.0009765625
1	0	2	1	0	1415902.6785714286	-0.0009765625
1	0	3	1	0	1415631.6393442622	-0.0009765625
1	0	4	1	0	1415393.3333333333	-0.0009765625
1	0	5	1	0	1415741.6666666667	-0.0009765625
1	0	6	1	0	1415696.5333333334	-0.0009765625
1	0	7	1	0	1415753.8461538462	-0.0009765625
1	0	8	1	0	1414880.4242424243	-0.0009765625
1	0	9	1	0	1416108.115183246	-0.0009765625
1	0	10	1	0	1415513.4375	-0.0009765625
1	0	11	1	0	1416093.3183856502	-0.0009765625
1	0	12	1	0	1415676.9026548672	-0.0009765625
1	0	13	1	0	1416383.164556962	-0.0009765625
1	0	14	1	0	1415441.441048035	-0.0009765625
1	0	15	1	0	1415980.996309963	-0.0009765625
1	0	16	1	0	1415511.06870229	-0.0009765625
1	0	17	1	0	1416707.2412107368	-0.0009765625
1	0	18	1	0	1416143.3362652238	-0.0009765625
1	0	19	1	0	1416603.2214230516	-0.0009765625
1	0	20	1	0	1417108.5320136743	-0.0009765625
1	0	21	1	0	1417312.9435010185	-0.0009765625
1	0	22	1	0	1417710.6517303416	-0.0009765625
1	0	23	1	0	1417085.0199530649	-0.0009765625
1	0	24	1	0	1417500.2600921257	-0.0009765625
1	0	25	1	0	1417941.964986911	-0.0009765625
1	0	26	1	0	1418205.1810232429	-0.0009765625
1	0	27	1	0	1417549.3420982233	-0.0009765625
1	0	28	1	0	1417898.965883734	-0.0009765625
1	0	29	1	0	1417916.983382012	-0.0009765625
1	0	30	1	0	1417914.9994379142	-0.0009765625
1	0	31	1	0	1416102.0908523812	-0.0009765625
1	0	32	1	0	1416531.0706029786	-0.0009765625
1	0	33	1	0	1416315.6042724631	-0.0009765625
1	0	34	1	0	1416812.9187038091	-0.0009765625
1	0	35	1	0	1417004.6662462668	-0.0009765625
1	0	36	1	0	1416749.02162237	-0.0009765625
1	0	37	1	0	1417212.4549853737	-0.0009765625
1	0	38	1	0	1416668.158035239	-0.0009765625
1	0	39	1	0	1417153.2340227137	-0.0009765625
1	0	40	1	0	1416403.2953606194	-0.0009765625
1	0	41	1	0	1417142.9303250688	-0.0009765625
1	0	42	1	0	1416713.6879432625	-0.0009765625
1	0	43	1	0	1417687.391304348	-0.0009765625
1	0	44	1	0	1416621.7073170731	-0.0009765625
1	0	45	1	0	1417411.2	-0.0009765625
1	0	46	1	0	1416380.1818181819	-0.0009765625
1	0	47	1	0	1417308.5576923077	-0.0009765625
1	0	48	1	0	1416766.7164179105	-0.0009765625
1	0	49	1	0	1417758.5714285714	-0.0009765625
1	0	50	1	0	1416714.6236559139	-0.0009765625
1	0	51	1	0	1417198.2758620689	-0.0009765625
1	0	52	1	0	1417398.7861271675	-0.0009765625
1	0	53	1	0	1417506.170212766	-0.0009765625
1	0	54	1	0	1417160.394736842	-0.0009765625
1	0	55	1	0	1417590.7792207792	-0.0009765625
1	0	56	1	0	1417083.90625	-0.0009765625
1	0	57	1	0	1417622.0	-0.0009765625
1	0	58	1	0	1416871.037037037	-0.0009765625
1	0	59	1	0	1417724.8148148148	-0.0009765625
1	0	60	1	0	1417163.3333333333	-0.0009765625
1	0	61	1	0	1417833.503649635	-0.0009765625
1	0	62	1	0	1416882.3364485982	-0.0009765625
1	0	0	1	1	1417302.857142857	-0.0009765625
1	0	1	1	1	1418309.417475728	-0.0009765625
1	0	2	1	1	1416971.981981982	-0.0009765625
1	0	3	1	1	1417941.9047619049	-0.0009765625
1	0	4	1	1	1417692.3255813953	-0.0009765625
1	0	5	1	1	1418330.291970803	-0.0009765625
1	0	6	1	1	1416930.1257861636	-0.0009765625
1	0	7	1	1	1417855.875	-0.0009765625
1	0	8	1	1	1417621.0	-0.0009765625
1	0	9	1	1	1418678.5427135678	-0.0009765625
1	0	10	1	1	1417463.3678756477	-0.0009765625
1	0	11	1	1	1418088.672985782	-0.0009765625
1	0	12	1	1	1417469.4666666666	-0.0009765625
1	0	13	1	1	1418185.0627615063	-0.0009765625
1	0	14	1	1	1416635.982142857	-0.0009765625
1	0	15	1	1	1417746.8055555555	-0.0009765625
1	0	16	1	1	1417081.2863070539	-0.0009765625
1	0	17	1	1	1418357.5783223286	-0.0009765625
1	0	18	1	1	1416839.7788609357	-0.0009765625
1	0	19	1	1	1417972.61934955	-0.0009765625
1	0	20	1	1	1417285.527092781	-0.0009765625
1	0	21	1	1	1418279.8863045324	-0.0009765625
1	0	22	1	1	1417284.5130395915	-0.0009765625
1	0	23	1	1	1418062.8993029937	-0.0009765625
1	0	24	1	1	1417995.2821625003	-0.0009765625
1	0	25	1	1	1418811.2665720023	-0.0009765625
1	0	26	1	1	1417763.4405236277	-0.0009765625
1	0	27	1	1	1418286.5843012505	-0.0009765625
1	0	28	1	1	1417839.90723097	-0.0009765625
1	0	29	1	1	1417481.6930942608	-0.0009765625
1	0	30	1	1	1417084.154143891	-0.0009765625
1	0	31	1	1	1416763.986737658	-0.0009765625
1	0	32	1	1	1418387.6984220238	-0.0009765625
1	0	33	1	1	1418195.4862641282	-0.0009765625
1	0	34	1	1	1417852.2391920276	-0.0009765625
1	0	35	1	1	1417643.4672398167	-0.0009765625
1	0	36	1	1	1417977.6711948696	-0.0009765625
1	0	37	1	1	1417930.3855825402	-0.0009765625
1	0	38	1	1	1417173.1522258848	-0.0009765625
1	0	39	1	1	1417608.6550920953	-0.0009765625
1	0	40	1	1	1417746.430713048	-0.0009765625
1	0	41	1	1	1417814.8940043757	-0.0009765625
1	0	42	1	1	1417320.2545454546	-0.0009765625
1	0	43	1	1	1417474.2335766423	-0.0009765625
1	0	44	1	1	1416439.0612244897	-0.0009765625
1	0	45	1	1	1417062.8688524591	-0.0009765625
1	0	46	1	1	1415723.7837837837	-0.0009765625
1	0	47	1	1	1417123.3333333333	-0.0009765625
1	0	48	1	1	1416259.494949495	-0.0009765625
1	0	49	1	1	1417268.731707317	-0.0009765625
1	0	50	1	1	1415649.7837837837	-0.0009765625
1	0	51	1	1	1416476.4248704663	-0.0009765625
1	0	52	1	1	1416150.238095238	-0.0009765625
1	0	53	1	1	1416655.7142857143	-0.0009765625
1	0	54	1	1	1415712.7272727273	-0.0009765625
1	0	55	1	1	1416394.155844156	-0.0009765625
1	0	56	1	1	1416307.9527559055	-0.0009765625
1	0	57	1	1	1416893.9455782312	-0.0009765625
1	0	58	1	1	1415343.4814814816	-0.0009765625
1	0	59	1	1	1416434.5070422536	-0.0009765625
1	0	60	1	1	1416855.873015873	-0.0009765625
1	0	61	1	1	1416887.014925373	-0.0009765625
1	0	62	1	1	1415941.5596330275	-0.0009765625
#BH2
3	0	0	0	0	118.2703731597059	209.16379457947139
3	0	1	0	0	146.47195260696557	273.08122810542454
3	0	2	0	0	101.47067427366333	245.15831374129306
3	0	3	0	0	134.9108384538754	292.33669494426573
3	0	4	0	0	125.78554272030593	249.0546715524828
3	0	5	0	0	128.30440039376202	281.2016085792709
3	0	6	0	0	127.63347169555753	216.30564750202623
3	0	7	0	0	121.86001788262433	300.96293759490464
3	0	8	0	0	113.87621332477819	267.10615992612003
3	0	9	0	0	109.93868758149107	264.7356470633592
3	0	10	0	0	139.63321412981864	269.92478737210047
3	0	11	0	0	114.80063567666643	229.72952067861388
3	0	12	0	0	110.98626515937465	276.2393382411488
3	0	13	0	0	94.83979640675896	257.60050811554186
3	0	14	0	0	142.40443081633543	266.11555806545095
3	0	0	0	1	125.53979173409142	284.46336703086286
3	0	1	0	1	106.92822443600252	250.89040979420395
3	0	2	0	1	118.04627066454151	258.95907392256333
3	0	3	0	1	90.22602319975935	255.78332658647318
3	0	4	0	1	125.36074397445833	269.17521327560024
3	0	5	0	1	105.5699544590053	245.9786565064795
3	0	6	0	1	104.0344590121452	234.72911495598802
3	0	7	0	1	108.78909120653321	258.7781687542871
3	0	8	0	1	122.15095763481241	242.03357471837475
3	0	9	0	1	105.53798371908569	228.60798418540878
3	0	10	0	1	117.6934046983344	223.91920114471526
3	0	11	0	1	115.55118637280628	234.21647381241718
3	0	12	0	1	112.51427775333453	246.07985335148706
3	0	13	0	1	106.94103272437249	262.8679937042917
3	0	14	0	1	113.45719080550214	276.6924222160082
3	0	0	1	0	722299.0682269642	-0.0009765625
3	0	1	1	0	722163.4199040517	-0.0009765625
3	0	2	1	0	722607.8442132114	-0.0009765625
3	0	3	1	0	722963.9270744353	-0.0009765625
3	0	4	1	0	723770.7433155668	-0.0009765625
3	0	5	1	0	724239.1452240832	-0.0009765625
3	0	6	1	0	723155.4739535382	-0.0009765625
3	0	7	1	0	723158.8693083788	-0.0009765625
3	0	8	1	0	724026.8479987325	-0.0009765625
3	0	9	1	0	723861.9125490729	-0.0009765625
3	0	10	1	0	723074.116324272	-0.0009765625
3	0	11	1	0	722604.9357166069	-0.0009765625
3	0	12	1	0	722677.2127177125	-0.0009765625
3	0	13	1	0	722104.2236315282	-0.0009765625
3	0	14	1	0	722237.5597785814	-0.0009765625
3	0	0	1	1	725351.7228598577	-0.0009765625
3	0	1	1	1	724954.4920968601	-0.0009765625
3	0	2	1	1	726208.2114934083	-0.0009765625
3	0	3	1	1	726254.6340659457	-0.0009765625
3	0	4	1	1	725960.6644159042	-0.0009765625
3	0	5	1	1	726480.0211444371	-0.0009765625
3	0	6	1	1	726447.443514586	-0.0009765625
3	0	7	1	1	726631.0706568724	-0.0009765625
3	0	8	1	1	727297.4147326696	-0.0009765625
3	0	9	1	1	726826.3195910263	-0.0009765625
3	0	10	1	1	726885.1243010381	-0.0009765625
3	0	11	1	1	725431.2056619129	-0.0009765625
3	0	12	1	1	725652.0594357924	-0.0009765625
3	0	13	1	1	725009.4138700465	-0.0009765625
3	0	14	1	1	725461.799439801	-0.0009765625
3	0	0	1	2	0.07345814977973637	1.0
3	0	1	1	2	0.0734259259259264	1.0
3	0	2	1	2	0.26808290155440456	1.0
3	0	3	1	2	0.4827405605015405	1.0
3	0	4	1	2	-0.33585192262647373	1.0
3	0	5	1	2	0.6192555084579326	1.0
3	0	6	1	2	-0.256176960302076	1.0
3	0	7	1	2	0.45418485241325574	1.0
3	0	8	1	2	-0.11272011396892842	1.0
3	0	9	1	2	0.0047861633996475385	1.0
3	0	10	1	2	-0.5705710227354458	1.0
3	0	11	1	2	-0.5909384059981955	1.0
3	0	12	1	2	-0.7064459968112146	1.0
3	0	13	1	2	-0.6829006289660843	1.0
3	0	14	1	2	-0.7955106214284644	1.0
#BAC
4	0	0	0	0	100.59142793974068	11.208
4	0	1	0	0	89.42480594571076	10.463
4	0	2	0	0	85.54344673919755	9.015
4	0	3	0	0	74.79765648924864	10.424
4	0	4	0	0	217.30806099840623	10.278
4	0	0	1	0	1.000000e+00	-9.765625e-04
4	0	1	1	0	1.000000e+00	-9.765625e-04
4	0	2	1	0	1.000000e+00	-9.765625e-04
4	0	3	1	0	1.000000e+00	-9.765625e-04
4	0	4	1	0	712404.9368019736	-0.0009765625
#HTOF
5	0	0	0	0	135.43979932840642	512.1838328330847
5	0	1	0	0	132.63875183372292	600.3091124608407
5	0	2	0	0	279.0767580831387	341.0847584448189
5	0	3	0	0	125.1007325771213	443.4648732841252
5	0	4	0	0	239.19700502394275	255.5
5	0	5	0	0	156.5338595402891	259.62552077078726
5	0	6	0	0	141.4898489436988	244.1491546496848
5	0	7	0	0	132.7965360597388	300.85085906932756
5	0	8	0	0	133.77436995031186	364.8629366291933
5	0	9	0	0	141.9522418414765	429.8390799106327
5	0	10	0	0	151.74119617512204	435.75515599459754
5	0	11	0	0	155.9789770633571	259.3262245382663
5	0	12	0	0	130.66049464986642	265.8049317735093
5	0	13	0	0	159.9623122206595	269.69291194434754
5	0	14	0	0	114.68854000879287	253.79932427859646
5	0	15	0	0	118.95882109363004	216.26857190787976
5	0	16	0	0	129.75763752974262	280.7050856449585
5	0	17	0	0	143.1274227019662	228.7379288933052
5	0	18	0	0	136.3050220682263	224.5076357535707
5	0	19	0	0	117.24087940604834	308.61797070075784
5	0	20	0	0	73.76298166277685	236.74230733720475
5	0	21	0	0	117.99399662959301	357.06072492417644
5	0	22	0	0	140.65376085800293	284.4437752829131
5	0	23	0	0	121.06871928637655	237.91698470722721
5	0	24	0	0	140.64667289731327	208.0612740336264
5	0	25	0	0	122.75581727057406	214.14109173436074
5	0	26	0	0	135.65045088725736	229.18492237920555
5	0	27	0	0	132.86308012943104	247.50741311083493
5	0	28	0	0	133.75484603792577	223.16564480181756
5	0	29	0	0	139.09680505903754	250.19250775810673
5	0	30	0	0	121.62411936212553	601.0765465490865
5	0	31	0	0	123.21071509907688	425.83274970500935
5	0	32	0	0	124.37403146431582	417.4121979149405
5	0	33	0	0	122.71993549702339	466.0298386743179
5	0	0	0	1	179.0806463367291	571.4091116135016
5	0	1	0	1	171.147141110084	394.5823800801277
5	0	2	0	1	198.2048221919068	376.4132711502956
5	0	3	0	1	151.11105196037968	297.72532052544454
5	0	4	0	1	180.42643221133125	223.50000000028945
5	0	5	0	1	158.13043301405835	350.5964917329356
5	0	6	0	1	195.66593571532448	357.8429323122149
5	0	7	0	1	161.95425769843695	496.45837394575284
5	0	8	0	1	212.94170403498296	345.59510832052695
5	0	9	0	1	148.26229989743703	392.08878469735896
5	0	10	0	1	113.1571282920086	510.41083455021663
5	0	11	0	1	160.79577532613897	242.19956511841932
5	0	12	0	1	158.72142663285092	316.9918544080916
5	0	13	0	1	143.47993988071624	232.24591406322756
5	0	14	0	1	152.51282603295704	243.9834632357656
5	0	15	0	1	178.44932082725458	274.4686937700644
5	0	16	0	1	152.71096232840463	327.04409148254337
5	0	17	0	1	180.4935362765611	270.0954687615884
5	0	18	0	1	151.6655617685962	245.44542757335404
5	0	19	0	1	145.79647597072392	293.4376805923652
5	0	20	0	1	151.29736716037206	318.368505463563
5	0	21	0	1	150.67246590402814	365.2369424611927
5	0	22	0	1	175.85696241626084	368.255501416641
5	0	23	0	1	164.40526879400574	265.2300574437947
5	0	24	0	1	165.5059547014716	253.88636950847896
5	0	25	0	1	143.637038433116	262.36845639269717
5	0	26	0	1	145.55508445766876	235.4046236480339
5	0	27	0	1	159.258774441904	247.21299631710804
5	0	28	0	1	150.98433543535864	222.84901767303862
5	0	29	0	1	173.18833634142018	265.8038924864835
5	0	30	0	1	144.4082762608145	537.5440558032507
5	0	31	0	1	137.82537549537446	273.483328860632
5	0	32	0	1	174.19492624864844	289.66054878452445
5	0	33	0	1	165.08378384454036	411.43266696167757
5	0	0	0	2	413.4174664915795	1257.1560347472935
5	0	1	0	2	392.6532413942134	1077.666920139653
5	0	2	0	2	559.3863240038943	804.4162529924913
5	0	3	0	2	408.87303457825357	1021.8216737964166
5	0	4	0	2	568.6530311521775	623.5000000000048
5	0	5	0	2	411.89367842345973	768.6603187731839
5	0	6	0	2	489.7874650691125	919.6719059845323
5	0	7	0	2	399.42377174275504	881.9156963390155
5	0	8	0	2	478.078186698193	881.5200753822209
5	0	9	0	2	463.5723433983207	1062.2671712057795
5	0	10	0	2	432.9768700664771	1207.6980910080397
5	0	11	0	2	480.6354633316707	681.4179025203499
5	0	12	0	2	419.47973328669434	736.4077371512922
5	0	13	0	2	402.5598726997202	598.9992924095399
5	0	14	0	2	381.2492812196548	615.5499703667722
5	0	15	0	2	470.8209823615291	674.942648301713
5	0	16	0	2	718.3429698462749	1066.0120485768866
5	0	17	0	2	375.58625906093334	551.3099777842264
5	0	18	0	2	327.16492203699784	512.8019506428267
5	0	19	0	2	375.2961727606411	705.0865074712561
5	0	20	0	2	305.1515757835673	658.5846693031863
5	0	21	0	2	245.27110690497256	680.0864264329322
5	0	22	0	2	491.58307581241763	832.9605780031958
5	0	23	0	2	413.85787882147866	711.1169855292411
5	0	24	0	2	425.4173503494259	587.681540445506
5	0	25	0	2	486.1559028157134	807.1014459476257
5	0	26	0	2	325.3951636545678	527.7137369574062
5	0	27	0	2	409.64443418764847	602.5329252725393
5	0	28	0	2	471.6344565498008	648.6580082825463
5	0	29	0	2	449.89458356862946	666.8783298480079
5	0	30	0	2	386.88457445154614	1278.1427808318917
5	0	31	0	2	519.1932592378623	985.9941637030629
5	0	32	0	2	577.5796688757432	1033.684302757873
5	0	33	0	2	572.7442213576398	1219.055112640166
5	0	0	1	0	712918.652697612	-0.0009765625
5	0	1	1	0	713809.4014288017	-0.0009765625
5	0	2	1	0	714305.1150121564	-0.0009765625
5	0	3	1	0	714455.5726256038	-0.0009765625
5	0	4	1	0	714906.9400651305	-0.0009765625
5	0	5	1	0	711861.9078449013	-0.0009765625
5	0	6	1	0	713065.1550382659	-0.0009765625
5	0	7	1	0	709940.2903449148	-0.0009765625
5	0	8	1	0	712446.9401742503	-0.0009765625
5	0	9	1	0	712454.8121594255	-0.0009765625
5	0	10	1	0	711458.1108175354	-0.0009765625
5	0	11	1	0	710694.3007341042	-0.0009765625
5	0	12	1	0	710502.8937571187	-0.0009765625
5	0	13	1	0	710088.7122791797	-0.0009765625
5	0	14	1	0	709215.1436719543	-0.0009765625
5	0	15	1	0	709146.9668965609	-0.0009765625
5	0	16	1	0	710899.7794642472	-0.0009765625
5	0	17	1	0	711208.0818867252	-0.0009765625
5	0	18	1	0	710951.0385450493	-0.0009765625
5	0	19	1	0	710184.3149718074	-0.0009765625
5	0	20	1	0	711252.202456557	-0.0009765625
5	0	21	1	0	711592.1742032961	-0.0009765625
5	0	22	1	0	710673.4385009999	-0.0009765625
5	0	23	1	0	710408.3061914523	-0.0009765625
5	0	24	1	0	712503.4703960656	-0.0009765625
5	0	25	1	0	712327.2331448641	-0.0009765625
5	0	26	1	0	712136.751477767	-0.0009765625
5	0	27	1	0	710825.4614418178	-0.0009765625
5	0	28	1	0	711117.5486822783	-0.0009765625
5	0	29	1	0	710374.588910617	-0.0009765625
5	0	30	1	0	711728.9902737633	-0.0009765625
5	0	31	1	0	711616.9831272992	-0.0009765625
5	0	32	1	0	713373.8809039769	-0.0009765625
5	0	33	1	0	713974.6606362908	-0.0009765625
5	0	0	1	1	714640.1107852585	-0.0009765625
5	0	1	1	1	714862.5541497995	-0.0009765625
5	0	2	1	1	713942.5866446062	-0.0009765625
5	0	3	1	1	716088.9129259643	-0.0009765625
5	0	4	1	1	714281.2858336599	-0.0009765625
5	0	5	1	1	712626.3297588762	-0.0009765625
5	0	6	1	1	713773.6842914319	-0.0009765625
5	0	7	1	1	713129.4780675097	-0.0009765625
5	0	8	1	1	713358.2287786582	-0.0009765625
5	0	9	1	1	712874.2418612674	-0.0009765625
5	0	10	1	1	712082.7982020823	-0.0009765625
5	0	11	1	1	710990.2624475037	-0.0009765625
5	0	12	1	1	710624.1993265209	-0.0009765625
5	0	13	1	1	710767.1406263574	-0.0009765625
5	0	14	1	1	710339.8281535994	-0.0009765625
5	0	15	1	1	710256.097703681	-0.0009765625
5	0	16	1	1	710367.4652453931	-0.0009765625
5	0	17	1	1	710154.8693508207	-0.0009765625
5	0	18	1	1	709513.8700377234	-0.0009765625
5	0	19	1	1	709306.3346109778	-0.0009765625
5	0	20	1	1	710416.6648132332	-0.0009765625
5	0	21	1	1	710612.4964894581	-0.0009765625
5	0	22	1	1	711175.9303023681	-0.0009765625
5	0	23	1	1	710068.0509533506	-0.0009765625
5	0	24	1	1	710939.5086185451	-0.0009765625
5	0	25	1	1	710352.1197123623	-0.0009765625
5	0	26	1	1	709817.0895371039	-0.0009765625
5	0	27	1	1	708929.21891382	-0.0009765625
5	0	28	1	1	709705.1448305699	-0.0009765625
5	0	29	1	1	709838.286107345	-0.0009765625
5	0	30	1	1	712244.8703948589	-0.0009765625
5	0	31	1	1	712237.6037557595	-0.0009765625
5	0	32	1	1	712294.1855191624	-0.0009765625
5	0	33	1	1	712459.3599310684	-0.0009765625
5	0	0	1	2	701169.5720826081	-0.0009765625
5	0	1	1	2	691467.1398992148	-0.0009765625
5	0	2	1	2	691755.4930453354	-0.0009765625
5	0	3	1	2	692027.5198188429	-0.0009765625
5	0	4	1	2	690555.1180674563	-0.0009765625
5	0	5	1	2	701873.1940973917	-0.0009765625
5	0	6	1	2	701646.1565419788	-0.0009765625
5	0	7	1	2	700053.6026989522	-0.0009765625
5	0	8	1	2	699636.0563078749	-0.0009765625
5	0	9	1	2	699254.8535551887	-0.0009765625
5	0	10	1	2	698831.0177527237	-0.0009765625
5	0	11	1	2	698808.6620450633	-0.0009765625
5	0	12	1	2	699444.9011476397	-0.0009765625
5	0	13	1	2	699130.3907352978	-0.0009765625
5	0	14	1	2	698813.0368094292	-0.0009765625
5	0	15	1	2	697593.5876756803	-0.0009765625
5	0	16	1	2	697541.7750028422	-0.0009765625
5	0	17	1	2	697410.6049354521	-0.0009765625
5	0	18	1	2	697672.0961613419	-0.0009765625
5	0	19	1	2	698673.150250882	-0.0009765625
5	0	20	1	2	699668.0742713069	-0.0009765625
5	0	21	1	2	699479.4553241073	-0.0009765625
5	0	22	1	2	698690.8960272486	-0.0009765625
5	0	23	1	2	698634.6603550249	-0.0009765625
5	0	24	1	2	699729.3400783956	-0.0009765625
5	0	25	1	2	699277.227472778	-0.0009765625
5	0	26	1	2	699524.9964638996	-0.0009765625
5	0	27	1	2	698307.9594729985	-0.0009765625
5	0	28	1	2	699938.6182691724	-0.0009765625
5	0	29	1	2	699993.6967255236	-0.0009765625
5	0	30	1	2	700442.6034188936	-0.0009765625
5	0	31	1	2	700513.3444690212	-0.0009765625
5	0	32	1	2	701214.7915272338	-0.0009765625
5	0	33	1	2	700682.8522774051	-0.0009765625
#KVC
6	0	0	0	0	123.18289635614087	9.405720e+00
6	0	1	0	0	98.2083606981543	9.293611e+00
6	0	2	0	0	100.5236237507141	9.794817e+00
6	0	3	0	0	117.15774167312068	8.935510e+00
6	0	4	0	0	114.64275598293231	9.405720e+00
6	0	5	0	0	126.1774149890592	9.293611e+00
6	0	6	0	0	101.16484332664406	9.794817e+00
6	0	7	0	0	120.43105003571385	8.935510e+00
6	0	0	0	1	139.51782388068682	8.864464e+00
6	0	1	0	1	111.32552342235108	1.002469e+01
6	0	2	0	1	141.11305166623092	9.032530e+00
6	0	3	0	1	89.11776045024017	8.566897e+00
6	0	4	0	1	96.88680104081062	8.864464e+00
6	0	5	0	1	119.5668865794102	1.002469e+01
6	0	6	0	1	103.1662289796277	9.032530e+00
6	0	7	0	1	113.37584056598257	8.566897e+00
6	0	0	0	2	103.41044977545658	9.281763e+00
6	0	1	0	2	107.09366303947498	9.597398e+00
6	0	2	0	2	111.29440125617846	9.604148e+00
6	0	3	0	2	96.1997722576044	9.156487e+00
6	0	4	0	2	90.77431837779316	9.281763e+00
6	0	5	0	2	106.1947273376265	9.597398e+00
6	0	6	0	2	110.55539496934507	9.604148e+00
6	0	7	0	2	114.12645248270078	9.156487e+00
6	0	0	0	3	109.16407359193394	9.215651e+00
6	0	1	0	3	132.69217690626786	9.984777e+00
6	0	2	0	3	109.31618647775905	9.305942e+00
6	0	3	0	3	102.15825414608129	9.693401e+00
6	0	4	0	3	100.80020922259017	9.215651e+00
6	0	5	0	3	122.05930401246486	9.984777e+00
6	0	6	0	3	88.07360230084504	9.305942e+00
6	0	7	0	3	126.5287918738888	9.693401e+00
6	0	0	0	4	178.15116762980654	9.192747e+00
6	0	1	0	4	153.75304119256307	9.755004e+00
6	0	2	0	4	140.52739700354317	9.437462e+00
6	0	3	0	4	141.1118572805969	9.100621e+00
6	0	4	0	4	187.97674999568625	9.192747e+00
6	0	5	0	4	88.1828504229426	9.755004e+00
6	0	6	0	4	101.37709746780372	9.437462e+00
6	0	7	0	4	258.25678121896635	9.100621e+00
6	0	0	1	4	696353.4108704204	-0.0009765625
6	0	1	1	4	696472.3627170741	-0.0009765625
6	0	2	1	4	696914.4108244712	-0.0009765625
6	0	3	1	4	697336.638175538	-0.0009765625
6	0	4	1	4	696991.6457746209	-0.0009765625
6	0	5	1	4	697138.596535956	-0.0009765625
6	0	6	1	4	696359.288309244	-0.0009765625
6	0	7	1	4	696678.8800274241	-0.0009765625
#T1
7	0	0	0	0	261.2613056899964	370.24360929005735
7	0	0	1	0	701175.3895980887	-0.0009765625
#CVC
8	0	0	0	0	0.000000e+00	1.000000e+00
8	0	1	0	0	0.000000e+00	1.000000e+00
8	0	2	0	0	0.000000e+00	1.000000e+00
8	0	3	0	0	0.000000e+00	1.000000e+00
8	0	4	0	0	0.000000e+00	1.000000e+00
8	0	5	0	0	0.000000e+00	1.000000e+00
8	0	6	0	0	0.000000e+00	1.000000e+00
8	0	7	0	0	0.000000e+00	1.000000e+00
8	0	0	0	1	0.000000e+00	1.000000e+00
8	0	1	0	1	0.000000e+00	1.000000e+00
8	0	2	0	1	0.000000e+00	1.000000e+00
8	0	3	0	1	0.000000e+00	1.000000e+00
8	0	4	0	1	0.000000e+00	1.000000e+00
8	0	5	0	1	0.000000e+00	1.000000e+00
8	0	6	0	1	0.000000e+00	1.000000e+00
8	0	7	0	1	0.000000e+00	1.000000e+00
8	0	0	1	0	1.000000e+00	-9.765625e-04
8	0	1	1	0	1.000000e+00	-9.765625e-04
8	0	2	1	0	1.000000e+00	-9.765625e-04
8	0	3	1	0	1.000000e+00	-9.765625e-04
8	0	4	1	0	1.000000e+00	-9.765625e-04
8	0	5	1	0	1.000000e+00	-9.765625e-04
8	0	6	1	0	1.000000e+00	-9.765625e-04
8	0	7	1	0	1.000000e+00	-9.765625e-04
8	0	0	1	1	1.000000e+00	-9.765625e-04
8	0	1	1	1	1.000000e+00	-9.765625e-04
8	0	2	1	1	1.000000e+00	-9.765625e-04
8	0	3	1	1	1.000000e+00	-9.765625e-04
8	0	4	1	1	1.000000e+00	-9.765625e-04
8	0	5	1	1	1.000000e+00	-9.765625e-04
8	0	6	1	1	1.000000e+00	-9.765625e-04
8	0	7	1	1	1.000000e+00	-9.765625e-04
#SAC3
9	0	0	0	0	0.000000e+00	1.000000e+00
9	0	0	1	0	1.000000e+00	-9.765625e-04
#SFV
10	0	0	1	0	1.000000e+00	-9.765625e-04
#COBO
11	0	0	1	0	1.575e+06	-9.765625e-04
11	0	1	1	0	1.575e+06	-9.765625e-04
11	0	2	1	0	1.575e+06	-9.765625e-04
11	0	3	1	0	1.575e+06	-9.765625e-04
11	0	4	1	0	1.575e+06	-9.765625e-04
11	0	5	1	0	1.575e+06	-9.765625e-04
11	0	6	1	0	1.575e+06	-9.765625e-04
11	0	7	1	0	1.575e+06	-9.765625e-04
#T2
12	0	0	0	0	0.000000e+00	1.000000e+00
12	0	0	1	0	1.000000e+00	-9.765625e-04
#SCH
13	0	0	0	0	0.000000e+00	1.000000e+00
13	0	1	0	0	0.000000e+00	1.000000e+00
13	0	2	0	0	0.000000e+00	1.000000e+00
13	0	3	0	0	0.000000e+00	1.000000e+00
13	0	4	0	0	0.000000e+00	1.000000e+00
13	0	5	0	0	0.000000e+00	1.000000e+00
13	0	6	0	0	0.000000e+00	1.000000e+00
13	0	7	0	0	0.000000e+00	1.000000e+00
13	0	8	0	0	0.000000e+00	1.000000e+00
13	0	9	0	0	0.000000e+00	1.000000e+00
13	0	10	0	0	0.000000e+00	1.000000e+00
13	0	11	0	0	0.000000e+00	1.000000e+00
13	0	12	0	0	0.000000e+00	1.000000e+00
13	0	13	0	0	0.000000e+00	1.000000e+00
13	0	14	0	0	0.000000e+00	1.000000e+00
13	0	15	0	0	0.000000e+00	1.000000e+00
13	0	16	0	0	0.000000e+00	1.000000e+00
13	0	17	0	0	0.000000e+00	1.000000e+00
13	0	18	0	0	0.000000e+00	1.000000e+00
13	0	19	0	0	0.000000e+00	1.000000e+00
13	0	20	0	0	0.000000e+00	1.000000e+00
13	0	21	0	0	0.000000e+00	1.000000e+00
13	0	22	0	0	0.000000e+00	1.000000e+00
13	0	23	0	0	0.000000e+00	1.000000e+00
13	0	24	0	0	0.000000e+00	1.000000e+00
13	0	25	0	0	0.000000e+00	1.000000e+00
13	0	26	0	0	0.000000e+00	1.000000e+00
13	0	27	0	0	0.000000e+00	1.000000e+00
13	0	28	0	0	0.000000e+00	1.000000e+00
13	0	29	0	0	0.000000e+00	1.000000e+00
13	0	30	0	0	0.000000e+00	1.000000e+00
13	0	31	0	0	0.000000e+00	1.000000e+00
13	0	32	0	0	0.000000e+00	1.000000e+00
13	0	33	0	0	0.000000e+00	1.000000e+00
13	0	34	0	0	0.000000e+00	1.000000e+00
13	0	35	0	0	0.000000e+00	1.000000e+00
13	0	36	0	0	0.000000e+00	1.000000e+00
13	0	37	0	0	0.000000e+00	1.000000e+00
13	0	38	0	0	0.000000e+00	1.000000e+00
13	0	39	0	0	0.000000e+00	1.000000e+00
13	0	40	0	0	0.000000e+00	1.000000e+00
13	0	41	0	0	0.000000e+00	1.000000e+00
13	0	42	0	0	0.000000e+00	1.000000e+00
13	0	43	0	0	0.000000e+00	1.000000e+00
13	0	44	0	0	0.000000e+00	1.000000e+00
13	0	45	0	0	0.000000e+00	1.000000e+00
13	0	46	0	0	0.000000e+00	1.000000e+00
13	0	47	0	0	0.000000e+00	1.000000e+00
13	0	48	0	0	0.000000e+00	1.000000e+00
13	0	49	0	0	0.000000e+00	1.000000e+00
13	0	50	0	0	0.000000e+00	1.000000e+00
13	0	51	0	0	0.000000e+00	1.000000e+00
13	0	52	0	0	0.000000e+00	1.000000e+00
13	0	53	0	0	0.000000e+00	1.000000e+00
13	0	54	0	0	0.000000e+00	1.000000e+00
13	0	55	0	0	0.000000e+00	1.000000e+00
13	0	56	0	0	0.000000e+00	1.000000e+00
13	0	57	0	0	0.000000e+00	1.000000e+00
13	0	58	0	0	0.000000e+00	1.000000e+00
13	0	59	0	0	0.000000e+00	1.000000e+00
13	0	60	0	0	0.000000e+00	1.000000e+00
13	0	61	0	0	0.000000e+00	1.000000e+00
13	0	62	0	0	0.000000e+00	1.000000e+00
13	0	63	0	0	0.000000e+00	1.000000e+00
13	0	0	1	0	1.000000e+00	-9.765625e-04
13	0	1	1	0	1.000000e+00	-9.765625e-04
13	0	2	1	0	1.000000e+00	-9.765625e-04
13	0	3	1	0	1.000000e+00	-9.765625e-04
13	0	4	1	0	1.000000e+00	-9.765625e-04
13	0	5	1	0	1.000000e+00	-9.765625e-04
13	0	6	1	0	1.000000e+00	-9.765625e-04
13	0	7	1	0	1.000000e+00	-9.765625e-04
13	0	8	1	0	1.000000e+00	-9.765625e-04
13	0	9	1	0	1.000000e+00	-9.765625e-04
13	0	10	1	0	1.000000e+00	-9.765625e-04
13	0	11	1	0	1.000000e+00	-9.765625e-04
13	0	12	1	0	1.000000e+00	-9.765625e-04
13	0	13	1	0	1.000000e+00	-9.765625e-04
13	0	14	1	0	1.000000e+00	-9.765625e-04
13	0	15	1	0	1.000000e+00	-9.765625e-04
13	0	16	1	0	1.000000e+00	-9.765625e-04
13	0	17	1	0	1.000000e+00	-9.765625e-04
13	0	18	1	0	1.000000e+00	-9.765625e-04
13	0	19	1	0	1.000000e+00	-9.765625e-04
13	0	20	1	0	1.000000e+00	-9.765625e-04
13	0	21	1	0	1.000000e+00	-9.765625e-04
13	0	22	1	0	1.000000e+00	-9.765625e-04
13	0	23	1	0	1.000000e+00	-9.765625e-04
13	0	24	1	0	1.000000e+00	-9.765625e-04
13	0	25	1	0	1.000000e+00	-9.765625e-04
13	0	26	1	0	1.000000e+00	-9.765625e-04
13	0	27	1	0	1.000000e+00	-9.765625e-04
13	0	28	1	0	1.000000e+00	-9.765625e-04
13	0	29	1	0	1.000000e+00	-9.765625e-04
13	0	30	1	0	1.000000e+00	-9.765625e-04
13	0	31	1	0	1.000000e+00	-9.765625e-04
13	0	32	1	0	1.000000e+00	-9.765625e-04
13	0	33	1	0	1.000000e+00	-9.765625e-04
13	0	34	1	0	1.000000e+00	-9.765625e-04
13	0	35	1	0	1.000000e+00	-9.765625e-04
13	0	36	1	0	1.000000e+00	-9.765625e-04
13	0	37	1	0	1.000000e+00	-9.765625e-04
13	0	38	1	0	1.000000e+00	-9.765625e-04
13	0	39	1	0	1.000000e+00	-9.765625e-04
13	0	40	1	0	1.000000e+00	-9.765625e-04
13	0	41	1	0	1.000000e+00	-9.765625e-04
13	0	42	1	0	1.000000e+00	-9.765625e-04
13	0	43	1	0	1.000000e+00	-9.765625e-04
13	0	44	1	0	1.000000e+00	-9.765625e-04
13	0	45	1	0	1.000000e+00	-9.765625e-04
13	0	46	1	0	1.000000e+00	-9.765625e-04
13	0	47	1	0	1.000000e+00	-9.765625e-04
13	0	48	1	0	1.000000e+00	-9.765625e-04
13	0	49	1	0	1.000000e+00	-9.765625e-04
13	0	50	1	0	1.000000e+00	-9.765625e-04
13	0	51	1	0	1.000000e+00	-9.765625e-04
13	0	52	1	0	1.000000e+00	-9.765625e-04
13	0	53	1	0	1.000000e+00	-9.765625e-04
13	0	54	1	0	1.000000e+00	-9.765625e-04
13	0	55	1	0	1.000000e+00	-9.765625e-04
13	0	56	1	0	1.000000e+00	-9.765625e-04
13	0	57	1	0	1.000000e+00	-9.765625e-04
13	0	58	1	0	1.000000e+00	-9.765625e-04
13	0	59	1	0	1.000000e+00	-9.765625e-04
13	0	60	1	0	1.000000e+00	-9.765625e-04
13	0	61	1	0	1.000000e+00	-9.765625e-04
13	0	62	1	0	1.000000e+00	-9.765625e-04
13	0	63	1	0	1.000000e+00	-9.765625e-04
#T3
14	0	0	1	0	1.000000e+00	-9.765625e-04
