#CId	PlId	SegId	AorT	UorD	p0	p1
#BHT
1	0	0	0	0	0.0	9.007168842830911
1	0	1	0	0	0.0	8.36765278919987
1	0	2	0	0	0.0	9.660925022091718
1	0	3	0	0	0.0	8.73010718721895
1	0	4	0	0	0.0	9.180319167781981
1	0	5	0	0	0.0	8.979710056176724
1	0	6	0	0	0.0	9.465274891655403
1	0	7	0	0	0.0	7.584457168103857
1	0	8	0	0	0.0	9.294755505161751
1	0	9	0	0	0.0	8.285596092861471
1	0	10	0	0	0.0	8.963390223931734
1	0	11	0	0	0.0	8.079289625406258
1	0	12	0	0	0.0	9.46661418908625
1	0	13	0	0	0.0	8.40020666451211
1	0	14	0	0	0.0	9.479718987244151
1	0	15	0	0	0.0	7.978583812640619
1	0	16	0	0	0.0	8.96047999451458
1	0	17	0	0	0.0	8.588013025321379
1	0	18	0	0	0.0	9.03064645756726
1	0	19	0	0	0.0	8.222957528017334
1	0	20	0	0	0.0	8.80097603906091
1	0	21	0	0	0.0	8.711547356820981
1	0	22	0	0	0.0	8.803575210545732
1	0	23	0	0	0.0	7.752377673648102
1	0	24	0	0	0.0	9.0127481495771
1	0	25	0	0	0.0	8.715211332680314
1	0	26	0	0	0.0	9.030952825153598
1	0	27	0	0	0.0	8.276258581467417
1	0	28	0	0	0.0	8.89467568282304
1	0	29	0	0	0.0	9.004501516129421
1	0	30	0	0	0.0	8.840595108628673
1	0	31	0	0	0.0	8.35969259430218
1	0	32	0	0	0.0	9.089574914705187
1	0	33	0	0	0.0	8.753899485231823
1	0	34	0	0	0.0	8.911610116716405
1	0	35	0	0	0.0	8.322075338894843
1	0	36	0	0	0.0	9.062765848475468
1	0	37	0	0	0.0	8.566024587447906
1	0	38	0	0	0.0	8.796416141469281
1	0	39	0	0	0.0	8.290306688677324
1	0	40	0	0	0.0	9.06508183270068
1	0	41	0	0	0.0	8.428280322863813
1	0	42	0	0	0.0	9.150427160330032
1	0	43	0	0	0.0	8.348162981721849
1	0	44	0	0	0.0	9.101627323117604
1	0	45	0	0	0.0	8.68690568573371
1	0	46	0	0	0.0	9.007685881161137
1	0	47	0	0	0.0	8.640095545454516
1	0	48	0	0	0.0	9.410652500482698
1	0	49	0	0	0.0	8.831313518619325
1	0	50	0	0	0.0	8.979734516144244
1	0	51	0	0	0.0	8.156839839536955
1	0	52	0	0	0.0	9.127753536319936
1	0	53	0	0	0.0	8.74447103871566
1	0	54	0	0	0.0	9.332629086318962
1	0	55	0	0	0.0	8.291578134357502
1	0	56	0	0	0.0	9.285298563711972
1	0	57	0	0	0.0	8.976502785333238
1	0	58	0	0	0.0	8.98136634291745
1	0	59	0	0	0.0	8.243055221548225
1	0	60	0	0	0.0	9.377686037570822
1	0	61	0	0	0.0	9.20808769021468
1	0	62	0	0	0.0	9.603176976666806
1	0	0	0	1	0.0	9.444110229431491
1	0	1	0	1	0.0	9.740496235506546
1	0	2	0	1	0.0	9.821186657285963
1	0	3	0	1	0.0	9.759540912608623
1	0	4	0	1	0.0	9.056643573684912
1	0	5	0	1	0.0	9.495113341052997
1	0	6	0	1	0.0	9.518706540135184
1	0	7	0	1	0.0	8.6856511993713
1	0	8	0	1	0.0	8.85383885086552
1	0	9	0	1	0.0	8.742549170344438
1	0	10	0	1	0.0	8.94012409801718
1	0	11	0	1	0.0	8.90728560997299
1	0	12	0	1	0.0	9.0604444561076
1	0	13	0	1	0.0	8.615378890873172
1	0	14	0	1	0.0	8.489183594903116
1	0	15	0	1	0.0	8.791858463358949
1	0	16	0	1	0.0	8.821548678536649
1	0	17	0	1	0.0	8.943348281129351
1	0	18	0	1	0.0	9.088546584695678
1	0	19	0	1	0.0	9.100567309518826
1	0	20	0	1	0.0	8.900647270742931
1	0	21	0	1	0.0	8.888008374505105
1	0	22	0	1	0.0	8.92479547579621
1	0	23	0	1	0.0	8.78925042218559
1	0	24	0	1	0.0	8.638848603291239
1	0	25	0	1	0.0	8.735992974473815
1	0	26	0	1	0.0	8.706834411282184
1	0	27	0	1	0.0	8.834777599012432
1	0	28	0	1	0.0	8.853485877931979
1	0	29	0	1	0.0	9.018199105941491
1	0	30	0	1	0.0	8.941507551756496
1	0	31	0	1	0.0	8.96145308909318
1	0	32	0	1	0.0	8.866520280324778
1	0	33	0	1	0.0	8.774401927287919
1	0	34	0	1	0.0	8.806125275997013
1	0	35	0	1	0.0	8.691855534990587
1	0	36	0	1	0.0	8.95170500124751
1	0	37	0	1	0.0	8.650244236084067
1	0	38	0	1	0.0	8.773042506015889
1	0	39	0	1	0.0	8.887847231922537
1	0	40	0	1	0.0	8.649043043929916
1	0	41	0	1	0.0	8.565756668746507
1	0	42	0	1	0.0	8.895054794680126
1	0	43	0	1	0.0	8.712123266399452
1	0	44	0	1	0.0	8.78718540118738
1	0	45	0	1	0.0	8.682022460650824
1	0	46	0	1	0.0	8.806119465757227
1	0	47	0	1	0.0	9.025769049551476
1	0	48	0	1	0.0	9.018055487450704
1	0	49	0	1	0.0	9.01935760294652
1	0	50	0	1	0.0	8.629095447385785
1	0	51	0	1	0.0	8.40851553883679
1	0	52	0	1	0.0	8.61112831103753
1	0	53	0	1	0.0	8.572858588630744
1	0	54	0	1	0.0	9.125855117182553
1	0	55	0	1	0.0	9.022103416840821
1	0	56	0	1	0.0	8.214444551931171
1	0	57	0	1	0.0	8.861660954329155
1	0	58	0	1	0.0	8.423925638110143
1	0	59	0	1	0.0	8.94404698924959
1	0	60	0	1	0.0	8.748458632122476
1	0	61	0	1	0.0	9.071224750198212
1	0	62	0	1	0.0	8.987517481725613
1	0	0	1	0	1415807.6237623761	-0.0009765625
1	0	1	1	0	1415743.4	-0.0009765625
1	0	2	1	0	1415832.385321101	-0.0009765625
1	0	3	1	0	1415143.2173913044	-0.0009765625
1	0	4	1	0	1416136.7567567567	-0.0009765625
1	0	5	1	0	1416105.7534246575	-0.0009765625
1	0	6	1	0	1416174.53125	-0.0009765625
1	0	7	1	0	1415844.3703703703	-0.0009765625
1	0	8	1	0	1415520.6818181819	-0.0009765625
1	0	9	1	0	1416143.6697247706	-0.0009765625
1	0	10	1	0	1416073.2	-0.0009765625
1	0	11	1	0	1416016.804979253	-0.0009765625
1	0	12	1	0	1415709.206833527	-0.0009765625
1	0	13	1	0	1416061.8029235965	-0.0009765625
1	0	14	1	0	1415848.9918986475	-0.0009765625
1	0	15	1	0	1416481.1197024111	-0.0009765625
1	0	16	1	0	1416162.097696266	-0.0009765625
1	0	17	1	0	1417151.4873552583	-0.0009765625
1	0	18	1	0	1416785.3532949733	-0.0009765625
1	0	19	1	0	1417051.1386026968	-0.0009765625
1	0	20	1	0	1417478.0111652727	-0.0009765625
1	0	21	1	0	1417566.9939705115	-0.0009765625
1	0	22	1	0	1417751.7931046821	-0.0009765625
1	0	23	1	0	1417073.2512526852	-0.0009765625
1	0	24	1	0	1417267.0236574628	-0.0009765625
1	0	25	1	0	1417562.9704983737	-0.0009765625
1	0	26	1	0	1417672.6869358087	-0.0009765625
1	0	27	1	0	1417103.0654738047	-0.0009765625
1	0	28	1	0	1417486.3825073014	-0.0009765625
1	0	29	1	0	1417535.869783539	-0.0009765625
1	0	30	1	0	1417671.542589567	-0.0009765625
1	0	31	1	0	1415929.6547587514	-0.0009765625
1	0	32	1	0	1416406.5628171617	-0.0009765625
1	0	33	1	0	1416216.6913592897	-0.0009765625
1	0	34	1	0	1416751.2604178716	-0.0009765625
1	0	35	1	0	1416983.1566516804	-0.0009765625
1	0	36	1	0	1416784.1052212603	-0.0009765625
1	0	37	1	0	1417187.6064789493	-0.0009765625
1	0	38	1	0	1416785.2232730289	-0.0009765625
1	0	39	1	0	1417100.3164937876	-0.0009765625
1	0	40	1	0	1416402.640020905	-0.0009765625
1	0	41	1	0	1417069.6597067039	-0.0009765625
1	0	42	1	0	1416748.1587883644	-0.0009765625
1	0	43	1	0	1417261.6847085902	-0.0009765625
1	0	44	1	0	1416580.5286084092	-0.0009765625
1	0	45	1	0	1417340.0758525636	-0.0009765625
1	0	46	1	0	1416541.2664753622	-0.0009765625
1	0	47	1	0	1417001.6374885528	-0.0009765625
1	0	48	1	0	1416383.6312341604	-0.0009765625
1	0	49	1	0	1417250.755235567	-0.0009765625
1	0	50	1	0	1416788.089515203	-0.0009765625
1	0	51	1	0	1417117.280873362	-0.0009765625
1	0	52	1	0	1417109.9399302846	-0.0009765625
1	0	53	1	0	1417441.7487231637	-0.0009765625
1	0	54	1	0	1417049.002569277	-0.0009765625
1	0	55	1	0	1417115.707190158	-0.0009765625
1	0	56	1	0	1416949.9793361146	-0.0009765625
1	0	57	1	0	1417787.4888526958	-0.0009765625
1	0	58	1	0	1417228.5722574221	-0.0009765625
1	0	59	1	0	1417668.206066379	-0.0009765625
1	0	60	1	0	1417307.7495858693	-0.0009765625
1	0	61	1	0	1417940.6312973904	-0.0009765625
1	0	62	1	0	1417412.3172591166	-0.0009765625
1	0	0	1	1	1417558.712871287	-0.0009765625
1	0	1	1	1	1418526.6037735848	-0.0009765625
1	0	2	1	1	1416937.6785714286	-0.0009765625
1	0	3	1	1	1417679.3333333333	-0.0009765625
1	0	4	1	1	1418026.5333333334	-0.0009765625
1	0	5	1	1	1418111.7948717948	-0.0009765625
1	0	6	1	1	1417617.6335877862	-0.0009765625
1	0	7	1	1	1418228.9705882352	-0.0009765625
1	0	8	1	1	1417980.4494382022	-0.0009765625
1	0	9	1	1	1418451.0	-0.0009765625
1	0	10	1	1	1418008.3168316833	-0.0009765625
1	0	11	1	1	1417898.2786885246	-0.0009765625
1	0	12	1	1	1417568.7838734598	-0.0009765625
1	0	13	1	1	1418072.7354927275	-0.0009765625
1	0	14	1	1	1417019.5871569072	-0.0009765625
1	0	15	1	1	1418122.6723155626	-0.0009765625
1	0	16	1	1	1417687.47763506	-0.0009765625
1	0	17	1	1	1418838.318660713	-0.0009765625
1	0	18	1	1	1417550.5517607694	-0.0009765625
1	0	19	1	1	1418437.7525807852	-0.0009765625
1	0	20	1	1	1417643.28509464	-0.0009765625
1	0	21	1	1	1418529.2304161782	-0.0009765625
1	0	22	1	1	1417327.5399172048	-0.0009765625
1	0	23	1	1	1418008.2797209632	-0.0009765625
1	0	24	1	1	1417735.5712492391	-0.0009765625
1	0	25	1	1	1418450.5262174783	-0.0009765625
1	0	26	1	1	1417262.1753012286	-0.0009765625
1	0	27	1	1	1417844.9984250723	-0.0009765625
1	0	28	1	1	1417435.0281476555	-0.0009765625
1	0	29	1	1	1417113.3797298125	-0.0009765625
1	0	30	1	1	1416793.9107301156	-0.0009765625
1	0	31	1	1	1416530.5572264309	-0.0009765625
1	0	32	1	1	1418135.7831822394	-0.0009765625
1	0	33	1	1	1417946.8444747159	-0.0009765625
1	0	34	1	1	1417657.9995011867	-0.0009765625
1	0	35	1	1	1417467.1533418256	-0.0009765625
1	0	36	1	1	1417851.903929766	-0.0009765625
1	0	37	1	1	1417775.6431512444	-0.0009765625
1	0	38	1	1	1417233.573630868	-0.0009765625
1	0	39	1	1	1417449.9490472795	-0.0009765625
1	0	40	1	1	1417714.791680447	-0.0009765625
1	0	41	1	1	1417594.0321255703	-0.0009765625
1	0	42	1	1	1417295.8443382883	-0.0009765625
1	0	43	1	1	1416985.68535889	-0.0009765625
1	0	44	1	1	1416376.4501387822	-0.0009765625
1	0	45	1	1	1417013.5795497994	-0.0009765625
1	0	46	1	1	1415804.165391583	-0.0009765625
1	0	47	1	1	1416594.379102696	-0.0009765625
1	0	48	1	1	1415946.7924271822	-0.0009765625
1	0	49	1	1	1416797.7474801904	-0.0009765625
1	0	50	1	1	1415666.7855928447	-0.0009765625
1	0	51	1	1	1416210.7748515364	-0.0009765625
1	0	52	1	1	1415789.452459207	-0.0009765625
1	0	53	1	1	1416451.8903340169	-0.0009765625
1	0	54	1	1	1415291.6523410361	-0.0009765625
1	0	55	1	1	1415926.9191853872	-0.0009765625
1	0	56	1	1	1416129.3796022108	-0.0009765625
1	0	57	1	1	1416778.4489407241	-0.0009765625
1	0	58	1	1	1415777.024086172	-0.0009765625
1	0	59	1	1	1416330.0267555767	-0.0009765625
1	0	60	1	1	1416774.4971630876	-0.0009765625
1	0	61	1	1	1416599.2407612982	-0.0009765625
1	0	62	1	1	1416349.8758021586	-0.0009765625
#BH2
3	0	0	0	0	118.86661246558003	205.03097345132744
3	0	1	0	0	147.43028857538846	282.1986301369863
3	0	2	0	0	102.1535376322798	262.3974358974359
3	0	3	0	0	135.91329767311757	295.67523643852013
3	0	4	0	0	126.56399705146515	249.43194295012555
3	0	5	0	0	129.05136805184407	279.1234259541299
3	0	6	0	0	128.67674409306707	214.99944879501055
3	0	7	0	0	122.96691883964537	300.56516066899763
3	0	8	0	0	114.50937692673833	260.8246464732294
3	0	9	0	0	110.75144030908567	267.7133133047382
3	0	10	0	0	140.36546746271875	263.998992946435
3	0	11	0	0	115.8587449162516	218.42815763995165
3	0	12	0	0	111.87854446054911	279.75308641975306
3	0	13	0	0	95.80763961799214	268.94776119402985
3	0	14	0	0	143.14418796843609	283.2437185929648
3	0	0	0	1	126.36288573569023	284.28205128205127
3	0	1	0	1	107.634443736316	262.2832512315271
3	0	2	0	1	118.78579636233106	281.00918635170603
3	0	3	0	1	90.62659414795203	254.71933881398041
3	0	4	0	1	126.1704222679842	265.95401750033363
3	0	5	0	1	106.46627225708492	244.9496778759216
3	0	6	0	1	105.09878396409036	233.60034475841445
3	0	7	0	1	109.79699706509865	255.80669824996855
3	0	8	0	1	123.15866259405904	242.0971681284168
3	0	9	0	1	106.09244459983223	230.41795595786633
3	0	10	0	1	118.546224865106	215.60444096939875
3	0	11	0	1	116.45205061314779	263.9934036939314
3	0	12	0	1	113.44777644644317	259.1269592476489
3	0	13	0	1	107.62085304371313	275.6544715447154
3	0	14	0	1	114.09365997126537	293.6081081081081
3	0	0	1	0	722277.8776978417	-0.0009765625
3	0	1	1	0	721946.6923076923	-0.0009765625
3	0	2	1	0	722880.4373421484	-0.0009765625
3	0	3	1	0	722746.294856852	-0.0009765625
3	0	4	1	0	723544.8069777183	-0.0009765625
3	0	5	1	0	724005.3753986437	-0.0009765625
3	0	6	1	0	722903.9415074238	-0.0009765625
3	0	7	1	0	722920.6993186057	-0.0009765625
3	0	8	1	0	723772.3546879134	-0.0009765625
3	0	9	1	0	723613.1596928147	-0.0009765625
3	0	10	1	0	722893.6933116784	-0.0009765625
3	0	11	1	0	722309.314847445	-0.0009765625
3	0	12	1	0	722363.0544056589	-0.0009765625
3	0	13	1	0	721739.262295082	-0.0009765625
3	0	14	1	0	721765.3684210526	-0.0009765625
3	0	0	1	1	725219.0972222222	-0.0009765625
3	0	1	1	1	724706.9306930694	-0.0009765625
3	0	2	1	1	726439.3932344886	-0.0009765625
3	0	3	1	1	725991.3278542634	-0.0009765625
3	0	4	1	1	725687.5463630153	-0.0009765625
3	0	5	1	1	726238.4287115067	-0.0009765625
3	0	6	1	1	726193.3098147186	-0.0009765625
3	0	7	1	1	726378.0946652861	-0.0009765625
3	0	8	1	1	727040.7316295409	-0.0009765625
3	0	9	1	1	726588.1915885033	-0.0009765625
3	0	10	1	1	726616.1858914957	-0.0009765625
3	0	11	1	1	725204.2179183501	-0.0009765625
3	0	12	1	1	725297.81906443	-0.0009765625
3	0	13	1	1	724656.2653061225	-0.0009765625
3	0	14	1	1	724886.4720812183	-0.0009765625
3	0	0	1	2	-0.2860823130957625	1.0
3	0	1	1	2	-0.5421267982296318	1.0
3	0	2	1	2	0.14458291671805248	1.0
3	0	3	1	2	0.3754803412303793	1.0
3	0	4	1	2	-0.38837057764955135	1.0
3	0	5	1	2	0.5535731447353532	1.0
3	0	6	1	2	-0.3775816656625993	1.0
3	0	7	1	2	0.32214362226820237	1.0
3	0	8	1	2	-0.2682008850837289	1.0
3	0	9	1	2	-0.13793558886511104	1.0
3	0	10	1	2	-0.5826934585023724	1.0
3	0	11	1	2	-0.6757129269866331	1.0
3	0	12	1	2	-0.8119519698777437	1.0
3	0	13	1	2	-0.7440351993110422	1.0
3	0	14	1	2	-0.9152172099810096	1.0
#BAC
4	0	0	0	0	100.78107920456272	11.208
4	0	1	0	0	89.4532850348514	10.463
4	0	2	0	0	85.51208773764134	9.015
4	0	3	0	0	74.66290591216651	10.424
4	0	4	0	0	199.43898880753954	10.278
4	0	0	1	0	1.000000e+00	-9.765625e-04
4	0	1	1	0	1.000000e+00	-9.765625e-04
4	0	2	1	0	1.000000e+00	-9.765625e-04
4	0	3	1	0	1.000000e+00	-9.765625e-04
4	0	4	1	0	711664.3522786712	-0.0009765625
#HTOF
5	0	0	0	0	0.000000e+00	1.000000e+00
5	0	1	0	0	0.000000e+00	1.000000e+00
5	0	2	0	0	0.000000e+00	1.000000e+00
5	0	3	0	0	0.000000e+00	1.000000e+00
5	0	4	0	0	0.000000e+00	1.000000e+00
5	0	5	0	0	0.000000e+00	1.000000e+00
5	0	6	0	0	0.000000e+00	1.000000e+00
5	0	7	0	0	0.000000e+00	1.000000e+00
5	0	8	0	0	0.000000e+00	1.000000e+00
5	0	9	0	0	0.000000e+00	1.000000e+00
5	0	10	0	0	0.000000e+00	1.000000e+00
5	0	11	0	0	0.000000e+00	1.000000e+00
5	0	12	0	0	0.000000e+00	1.000000e+00
5	0	13	0	0	0.000000e+00	1.000000e+00
5	0	14	0	0	0.000000e+00	1.000000e+00
5	0	15	0	0	0.000000e+00	1.000000e+00
5	0	16	0	0	0.000000e+00	1.000000e+00
5	0	17	0	0	0.000000e+00	1.000000e+00
5	0	18	0	0	0.000000e+00	1.000000e+00
5	0	19	0	0	0.000000e+00	1.000000e+00
5	0	20	0	0	0.000000e+00	1.000000e+00
5	0	21	0	0	0.000000e+00	1.000000e+00
5	0	22	0	0	0.000000e+00	1.000000e+00
5	0	23	0	0	0.000000e+00	1.000000e+00
5	0	24	0	0	0.000000e+00	1.000000e+00
5	0	25	0	0	0.000000e+00	1.000000e+00
5	0	26	0	0	0.000000e+00	1.000000e+00
5	0	27	0	0	0.000000e+00	1.000000e+00
5	0	28	0	0	0.000000e+00	1.000000e+00
5	0	29	0	0	0.000000e+00	1.000000e+00
5	0	30	0	0	0.000000e+00	1.000000e+00
5	0	31	0	0	0.000000e+00	1.000000e+00
5	0	32	0	0	0.000000e+00	1.000000e+00
5	0	33	0	0	0.000000e+00	1.000000e+00
5	0	0	0	1	0.000000e+00	1.000000e+00
5	0	1	0	1	0.000000e+00	1.000000e+00
5	0	2	0	1	0.000000e+00	1.000000e+00
5	0	3	0	1	0.000000e+00	1.000000e+00
5	0	4	0	1	0.000000e+00	1.000000e+00
5	0	5	0	1	0.000000e+00	1.000000e+00
5	0	6	0	1	0.000000e+00	1.000000e+00
5	0	7	0	1	0.000000e+00	1.000000e+00
5	0	8	0	1	0.000000e+00	1.000000e+00
5	0	9	0	1	0.000000e+00	1.000000e+00
5	0	10	0	1	0.000000e+00	1.000000e+00
5	0	11	0	1	0.000000e+00	1.000000e+00
5	0	12	0	1	0.000000e+00	1.000000e+00
5	0	13	0	1	0.000000e+00	1.000000e+00
5	0	14	0	1	0.000000e+00	1.000000e+00
5	0	15	0	1	0.000000e+00	1.000000e+00
5	0	16	0	1	0.000000e+00	1.000000e+00
5	0	17	0	1	0.000000e+00	1.000000e+00
5	0	18	0	1	0.000000e+00	1.000000e+00
5	0	19	0	1	0.000000e+00	1.000000e+00
5	0	20	0	1	0.000000e+00	1.000000e+00
5	0	21	0	1	0.000000e+00	1.000000e+00
5	0	22	0	1	0.000000e+00	1.000000e+00
5	0	23	0	1	0.000000e+00	1.000000e+00
5	0	24	0	1	0.000000e+00	1.000000e+00
5	0	25	0	1	0.000000e+00	1.000000e+00
5	0	26	0	1	0.000000e+00	1.000000e+00
5	0	27	0	1	0.000000e+00	1.000000e+00
5	0	28	0	1	0.000000e+00	1.000000e+00
5	0	29	0	1	0.000000e+00	1.000000e+00
5	0	30	0	1	0.000000e+00	1.000000e+00
5	0	31	0	1	0.000000e+00	1.000000e+00
5	0	32	0	1	0.000000e+00	1.000000e+00
5	0	33	0	1	0.000000e+00	1.000000e+00
5	0	0	0	2	0.000000e+00	1.000000e+00
5	0	1	0	2	0.000000e+00	1.000000e+00
5	0	2	0	2	0.000000e+00	1.000000e+00
5	0	3	0	2	0.000000e+00	1.000000e+00
5	0	4	0	2	0.000000e+00	1.000000e+00
5	0	5	0	2	0.000000e+00	1.000000e+00
5	0	6	0	2	0.000000e+00	1.000000e+00
5	0	7	0	2	0.000000e+00	1.000000e+00
5	0	8	0	2	0.000000e+00	1.000000e+00
5	0	9	0	2	0.000000e+00	1.000000e+00
5	0	10	0	2	0.000000e+00	1.000000e+00
5	0	11	0	2	0.000000e+00	1.000000e+00
5	0	12	0	2	0.000000e+00	1.000000e+00
5	0	13	0	2	0.000000e+00	1.000000e+00
5	0	14	0	2	0.000000e+00	1.000000e+00
5	0	15	0	2	0.000000e+00	1.000000e+00
5	0	16	0	2	0.000000e+00	1.000000e+00
5	0	17	0	2	0.000000e+00	1.000000e+00
5	0	18	0	2	0.000000e+00	1.000000e+00
5	0	19	0	2	0.000000e+00	1.000000e+00
5	0	20	0	2	0.000000e+00	1.000000e+00
5	0	21	0	2	0.000000e+00	1.000000e+00
5	0	22	0	2	0.000000e+00	1.000000e+00
5	0	23	0	2	0.000000e+00	1.000000e+00
5	0	24	0	2	0.000000e+00	1.000000e+00
5	0	25	0	2	0.000000e+00	1.000000e+00
5	0	26	0	2	0.000000e+00	1.000000e+00
5	0	27	0	2	0.000000e+00	1.000000e+00
5	0	28	0	2	0.000000e+00	1.000000e+00
5	0	29	0	2	0.000000e+00	1.000000e+00
5	0	30	0	2	0.000000e+00	1.000000e+00
5	0	31	0	2	0.000000e+00	1.000000e+00
5	0	32	0	2	0.000000e+00	1.000000e+00
5	0	33	0	2	0.000000e+00	1.000000e+00
5	0	0	1	0	1.000000e+00	-9.765625e-04
5	0	1	1	0	1.000000e+00	-9.765625e-04
5	0	2	1	0	1.000000e+00	-9.765625e-04
5	0	3	1	0	1.000000e+00	-9.765625e-04
5	0	4	1	0	1.000000e+00	-9.765625e-04
5	0	5	1	0	1.000000e+00	-9.765625e-04
5	0	6	1	0	1.000000e+00	-9.765625e-04
5	0	7	1	0	1.000000e+00	-9.765625e-04
5	0	8	1	0	1.000000e+00	-9.765625e-04
5	0	9	1	0	1.000000e+00	-9.765625e-04
5	0	10	1	0	1.000000e+00	-9.765625e-04
5	0	11	1	0	1.000000e+00	-9.765625e-04
5	0	12	1	0	1.000000e+00	-9.765625e-04
5	0	13	1	0	1.000000e+00	-9.765625e-04
5	0	14	1	0	1.000000e+00	-9.765625e-04
5	0	15	1	0	1.000000e+00	-9.765625e-04
5	0	16	1	0	1.000000e+00	-9.765625e-04
5	0	17	1	0	1.000000e+00	-9.765625e-04
5	0	18	1	0	1.000000e+00	-9.765625e-04
5	0	19	1	0	1.000000e+00	-9.765625e-04
5	0	20	1	0	1.000000e+00	-9.765625e-04
5	0	21	1	0	1.000000e+00	-9.765625e-04
5	0	22	1	0	1.000000e+00	-9.765625e-04
5	0	23	1	0	1.000000e+00	-9.765625e-04
5	0	24	1	0	1.000000e+00	-9.765625e-04
5	0	25	1	0	1.000000e+00	-9.765625e-04
5	0	26	1	0	1.000000e+00	-9.765625e-04
5	0	27	1	0	1.000000e+00	-9.765625e-04
5	0	28	1	0	1.000000e+00	-9.765625e-04
5	0	29	1	0	1.000000e+00	-9.765625e-04
5	0	30	1	0	1.000000e+00	-9.765625e-04
5	0	31	1	0	1.000000e+00	-9.765625e-04
5	0	32	1	0	1.000000e+00	-9.765625e-04
5	0	33	1	0	1.000000e+00	-9.765625e-04
5	0	0	1	1	1.000000e+00	-9.765625e-04
5	0	1	1	1	1.000000e+00	-9.765625e-04
5	0	2	1	1	1.000000e+00	-9.765625e-04
5	0	3	1	1	1.000000e+00	-9.765625e-04
5	0	4	1	1	1.000000e+00	-9.765625e-04
5	0	5	1	1	1.000000e+00	-9.765625e-04
5	0	6	1	1	1.000000e+00	-9.765625e-04
5	0	7	1	1	1.000000e+00	-9.765625e-04
5	0	8	1	1	1.000000e+00	-9.765625e-04
5	0	9	1	1	1.000000e+00	-9.765625e-04
5	0	10	1	1	1.000000e+00	-9.765625e-04
5	0	11	1	1	1.000000e+00	-9.765625e-04
5	0	12	1	1	1.000000e+00	-9.765625e-04
5	0	13	1	1	1.000000e+00	-9.765625e-04
5	0	14	1	1	1.000000e+00	-9.765625e-04
5	0	15	1	1	1.000000e+00	-9.765625e-04
5	0	16	1	1	1.000000e+00	-9.765625e-04
5	0	17	1	1	1.000000e+00	-9.765625e-04
5	0	18	1	1	1.000000e+00	-9.765625e-04
5	0	19	1	1	1.000000e+00	-9.765625e-04
5	0	20	1	1	1.000000e+00	-9.765625e-04
5	0	21	1	1	1.000000e+00	-9.765625e-04
5	0	22	1	1	1.000000e+00	-9.765625e-04
5	0	23	1	1	1.000000e+00	-9.765625e-04
5	0	24	1	1	1.000000e+00	-9.765625e-04
5	0	25	1	1	1.000000e+00	-9.765625e-04
5	0	26	1	1	1.000000e+00	-9.765625e-04
5	0	27	1	1	1.000000e+00	-9.765625e-04
5	0	28	1	1	1.000000e+00	-9.765625e-04
5	0	29	1	1	1.000000e+00	-9.765625e-04
5	0	30	1	1	1.000000e+00	-9.765625e-04
5	0	31	1	1	1.000000e+00	-9.765625e-04
5	0	32	1	1	1.000000e+00	-9.765625e-04
5	0	33	1	1	1.000000e+00	-9.765625e-04
5	0	0	1	2	1.000000e+00	-9.765625e-04
5	0	1	1	2	1.000000e+00	-9.765625e-04
5	0	2	1	2	1.000000e+00	-9.765625e-04
5	0	3	1	2	1.000000e+00	-9.765625e-04
5	0	4	1	2	1.000000e+00	-9.765625e-04
5	0	5	1	2	1.000000e+00	-9.765625e-04
5	0	6	1	2	1.000000e+00	-9.765625e-04
5	0	7	1	2	1.000000e+00	-9.765625e-04
5	0	8	1	2	1.000000e+00	-9.765625e-04
5	0	9	1	2	1.000000e+00	-9.765625e-04
5	0	10	1	2	1.000000e+00	-9.765625e-04
5	0	11	1	2	1.000000e+00	-9.765625e-04
5	0	12	1	2	1.000000e+00	-9.765625e-04
5	0	13	1	2	1.000000e+00	-9.765625e-04
5	0	14	1	2	1.000000e+00	-9.765625e-04
5	0	15	1	2	1.000000e+00	-9.765625e-04
5	0	16	1	2	1.000000e+00	-9.765625e-04
5	0	17	1	2	1.000000e+00	-9.765625e-04
5	0	18	1	2	1.000000e+00	-9.765625e-04
5	0	19	1	2	1.000000e+00	-9.765625e-04
5	0	20	1	2	1.000000e+00	-9.765625e-04
5	0	21	1	2	1.000000e+00	-9.765625e-04
5	0	22	1	2	1.000000e+00	-9.765625e-04
5	0	23	1	2	1.000000e+00	-9.765625e-04
5	0	24	1	2	1.000000e+00	-9.765625e-04
5	0	25	1	2	1.000000e+00	-9.765625e-04
5	0	26	1	2	1.000000e+00	-9.765625e-04
5	0	27	1	2	1.000000e+00	-9.765625e-04
5	0	28	1	2	1.000000e+00	-9.765625e-04
5	0	29	1	2	1.000000e+00	-9.765625e-04
5	0	30	1	2	1.000000e+00	-9.765625e-04
5	0	31	1	2	1.000000e+00	-9.765625e-04
5	0	32	1	2	1.000000e+00	-9.765625e-04
5	0	33	1	2	1.000000e+00	-9.765625e-04
#KVC
6	0	0	0	0	123.81219342462067	9.405720e+00
6	0	1	0	0	99.89535508274518	9.293611e+00
6	0	2	0	0	101.78849878216457	9.794817e+00
6	0	3	0	0	118.39339868708709	8.935510e+00
6	0	4	0	0	115.62128906547427	9.405720e+00
6	0	5	0	0	127.18009407254246	9.293611e+00
6	0	6	0	0	102.03537151221423	9.794817e+00
6	0	7	0	0	120.76738740253236	8.935510e+00
6	0	0	0	1	141.04867150424303	8.864464e+00
6	0	1	0	1	113.96172596534582	1.002469e+01
6	0	2	0	1	143.342162463965	9.032530e+00
6	0	3	0	1	89.40056786773975	8.566897e+00
6	0	4	0	1	97.77319829028542	8.864464e+00
6	0	5	0	1	120.55789437001454	1.002469e+01
6	0	6	0	1	104.24870849048443	9.032530e+00
6	0	7	0	1	113.26057559952218	8.566897e+00
6	0	0	0	2	104.1672775865543	9.281763e+00
6	0	1	0	2	108.6068171208916	9.597398e+00
6	0	2	0	2	111.66408545873425	9.604148e+00
6	0	3	0	2	97.38632374864835	9.156487e+00
6	0	4	0	2	91.19420368535248	9.281763e+00
6	0	5	0	2	106.70553747733891	9.597398e+00
6	0	6	0	2	111.72971101345546	9.604148e+00
6	0	7	0	2	114.03454235808736	9.156487e+00
6	0	0	0	3	110.60925022454231	9.215651e+00
6	0	1	0	3	134.88582249413165	9.984777e+00
6	0	2	0	3	111.41813285799542	9.305942e+00
6	0	3	0	3	101.85959454425702	9.693401e+00
6	0	4	0	3	101.38499775530883	9.215651e+00
6	0	5	0	3	121.80919907827855	9.984777e+00
6	0	6	0	3	89.14582420924717	9.305942e+00
6	0	7	0	3	126.97426114950564	9.693401e+00
6	0	0	0	4	165.74282662464543	9.192747e+00
6	0	1	0	4	144.95421569241051	9.755004e+00
6	0	2	0	4	147.9005422041792	9.437462e+00
6	0	3	0	4	99.79803349246511	9.100621e+00
6	0	4	0	4	182.0693389604587	9.192747e+00
6	0	5	0	4	89.04440360982541	9.755004e+00
6	0	6	0	4	101.51567599734214	9.437462e+00
6	0	7	0	4	251.38044260252178	9.100621e+00
6	0	0	1	4	692311.4435560846	-0.0009765625
6	0	1	1	4	693639.762845162	-0.0009765625
6	0	2	1	4	696893.2275676898	-0.0009765625
6	0	3	1	4	697911.9605302926	-0.0009765625
6	0	4	1	4	697256.104385148	-0.0009765625
6	0	5	1	4	697456.4017436933	-0.0009765625
6	0	6	1	4	695445.4659503829	-0.0009765625
6	0	7	1	4	693374.1052668644	-0.0009765625
#T1
7	0	0	0	0	261.8134810323859	372.6641126536093
7	0	0	1	0	701007.1889939334	-0.0009765625
#CVC
8	0	0	0	0	0.000000e+00	1.000000e+00
8	0	1	0	0	0.000000e+00	1.000000e+00
8	0	2	0	0	0.000000e+00	1.000000e+00
8	0	3	0	0	0.000000e+00	1.000000e+00
8	0	4	0	0	0.000000e+00	1.000000e+00
8	0	5	0	0	0.000000e+00	1.000000e+00
8	0	6	0	0	0.000000e+00	1.000000e+00
8	0	7	0	0	0.000000e+00	1.000000e+00
8	0	0	0	1	0.000000e+00	1.000000e+00
8	0	1	0	1	0.000000e+00	1.000000e+00
8	0	2	0	1	0.000000e+00	1.000000e+00
8	0	3	0	1	0.000000e+00	1.000000e+00
8	0	4	0	1	0.000000e+00	1.000000e+00
8	0	5	0	1	0.000000e+00	1.000000e+00
8	0	6	0	1	0.000000e+00	1.000000e+00
8	0	7	0	1	0.000000e+00	1.000000e+00
8	0	0	1	0	1.000000e+00	-9.765625e-04
8	0	1	1	0	1.000000e+00	-9.765625e-04
8	0	2	1	0	1.000000e+00	-9.765625e-04
8	0	3	1	0	1.000000e+00	-9.765625e-04
8	0	4	1	0	1.000000e+00	-9.765625e-04
8	0	5	1	0	1.000000e+00	-9.765625e-04
8	0	6	1	0	1.000000e+00	-9.765625e-04
8	0	7	1	0	1.000000e+00	-9.765625e-04
8	0	0	1	1	1.000000e+00	-9.765625e-04
8	0	1	1	1	1.000000e+00	-9.765625e-04
8	0	2	1	1	1.000000e+00	-9.765625e-04
8	0	3	1	1	1.000000e+00	-9.765625e-04
8	0	4	1	1	1.000000e+00	-9.765625e-04
8	0	5	1	1	1.000000e+00	-9.765625e-04
8	0	6	1	1	1.000000e+00	-9.765625e-04
8	0	7	1	1	1.000000e+00	-9.765625e-04
#SAC3
9	0	0	0	0	0.000000e+00	1.000000e+00
9	0	0	1	0	1.000000e+00	-9.765625e-04
#SFV
10	0	0	1	0	1.000000e+00	-9.765625e-04
#COBO
11	0	0	1	0	1.575e+06	-9.765625e-04
11	0	1	1	0	1.575e+06	-9.765625e-04
11	0	2	1	0	1.575e+06	-9.765625e-04
11	0	3	1	0	1.575e+06	-9.765625e-04
11	0	4	1	0	1.575e+06	-9.765625e-04
11	0	5	1	0	1.575e+06	-9.765625e-04
11	0	6	1	0	1.575e+06	-9.765625e-04
11	0	7	1	0	1.575e+06	-9.765625e-04
