#CId	PlId	SegId	AorT	UorD	p0	p1
#BHT
1	0	0	0	0	0.0	8.94774353209044
1	0	1	0	0	0.0	8.411005665978607
1	0	2	0	0	0.0	9.680270535108596
1	0	3	0	0	0.0	8.704807468360366
1	0	4	0	0	0.0	9.172250927225702
1	0	5	0	0	0.0	8.960470923439662
1	0	6	0	0	0.0	9.469033772897705
1	0	7	0	0	0.0	7.603643127440666
1	0	8	0	0	0.0	9.300044270675748
1	0	9	0	0	0.0	8.24473867318758
1	0	10	0	0	0.0	8.908187351686982
1	0	11	0	0	0.0	7.932731915930947
1	0	12	0	0	0.0	9.419526895872108
1	0	13	0	0	0.0	8.311854072125147
1	0	14	0	0	0.0	9.270887064495968
1	0	15	0	0	0.0	7.860874532491648
1	0	16	0	0	0.0	8.813274943912575
1	0	17	0	0	0.0	8.543552188649485
1	0	18	0	0	0.0	8.957610533299665
1	0	19	0	0	0.0	8.132428417118634
1	0	20	0	0	0.0	8.749948775289393
1	0	21	0	0	0.0	8.638575383893421
1	0	22	0	0	0.0	8.736791637946906
1	0	23	0	0	0.0	7.648697738921436
1	0	24	0	0	0.0	8.987263368339102
1	0	25	0	0	0.0	8.688250318599499
1	0	26	0	0	0.0	8.995381398398536
1	0	27	0	0	0.0	8.19213157142985
1	0	28	0	0	0.0	8.836556601405777
1	0	29	0	0	0.0	8.941096527581202
1	0	30	0	0	0.0	8.810447939771345
1	0	31	0	0	0.0	8.237599956640283
1	0	32	0	0	0.0	8.997645030015816
1	0	33	0	0	0.0	8.68246222364571
1	0	34	0	0	0.0	8.840229469301862
1	0	35	0	0	0.0	8.182538086569505
1	0	36	0	0	0.0	9.006247457327508
1	0	37	0	0	0.0	8.492229126402986
1	0	38	0	0	0.0	8.758071047951733
1	0	39	0	0	0.0	8.19096845265239
1	0	40	0	0	0.0	9.02587378979005
1	0	41	0	0	0.0	8.351883647044724
1	0	42	0	0	0.0	9.117479937720057
1	0	43	0	0	0.0	8.26487158424064
1	0	44	0	0	0.0	9.03151321328471
1	0	45	0	0	0.0	8.625486904716468
1	0	46	0	0	0.0	8.947414163271231
1	0	47	0	0	0.0	8.604560112495687
1	0	48	0	0	0.0	9.326082903464007
1	0	49	0	0	0.0	8.742800102619778
1	0	50	0	0	0.0	8.864541593169367
1	0	51	0	0	0.0	8.00839146727314
1	0	52	0	0	0.0	9.074696137285997
1	0	53	0	0	0.0	8.629254664034063
1	0	54	0	0	0.0	9.27168677670265
1	0	55	0	0	0.0	8.273088632953778
1	0	56	0	0	0.0	9.199972563726272
1	0	57	0	0	0.0	8.921712499835285
1	0	58	0	0	0.0	8.936820027832562
1	0	59	0	0	0.0	8.229872605098079
1	0	60	0	0	0.0	9.348514210976006
1	0	61	0	0	0.0	9.198974991788512
1	0	62	0	0	0.0	9.581608923837358
1	0	0	0	1	0.0	9.31204407376418
1	0	1	0	1	0.0	9.667637080686644
1	0	2	0	1	0.0	9.801299350259127
1	0	3	0	1	0.0	9.727960403881953
1	0	4	0	1	0.0	8.997523621240825
1	0	5	0	1	0.0	9.43579338637885
1	0	6	0	1	0.0	9.450390703643
1	0	7	0	1	0.0	8.626117928128885
1	0	8	0	1	0.0	8.848872422755607
1	0	9	0	1	0.0	8.734416807295766
1	0	10	0	1	0.0	8.940075265789797
1	0	11	0	1	0.0	8.835635129071628
1	0	12	0	1	0.0	9.081500241306898
1	0	13	0	1	0.0	8.68131113468918
1	0	14	0	1	0.0	8.554411387040238
1	0	15	0	1	0.0	8.946331536269955
1	0	16	0	1	0.0	8.905376318816582
1	0	17	0	1	0.0	9.056184106698849
1	0	18	0	1	0.0	9.188413144585729
1	0	19	0	1	0.0	9.171773349177831
1	0	20	0	1	0.0	8.957069123356993
1	0	21	0	1	0.0	8.933913432793352
1	0	22	0	1	0.0	8.98458275305869
1	0	23	0	1	0.0	8.842354157535652
1	0	24	0	1	0.0	8.69580705583931
1	0	25	0	1	0.0	8.77779222710041
1	0	26	0	1	0.0	8.731680942017157
1	0	27	0	1	0.0	8.840153219280252
1	0	28	0	1	0.0	8.856889003667602
1	0	29	0	1	0.0	9.06156803717479
1	0	30	0	1	0.0	9.013915499013217
1	0	31	0	1	0.0	9.018674910909333
1	0	32	0	1	0.0	8.968547924075644
1	0	33	0	1	0.0	8.825471724691209
1	0	34	0	1	0.0	8.86540742308403
1	0	35	0	1	0.0	8.765466365203093
1	0	36	0	1	0.0	8.982976585786929
1	0	37	0	1	0.0	8.707925921978607
1	0	38	0	1	0.0	8.817108099211485
1	0	39	0	1	0.0	8.936531575347491
1	0	40	0	1	0.0	8.699079209364216
1	0	41	0	1	0.0	8.626323028260044
1	0	42	0	1	0.0	9.166953220282984
1	0	43	0	1	0.0	8.75909288540738
1	0	44	0	1	0.0	8.865233682452663
1	0	45	0	1	0.0	8.752056966285489
1	0	46	0	1	0.0	8.877379878532803
1	0	47	0	1	0.0	9.118020817848977
1	0	48	0	1	0.0	9.170095217054001
1	0	49	0	1	0.0	9.163911954232574
1	0	50	0	1	0.0	8.863977114075084
1	0	51	0	1	0.0	8.617680255374426
1	0	52	0	1	0.0	8.81376767855447
1	0	53	0	1	0.0	8.784871720175754
1	0	54	0	1	0.0	9.28048737132134
1	0	55	0	1	0.0	9.188656741674158
1	0	56	0	1	0.0	8.342156338235487
1	0	57	0	1	0.0	9.0387040963739
1	0	58	0	1	0.0	8.621000168487043
1	0	59	0	1	0.0	9.042021397467536
1	0	60	0	1	0.0	8.858634240355485
1	0	61	0	1	0.0	9.158494381960482
1	0	62	0	1	0.0	9.063297533030704
1	0	0	1	0	1414378.888888889	-0.0009765625
1	0	1	1	0	1414447.3493975904	-0.0009765625
1	0	2	1	0	1414460.566037736	-0.0009765625
1	0	3	1	0	1414342.6050420168	-0.0009765625
1	0	4	1	0	1414388.4070796461	-0.0009765625
1	0	5	1	0	1414661.2977099237	-0.0009765625
1	0	6	1	0	1414227.1830985916	-0.0009765625
1	0	7	1	0	1414816.6257668713	-0.0009765625
1	0	8	1	0	1413746.0264900662	-0.0009765625
1	0	9	1	0	1414675.7647058824	-0.0009765625
1	0	10	1	0	1414023.5849056605	-0.0009765625
1	0	11	1	0	1414875.7142857143	-0.0009765625
1	0	12	1	0	1414631.1914893617	-0.0009765625
1	0	13	1	0	1415349.009009009	-0.0009765625
1	0	14	1	0	1414538.0147058824	-0.0009765625
1	0	15	1	0	1414813.8383838383	-0.0009765625
1	0	16	1	0	1414448.3723835687	-0.0009765625
1	0	17	1	0	1415589.516461756	-0.0009765625
1	0	18	1	0	1415054.0405692367	-0.0009765625
1	0	19	1	0	1415585.1151750416	-0.0009765625
1	0	20	1	0	1416086.085857021	-0.0009765625
1	0	21	1	0	1416317.972260222	-0.0009765625
1	0	22	1	0	1416715.1582695546	-0.0009765625
1	0	23	1	0	1416148.734543072	-0.0009765625
1	0	24	1	0	1416594.2542046648	-0.0009765625
1	0	25	1	0	1417096.8240707228	-0.0009765625
1	0	26	1	0	1417299.9212208672	-0.0009765625
1	0	27	1	0	1416561.574461603	-0.0009765625
1	0	28	1	0	1416882.4740900774	-0.0009765625
1	0	29	1	0	1416898.729533509	-0.0009765625
1	0	30	1	0	1416749.6559593403	-0.0009765625
1	0	31	1	0	1414999.027141853	-0.0009765625
1	0	32	1	0	1415494.438809881	-0.0009765625
1	0	33	1	0	1415312.6899449343	-0.0009765625
1	0	34	1	0	1415827.7432262332	-0.0009765625
1	0	35	1	0	1416022.3609605604	-0.0009765625
1	0	36	1	0	1415754.407687862	-0.0009765625
1	0	37	1	0	1416222.403746703	-0.0009765625
1	0	38	1	0	1415794.6107756807	-0.0009765625
1	0	39	1	0	1416095.2080848734	-0.0009765625
1	0	40	1	0	1415277.0241067612	-0.0009765625
1	0	41	1	0	1416151.1996020025	-0.0009765625
1	0	42	1	0	1415656.8864040426	-0.0009765625
1	0	43	1	0	1416615.946910725	-0.0009765625
1	0	44	1	0	1415505.606060606	-0.0009765625
1	0	45	1	0	1416335.3333333333	-0.0009765625
1	0	46	1	0	1415487.652173913	-0.0009765625
1	0	47	1	0	1416147.4193548388	-0.0009765625
1	0	48	1	0	1415469.9107142857	-0.0009765625
1	0	49	1	0	1416307.3275862068	-0.0009765625
1	0	50	1	0	1415525.294117647	-0.0009765625
1	0	51	1	0	1416582.5531914893	-0.0009765625
1	0	52	1	0	1416207.8325123154	-0.0009765625
1	0	53	1	0	1416641.6666666667	-0.0009765625
1	0	54	1	0	1416343.5632183908	-0.0009765625
1	0	55	1	0	1415618.2080924856	-0.0009765625
1	0	56	1	0	1415521.393939394	-0.0009765625
1	0	57	1	0	1416549.8742138364	-0.0009765625
1	0	58	1	0	1416111.7964071857	-0.0009765625
1	0	59	1	0	1416667.5324675324	-0.0009765625
1	0	60	1	0	1415359.6551724137	-0.0009765625
1	0	61	1	0	1416237.294117647	-0.0009765625
1	0	62	1	0	1415935.9872611465	-0.0009765625
1	0	0	1	1	1416484.9367088608	-0.0009765625
1	0	1	1	1	1417436.2068965517	-0.0009765625
1	0	2	1	1	1415717.1844660195	-0.0009765625
1	0	3	1	1	1417117.3770491802	-0.0009765625
1	0	4	1	1	1416601.7241379311	-0.0009765625
1	0	5	1	1	1417163.7777777778	-0.0009765625
1	0	6	1	1	1415781.6312056738	-0.0009765625
1	0	7	1	1	1416967.6	-0.0009765625
1	0	8	1	1	1416277.2611464967	-0.0009765625
1	0	9	1	1	1417145.8857142858	-0.0009765625
1	0	10	1	1	1416005.975609756	-0.0009765625
1	0	11	1	1	1416829.4117647058	-0.0009765625
1	0	12	1	1	1416471.5789473683	-0.0009765625
1	0	13	1	1	1417305.242290749	-0.0009765625
1	0	14	1	1	1415721.003717472	-0.0009765625
1	0	15	1	1	1416763.1872816444	-0.0009765625
1	0	16	1	1	1415840.865051903	-0.0009765625
1	0	17	1	1	1417312.7001313514	-0.0009765625
1	0	18	1	1	1415885.7241644447	-0.0009765625
1	0	19	1	1	1416969.5280723239	-0.0009765625
1	0	20	1	1	1416315.8306588512	-0.0009765625
1	0	21	1	1	1417310.0959460668	-0.0009765625
1	0	22	1	1	1416347.143171486	-0.0009765625
1	0	23	1	1	1417102.808604647	-0.0009765625
1	0	24	1	1	1417092.448543553	-0.0009765625
1	0	25	1	1	1417960.2233504446	-0.0009765625
1	0	26	1	1	1416873.2400844072	-0.0009765625
1	0	27	1	1	1417312.860649829	-0.0009765625
1	0	28	1	1	1416842.3633708677	-0.0009765625
1	0	29	1	1	1416498.5175506845	-0.0009765625
1	0	30	1	1	1415944.3351110702	-0.0009765625
1	0	31	1	1	1415680.734292168	-0.0009765625
1	0	32	1	1	1417372.5099427907	-0.0009765625
1	0	33	1	1	1417176.56111571	-0.0009765625
1	0	34	1	1	1416918.4164479119	-0.0009765625
1	0	35	1	1	1416680.4464263087	-0.0009765625
1	0	36	1	1	1416984.1020942347	-0.0009765625
1	0	37	1	1	1416981.557141207	-0.0009765625
1	0	38	1	1	1416398.5494128207	-0.0009765625
1	0	39	1	1	1416627.9392208254	-0.0009765625
1	0	40	1	1	1416703.103827765	-0.0009765625
1	0	41	1	1	1416698.8571600812	-0.0009765625
1	0	42	1	1	1416302.0955750148	-0.0009765625
1	0	43	1	1	1416315.7276891603	-0.0009765625
1	0	44	1	1	1415415.0193050194	-0.0009765625
1	0	45	1	1	1416087.7021276595	-0.0009765625
1	0	46	1	1	1414988.392857143	-0.0009765625
1	0	47	1	1	1415927.6303317535	-0.0009765625
1	0	48	1	1	1415079.8642533936	-0.0009765625
1	0	49	1	1	1415900.5982905983	-0.0009765625
1	0	50	1	1	1414571.5246636772	-0.0009765625
1	0	51	1	1	1415845.8115183245	-0.0009765625
1	0	52	1	1	1415120.4522613066	-0.0009765625
1	0	53	1	1	1415756.6331658291	-0.0009765625
1	0	54	1	1	1414684.367816092	-0.0009765625
1	0	55	1	1	1414752.1176470588	-0.0009765625
1	0	56	1	1	1414830.1257861636	-0.0009765625
1	0	57	1	1	1415852.4691358025	-0.0009765625
1	0	58	1	1	1415130.3797468354	-0.0009765625
1	0	59	1	1	1415288.6928104574	-0.0009765625
1	0	60	1	1	1414885.7241379311	-0.0009765625
1	0	61	1	1	1415024.1666666667	-0.0009765625
1	0	62	1	1	1415177.320261438	-0.0009765625
#BH2
3	0	0	0	0	119.06427992688627	212.6694741176952
3	0	1	0	0	147.40089931411754	276.1656002763347
3	0	2	0	0	102.23599677376528	234.10265191535342
3	0	3	0	0	136.0427341908236	289.5299313320057
3	0	4	0	0	126.74730914046064	246.11555252601158
3	0	5	0	0	129.15465379564728	273.5293966570132
3	0	6	0	0	128.6941377070694	212.79195160068167
3	0	7	0	0	122.8596966385873	290.4721646800884
3	0	8	0	0	114.41559028711947	259.4019566670182
3	0	9	0	0	110.50294978253787	259.8675781661223
3	0	10	0	0	140.08331149260957	273.76321382766605
3	0	11	0	0	115.67833409098932	228.24085556510164
3	0	12	0	0	111.80640537361074	266.90767765762513
3	0	13	0	0	95.92519876648186	252.05860133893137
3	0	14	0	0	143.21077266676426	255.17442148820635
3	0	0	0	1	126.42355757353951	273.165012633896
3	0	1	0	1	107.55881824752743	240.94098410194022
3	0	2	0	1	119.0389543775447	254.2317154047089
3	0	3	0	1	90.9487277149828	253.34658714926428
3	0	4	0	1	126.39518155097102	266.92711419721354
3	0	5	0	1	106.64504126022359	242.15326858889833
3	0	6	0	1	105.28067800316056	233.2342111001145
3	0	7	0	1	109.98936450438387	248.73519903887927
3	0	8	0	1	123.05204603879383	240.06698398832745
3	0	9	0	1	105.81508933662336	225.49123298009889
3	0	10	0	1	118.38961531137764	226.62606692200416
3	0	11	0	1	116.5728381423975	229.656770282553
3	0	12	0	1	113.37142487938077	259.9778105664854
3	0	13	0	1	107.6432745741437	255.5085629424374
3	0	14	0	1	114.2223185736315	276.72600163481593
3	0	0	1	0	722312.1220375444	-0.0009765625
3	0	1	1	0	722118.8224687898	-0.0009765625
3	0	2	1	0	722471.9406942066	-0.0009765625
3	0	3	1	0	722448.380991246	-0.0009765625
3	0	4	1	0	723357.0366982768	-0.0009765625
3	0	5	1	0	723775.1248285505	-0.0009765625
3	0	6	1	0	722732.1755364764	-0.0009765625
3	0	7	1	0	722737.0478793257	-0.0009765625
3	0	8	1	0	723604.9412450056	-0.0009765625
3	0	9	1	0	723448.2232192074	-0.0009765625
3	0	10	1	0	722876.1309138477	-0.0009765625
3	0	11	1	0	722381.154734736	-0.0009765625
3	0	12	1	0	722386.5057632132	-0.0009765625
3	0	13	1	0	721777.7431676253	-0.0009765625
3	0	14	1	0	721885.3141372169	-0.0009765625
3	0	0	1	1	725380.6835710132	-0.0009765625
3	0	1	1	1	724950.5217109189	-0.0009765625
3	0	2	1	1	726064.556337199	-0.0009765625
3	0	3	1	1	725743.0103677817	-0.0009765625
3	0	4	1	1	725552.7111585657	-0.0009765625
3	0	5	1	1	726054.5348517476	-0.0009765625
3	0	6	1	1	726048.4539680463	-0.0009765625
3	0	7	1	1	726204.1878798092	-0.0009765625
3	0	8	1	1	726861.3157873559	-0.0009765625
3	0	9	1	1	726400.5472281822	-0.0009765625
3	0	10	1	1	726640.3989069806	-0.0009765625
3	0	11	1	1	725175.9501766331	-0.0009765625
3	0	12	1	1	725329.940695775	-0.0009765625
3	0	13	1	1	724681.7695657108	-0.0009765625
3	0	14	1	1	725116.3222294785	-0.0009765625
3	0	0	1	2	-0.3080588235294111	1.0
3	0	1	1	2	-0.2303553100322539	1.0
3	0	2	1	2	-0.1176719336390372	1.0
3	0	3	1	2	0.2996077578992498	1.0
3	0	4	1	2	-0.34185541773301586	1.0
3	0	5	1	2	0.5137631623845745	1.0
3	0	6	1	2	-0.2840881213828459	1.0
3	0	7	1	2	0.5148492846492978	1.0
3	0	8	1	2	-0.003000670288947747	1.0
3	0	9	1	2	0.16927425082598435	1.0
3	0	10	1	2	-0.2082721116124014	1.0
3	0	11	1	2	-0.23883066024536664	1.0
3	0	12	1	2	-0.4458300454940683	1.0
3	0	13	1	2	-0.447750060358398	1.0
3	0	14	1	2	-0.6022549139842491	1.0
#BAC
4	0	0	0	0	100.74706858227185	11.208
4	0	1	0	0	86.18793381275621	10.463
4	0	2	0	0	84.87847373303552	9.015
4	0	3	0	0	74.43243357888404	10.424
4	0	4	0	0	194.94371778314098	10.278
4	0	0	1	0	1.000000e+00	-9.765625e-04
4	0	1	1	0	1.000000e+00	-9.765625e-04
4	0	2	1	0	1.000000e+00	-9.765625e-04
4	0	3	1	0	1.000000e+00	-9.765625e-04
4	0	4	1	0	711806.3450492861	-0.0009765625
#HTOF
5	0	0	0	0	0.000000e+00	1.000000e+00
5	0	1	0	0	0.000000e+00	1.000000e+00
5	0	2	0	0	0.000000e+00	1.000000e+00
5	0	3	0	0	0.000000e+00	1.000000e+00
5	0	4	0	0	0.000000e+00	1.000000e+00
5	0	5	0	0	0.000000e+00	1.000000e+00
5	0	6	0	0	0.000000e+00	1.000000e+00
5	0	7	0	0	0.000000e+00	1.000000e+00
5	0	8	0	0	0.000000e+00	1.000000e+00
5	0	9	0	0	0.000000e+00	1.000000e+00
5	0	10	0	0	0.000000e+00	1.000000e+00
5	0	11	0	0	0.000000e+00	1.000000e+00
5	0	12	0	0	0.000000e+00	1.000000e+00
5	0	13	0	0	0.000000e+00	1.000000e+00
5	0	14	0	0	0.000000e+00	1.000000e+00
5	0	15	0	0	0.000000e+00	1.000000e+00
5	0	16	0	0	0.000000e+00	1.000000e+00
5	0	17	0	0	0.000000e+00	1.000000e+00
5	0	18	0	0	0.000000e+00	1.000000e+00
5	0	19	0	0	0.000000e+00	1.000000e+00
5	0	20	0	0	0.000000e+00	1.000000e+00
5	0	21	0	0	0.000000e+00	1.000000e+00
5	0	22	0	0	0.000000e+00	1.000000e+00
5	0	23	0	0	0.000000e+00	1.000000e+00
5	0	24	0	0	0.000000e+00	1.000000e+00
5	0	25	0	0	0.000000e+00	1.000000e+00
5	0	26	0	0	0.000000e+00	1.000000e+00
5	0	27	0	0	0.000000e+00	1.000000e+00
5	0	28	0	0	0.000000e+00	1.000000e+00
5	0	29	0	0	0.000000e+00	1.000000e+00
5	0	30	0	0	0.000000e+00	1.000000e+00
5	0	31	0	0	0.000000e+00	1.000000e+00
5	0	32	0	0	0.000000e+00	1.000000e+00
5	0	33	0	0	0.000000e+00	1.000000e+00
5	0	0	0	1	0.000000e+00	1.000000e+00
5	0	1	0	1	0.000000e+00	1.000000e+00
5	0	2	0	1	0.000000e+00	1.000000e+00
5	0	3	0	1	0.000000e+00	1.000000e+00
5	0	4	0	1	0.000000e+00	1.000000e+00
5	0	5	0	1	0.000000e+00	1.000000e+00
5	0	6	0	1	0.000000e+00	1.000000e+00
5	0	7	0	1	0.000000e+00	1.000000e+00
5	0	8	0	1	0.000000e+00	1.000000e+00
5	0	9	0	1	0.000000e+00	1.000000e+00
5	0	10	0	1	0.000000e+00	1.000000e+00
5	0	11	0	1	0.000000e+00	1.000000e+00
5	0	12	0	1	0.000000e+00	1.000000e+00
5	0	13	0	1	0.000000e+00	1.000000e+00
5	0	14	0	1	0.000000e+00	1.000000e+00
5	0	15	0	1	0.000000e+00	1.000000e+00
5	0	16	0	1	0.000000e+00	1.000000e+00
5	0	17	0	1	0.000000e+00	1.000000e+00
5	0	18	0	1	0.000000e+00	1.000000e+00
5	0	19	0	1	0.000000e+00	1.000000e+00
5	0	20	0	1	0.000000e+00	1.000000e+00
5	0	21	0	1	0.000000e+00	1.000000e+00
5	0	22	0	1	0.000000e+00	1.000000e+00
5	0	23	0	1	0.000000e+00	1.000000e+00
5	0	24	0	1	0.000000e+00	1.000000e+00
5	0	25	0	1	0.000000e+00	1.000000e+00
5	0	26	0	1	0.000000e+00	1.000000e+00
5	0	27	0	1	0.000000e+00	1.000000e+00
5	0	28	0	1	0.000000e+00	1.000000e+00
5	0	29	0	1	0.000000e+00	1.000000e+00
5	0	30	0	1	0.000000e+00	1.000000e+00
5	0	31	0	1	0.000000e+00	1.000000e+00
5	0	32	0	1	0.000000e+00	1.000000e+00
5	0	33	0	1	0.000000e+00	1.000000e+00
5	0	0	0	2	0.000000e+00	1.000000e+00
5	0	1	0	2	0.000000e+00	1.000000e+00
5	0	2	0	2	0.000000e+00	1.000000e+00
5	0	3	0	2	0.000000e+00	1.000000e+00
5	0	4	0	2	0.000000e+00	1.000000e+00
5	0	5	0	2	0.000000e+00	1.000000e+00
5	0	6	0	2	0.000000e+00	1.000000e+00
5	0	7	0	2	0.000000e+00	1.000000e+00
5	0	8	0	2	0.000000e+00	1.000000e+00
5	0	9	0	2	0.000000e+00	1.000000e+00
5	0	10	0	2	0.000000e+00	1.000000e+00
5	0	11	0	2	0.000000e+00	1.000000e+00
5	0	12	0	2	0.000000e+00	1.000000e+00
5	0	13	0	2	0.000000e+00	1.000000e+00
5	0	14	0	2	0.000000e+00	1.000000e+00
5	0	15	0	2	0.000000e+00	1.000000e+00
5	0	16	0	2	0.000000e+00	1.000000e+00
5	0	17	0	2	0.000000e+00	1.000000e+00
5	0	18	0	2	0.000000e+00	1.000000e+00
5	0	19	0	2	0.000000e+00	1.000000e+00
5	0	20	0	2	0.000000e+00	1.000000e+00
5	0	21	0	2	0.000000e+00	1.000000e+00
5	0	22	0	2	0.000000e+00	1.000000e+00
5	0	23	0	2	0.000000e+00	1.000000e+00
5	0	24	0	2	0.000000e+00	1.000000e+00
5	0	25	0	2	0.000000e+00	1.000000e+00
5	0	26	0	2	0.000000e+00	1.000000e+00
5	0	27	0	2	0.000000e+00	1.000000e+00
5	0	28	0	2	0.000000e+00	1.000000e+00
5	0	29	0	2	0.000000e+00	1.000000e+00
5	0	30	0	2	0.000000e+00	1.000000e+00
5	0	31	0	2	0.000000e+00	1.000000e+00
5	0	32	0	2	0.000000e+00	1.000000e+00
5	0	33	0	2	0.000000e+00	1.000000e+00
5	0	0	1	0	1.000000e+00	-9.765625e-04
5	0	1	1	0	1.000000e+00	-9.765625e-04
5	0	2	1	0	1.000000e+00	-9.765625e-04
5	0	3	1	0	1.000000e+00	-9.765625e-04
5	0	4	1	0	1.000000e+00	-9.765625e-04
5	0	5	1	0	1.000000e+00	-9.765625e-04
5	0	6	1	0	1.000000e+00	-9.765625e-04
5	0	7	1	0	1.000000e+00	-9.765625e-04
5	0	8	1	0	1.000000e+00	-9.765625e-04
5	0	9	1	0	1.000000e+00	-9.765625e-04
5	0	10	1	0	1.000000e+00	-9.765625e-04
5	0	11	1	0	1.000000e+00	-9.765625e-04
5	0	12	1	0	1.000000e+00	-9.765625e-04
5	0	13	1	0	1.000000e+00	-9.765625e-04
5	0	14	1	0	1.000000e+00	-9.765625e-04
5	0	15	1	0	1.000000e+00	-9.765625e-04
5	0	16	1	0	1.000000e+00	-9.765625e-04
5	0	17	1	0	1.000000e+00	-9.765625e-04
5	0	18	1	0	1.000000e+00	-9.765625e-04
5	0	19	1	0	1.000000e+00	-9.765625e-04
5	0	20	1	0	1.000000e+00	-9.765625e-04
5	0	21	1	0	1.000000e+00	-9.765625e-04
5	0	22	1	0	1.000000e+00	-9.765625e-04
5	0	23	1	0	1.000000e+00	-9.765625e-04
5	0	24	1	0	1.000000e+00	-9.765625e-04
5	0	25	1	0	1.000000e+00	-9.765625e-04
5	0	26	1	0	1.000000e+00	-9.765625e-04
5	0	27	1	0	1.000000e+00	-9.765625e-04
5	0	28	1	0	1.000000e+00	-9.765625e-04
5	0	29	1	0	1.000000e+00	-9.765625e-04
5	0	30	1	0	1.000000e+00	-9.765625e-04
5	0	31	1	0	1.000000e+00	-9.765625e-04
5	0	32	1	0	1.000000e+00	-9.765625e-04
5	0	33	1	0	1.000000e+00	-9.765625e-04
5	0	0	1	1	1.000000e+00	-9.765625e-04
5	0	1	1	1	1.000000e+00	-9.765625e-04
5	0	2	1	1	1.000000e+00	-9.765625e-04
5	0	3	1	1	1.000000e+00	-9.765625e-04
5	0	4	1	1	1.000000e+00	-9.765625e-04
5	0	5	1	1	1.000000e+00	-9.765625e-04
5	0	6	1	1	1.000000e+00	-9.765625e-04
5	0	7	1	1	1.000000e+00	-9.765625e-04
5	0	8	1	1	1.000000e+00	-9.765625e-04
5	0	9	1	1	1.000000e+00	-9.765625e-04
5	0	10	1	1	1.000000e+00	-9.765625e-04
5	0	11	1	1	1.000000e+00	-9.765625e-04
5	0	12	1	1	1.000000e+00	-9.765625e-04
5	0	13	1	1	1.000000e+00	-9.765625e-04
5	0	14	1	1	1.000000e+00	-9.765625e-04
5	0	15	1	1	1.000000e+00	-9.765625e-04
5	0	16	1	1	1.000000e+00	-9.765625e-04
5	0	17	1	1	1.000000e+00	-9.765625e-04
5	0	18	1	1	1.000000e+00	-9.765625e-04
5	0	19	1	1	1.000000e+00	-9.765625e-04
5	0	20	1	1	1.000000e+00	-9.765625e-04
5	0	21	1	1	1.000000e+00	-9.765625e-04
5	0	22	1	1	1.000000e+00	-9.765625e-04
5	0	23	1	1	1.000000e+00	-9.765625e-04
5	0	24	1	1	1.000000e+00	-9.765625e-04
5	0	25	1	1	1.000000e+00	-9.765625e-04
5	0	26	1	1	1.000000e+00	-9.765625e-04
5	0	27	1	1	1.000000e+00	-9.765625e-04
5	0	28	1	1	1.000000e+00	-9.765625e-04
5	0	29	1	1	1.000000e+00	-9.765625e-04
5	0	30	1	1	1.000000e+00	-9.765625e-04
5	0	31	1	1	1.000000e+00	-9.765625e-04
5	0	32	1	1	1.000000e+00	-9.765625e-04
5	0	33	1	1	1.000000e+00	-9.765625e-04
5	0	0	1	2	1.000000e+00	-9.765625e-04
5	0	1	1	2	1.000000e+00	-9.765625e-04
5	0	2	1	2	1.000000e+00	-9.765625e-04
5	0	3	1	2	1.000000e+00	-9.765625e-04
5	0	4	1	2	1.000000e+00	-9.765625e-04
5	0	5	1	2	1.000000e+00	-9.765625e-04
5	0	6	1	2	1.000000e+00	-9.765625e-04
5	0	7	1	2	1.000000e+00	-9.765625e-04
5	0	8	1	2	1.000000e+00	-9.765625e-04
5	0	9	1	2	1.000000e+00	-9.765625e-04
5	0	10	1	2	1.000000e+00	-9.765625e-04
5	0	11	1	2	1.000000e+00	-9.765625e-04
5	0	12	1	2	1.000000e+00	-9.765625e-04
5	0	13	1	2	1.000000e+00	-9.765625e-04
5	0	14	1	2	1.000000e+00	-9.765625e-04
5	0	15	1	2	1.000000e+00	-9.765625e-04
5	0	16	1	2	1.000000e+00	-9.765625e-04
5	0	17	1	2	1.000000e+00	-9.765625e-04
5	0	18	1	2	1.000000e+00	-9.765625e-04
5	0	19	1	2	1.000000e+00	-9.765625e-04
5	0	20	1	2	1.000000e+00	-9.765625e-04
5	0	21	1	2	1.000000e+00	-9.765625e-04
5	0	22	1	2	1.000000e+00	-9.765625e-04
5	0	23	1	2	1.000000e+00	-9.765625e-04
5	0	24	1	2	1.000000e+00	-9.765625e-04
5	0	25	1	2	1.000000e+00	-9.765625e-04
5	0	26	1	2	1.000000e+00	-9.765625e-04
5	0	27	1	2	1.000000e+00	-9.765625e-04
5	0	28	1	2	1.000000e+00	-9.765625e-04
5	0	29	1	2	1.000000e+00	-9.765625e-04
5	0	30	1	2	1.000000e+00	-9.765625e-04
5	0	31	1	2	1.000000e+00	-9.765625e-04
5	0	32	1	2	1.000000e+00	-9.765625e-04
5	0	33	1	2	1.000000e+00	-9.765625e-04
#KVC
6	0	0	0	0	124.84621033479131	9.405720e+00
6	0	1	0	0	99.60369480140058	9.293611e+00
6	0	2	0	0	101.9327174746602	9.794817e+00
6	0	3	0	0	118.88731466371674	8.935510e+00
6	0	4	0	0	116.24971617758398	9.405720e+00
6	0	5	0	0	127.00699447924369	9.293611e+00
6	0	6	0	0	101.79749851485062	9.794817e+00
6	0	7	0	0	121.02837762789139	8.935510e+00
6	0	0	0	1	141.16880368253618	8.864464e+00
6	0	1	0	1	113.10376183702222	1.002469e+01
6	0	2	0	1	143.03719692611494	9.032530e+00
6	0	3	0	1	90.63247204226104	8.566897e+00
6	0	4	0	1	98.03394441321716	8.864464e+00
6	0	5	0	1	120.76595950509379	1.002469e+01
6	0	6	0	1	104.55690001749483	9.032530e+00
6	0	7	0	1	113.89730951030008	8.566897e+00
6	0	0	0	2	105.3144878468457	9.281763e+00
6	0	1	0	2	108.65210005813616	9.597398e+00
6	0	2	0	2	112.03257579986655	9.604148e+00
6	0	3	0	2	97.80143232916716	9.156487e+00
6	0	4	0	2	92.20851521448768	9.281763e+00
6	0	5	0	2	106.78489351636118	9.597398e+00
6	0	6	0	2	111.74861658119472	9.604148e+00
6	0	7	0	2	115.42526530318767	9.156487e+00
6	0	0	0	3	111.09980526161611	9.215651e+00
6	0	1	0	3	134.48265307708627	9.984777e+00
6	0	2	0	3	110.7133513114085	9.305942e+00
6	0	3	0	3	103.89601022305017	9.693401e+00
6	0	4	0	3	102.40666005922682	9.215651e+00
6	0	5	0	3	123.04193387791393	9.984777e+00
6	0	6	0	3	89.31762314758329	9.305942e+00
6	0	7	0	3	127.6742451846196	9.693401e+00
6	0	0	0	4	146.03890191188086	9.192747e+00
6	0	1	0	4	142.1875498388948	9.755004e+00
6	0	2	0	4	127.29956934911243	9.437462e+00
6	0	3	0	4	127.16460117647354	9.100621e+00
6	0	4	0	4	177.64544528627766	9.192747e+00
6	0	5	0	4	88.16466950109746	9.755004e+00
6	0	6	0	4	101.14327736836728	9.437462e+00
6	0	7	0	4	246.22028370374622	9.100621e+00
6	0	0	1	4	695772.2729402392	-0.0009765625
6	0	1	1	4	696049.324523467	-0.0009765625
6	0	2	1	4	696086.5592117785	-0.0009765625
6	0	3	1	4	696557.1872697425	-0.0009765625
6	0	4	1	4	695956.3863024047	-0.0009765625
6	0	5	1	4	696125.757752369	-0.0009765625
6	0	6	1	4	695130.6042736275	-0.0009765625
6	0	7	1	4	695145.9747707986	-0.0009765625
#T1
7	0	0	0	0	258.9675553717586	392.2422935858942
7	0	0	1	0	700176.3494140126	-0.0009765625
#CVC
8	0	0	0	0	280.115886237936	661.598957375394
8	0	1	0	0	258.37808224310425	745.8258194930074
8	0	2	0	0	254.14737276864042	720.7623151004061
8	0	3	0	0	242.15273862796474	649.4097961863902
8	0	4	0	0	258.57955178316735	804.2349196451023
8	0	5	0	0	248.51198813604194	751.0227222020764
8	0	6	0	0	250.82033368224916	809.142558447909
8	0	7	0	0	232.41327881981783	759.8153911346884
8	0	0	0	1	260.6953554635717	667.8984712998373
8	0	1	0	1	261.09393653963014	763.0048045626912
8	0	2	0	1	250.10696669620293	691.2164861341166
8	0	3	0	1	246.7489685449442	736.2560407483459
8	0	4	0	1	262.40066965522726	702.8261534099776
8	0	5	0	1	269.17420954248274	837.7474614793604
8	0	6	0	1	227.98470515764308	701.8558763298661
8	0	7	0	1	261.8359808997739	703.4790183951965
8	0	0	1	0	457528.9912065708	-0.0009765625
8	0	1	1	0	456996.51091731066	-0.0009765625
8	0	2	1	0	458597.9878873088	-0.0009765625
8	0	3	1	0	458795.41692372866	-0.0009765625
8	0	4	1	0	460083.8720088111	-0.0009765625
8	0	5	1	0	459332.01366524457	-0.0009765625
8	0	6	1	0	458696.915475505	-0.0009765625
8	0	7	1	0	456067.48739911953	-0.0009765625
8	0	0	1	1	458271.11122922087	-0.0009765625
8	0	1	1	1	458140.34590250463	-0.0009765625
8	0	2	1	1	458270.1532086986	-0.0009765625
8	0	3	1	1	459533.83004245034	-0.0009765625
8	0	4	1	1	458549.24890023255	-0.0009765625
8	0	5	1	1	456096.35669855867	-0.0009765625
8	0	6	1	1	458944.2001607322	-0.0009765625
8	0	7	1	1	455783.6138151189	-0.0009765625
#SAC3
9	0	0	0	0	60.36017551496623	67.58890083727344
9	0	0	1	0	451728.0949369226	-0.0009765625
#SFV
10	0	0	1	0	413698.0421203274	-0.0009765625
#COBO
11	0	0	1	0	1.575e+06	-9.765625e-04
11	0	1	1	0	1.575e+06	-9.765625e-04
11	0	2	1	0	1.575e+06	-9.765625e-04
11	0	3	1	0	1.575e+06	-9.765625e-04
11	0	4	1	0	1.575e+06	-9.765625e-04
11	0	5	1	0	1.575e+06	-9.765625e-04
11	0	6	1	0	1.575e+06	-9.765625e-04
11	0	7	1	0	1.575e+06	-9.765625e-04
