#CId	PlId	SegId	AorT	UorD	p0	p1
#BHT
1	0	0	0	0	0.0	8.97913339716986
1	0	1	0	0	0.0	8.396357241314442
1	0	2	0	0	0.0	9.661965166737279
1	0	3	0	0	0.0	8.717715556909216
1	0	4	0	0	0.0	9.156802163996048
1	0	5	0	0	0.0	8.915576168817067
1	0	6	0	0	0.0	9.487696416578402
1	0	7	0	0	0.0	7.603806824454748
1	0	8	0	0	0.0	9.282369471197693
1	0	9	0	0	0.0	8.293232280282846
1	0	10	0	0	0.0	8.911433821792224
1	0	11	0	0	0.0	8.037527277051439
1	0	12	0	0	0.0	9.443617514730066
1	0	13	0	0	0.0	8.383713626302626
1	0	14	0	0	0.0	9.408188390480445
1	0	15	0	0	0.0	7.930366257614695
1	0	16	0	0	0.0	8.933806547394456
1	0	17	0	0	0.0	8.57490621118408
1	0	18	0	0	0.0	9.007508767839798
1	0	19	0	0	0.0	8.194158215382966
1	0	20	0	0	0.0	8.78321543330297
1	0	21	0	0	0.0	8.68743235156813
1	0	22	0	0	0.0	8.791939069610276
1	0	23	0	0	0.0	7.730102797755609
1	0	24	0	0	0.0	9.013391649566527
1	0	25	0	0	0.0	8.704348814500642
1	0	26	0	0	0.0	9.023784665142786
1	0	27	0	0	0.0	8.267137833889745
1	0	28	0	0	0.0	8.884709795086497
1	0	29	0	0	0.0	8.981504935171175
1	0	30	0	0	0.0	8.845700284827895
1	0	31	0	0	0.0	8.350782082463075
1	0	32	0	0	0.0	9.076516092798647
1	0	33	0	0	0.0	8.747048501154588
1	0	34	0	0	0.0	8.904992740872078
1	0	35	0	0	0.0	8.314910652666097
1	0	36	0	0	0.0	9.053989948769221
1	0	37	0	0	0.0	8.561102766272262
1	0	38	0	0	0.0	8.79249869147197
1	0	39	0	0	0.0	8.284537517348443
1	0	40	0	0	0.0	9.060313300547124
1	0	41	0	0	0.0	8.425580640064856
1	0	42	0	0	0.0	9.148177212689662
1	0	43	0	0	0.0	8.342695669022863
1	0	44	0	0	0.0	9.102894145936439
1	0	45	0	0	0.0	8.689945286652884
1	0	46	0	0	0.0	9.007954781418478
1	0	47	0	0	0.0	8.631172949033413
1	0	48	0	0	0.0	9.387614364250396
1	0	49	0	0	0.0	8.821952584324725
1	0	50	0	0	0.0	8.959180697933286
1	0	51	0	0	0.0	8.125140442926641
1	0	52	0	0	0.0	9.118177903253606
1	0	53	0	0	0.0	8.739017373843518
1	0	54	0	0	0.0	9.309093572292575
1	0	55	0	0	0.0	8.269443822298777
1	0	56	0	0	0.0	9.256052764632804
1	0	57	0	0	0.0	8.982834790933614
1	0	58	0	0	0.0	8.95846713558611
1	0	59	0	0	0.0	8.22572933051378
1	0	60	0	0	0.0	9.363037628486328
1	0	61	0	0	0.0	9.183731915082618
1	0	62	0	0	0.0	9.579633190595603
1	0	0	0	1	0.0	9.363620762492559
1	0	1	0	1	0.0	9.698816683753433
1	0	2	0	1	0.0	9.805317989069918
1	0	3	0	1	0.0	9.739865740299248
1	0	4	0	1	0.0	9.001879583656166
1	0	5	0	1	0.0	9.3851321458901
1	0	6	0	1	0.0	9.51140509641681
1	0	7	0	1	0.0	8.641037860498995
1	0	8	0	1	0.0	8.869557284114086
1	0	9	0	1	0.0	8.727071537980862
1	0	10	0	1	0.0	8.931917657836326
1	0	11	0	1	0.0	8.868564551471021
1	0	12	0	1	0.0	9.037596571993575
1	0	13	0	1	0.0	8.622967656740114
1	0	14	0	1	0.0	8.484058359619713
1	0	15	0	1	0.0	8.83064622706809
1	0	16	0	1	0.0	8.848372414257225
1	0	17	0	1	0.0	8.984852054274855
1	0	18	0	1	0.0	9.09408928427945
1	0	19	0	1	0.0	9.110142420579514
1	0	20	0	1	0.0	8.907842859331708
1	0	21	0	1	0.0	8.89482990633467
1	0	22	0	1	0.0	8.927985277865266
1	0	23	0	1	0.0	8.786989913194954
1	0	24	0	1	0.0	8.638743925304132
1	0	25	0	1	0.0	8.73064778897336
1	0	26	0	1	0.0	8.699110846770429
1	0	27	0	1	0.0	8.81907465268931
1	0	28	0	1	0.0	8.837125656749327
1	0	29	0	1	0.0	9.034682535677605
1	0	30	0	1	0.0	8.930428961914993
1	0	31	0	1	0.0	8.959172383882136
1	0	32	0	1	0.0	8.92334044941016
1	0	33	0	1	0.0	8.762062537195456
1	0	34	0	1	0.0	8.791093057124375
1	0	35	0	1	0.0	8.687799619274205
1	0	36	0	1	0.0	8.934317038991695
1	0	37	0	1	0.0	8.639900147711181
1	0	38	0	1	0.0	8.771362299426622
1	0	39	0	1	0.0	8.870157898994108
1	0	40	0	1	0.0	8.633938042408703
1	0	41	0	1	0.0	8.547138397047895
1	0	42	0	1	0.0	8.862972071586366
1	0	43	0	1	0.0	8.696458183068996
1	0	44	0	1	0.0	8.752875860500076
1	0	45	0	1	0.0	8.655935586388646
1	0	46	0	1	0.0	8.782369770227762
1	0	47	0	1	0.0	9.003060019059985
1	0	48	0	1	0.0	8.984977715876658
1	0	49	0	1	0.0	8.997270880874863
1	0	50	0	1	0.0	8.606610288730204
1	0	51	0	1	0.0	8.393563309602234
1	0	52	0	1	0.0	8.588236114602774
1	0	53	0	1	0.0	8.563106520547429
1	0	54	0	1	0.0	9.101708773020091
1	0	55	0	1	0.0	8.998036292284786
1	0	56	0	1	0.0	8.158613046141458
1	0	57	0	1	0.0	8.858519839769093
1	0	58	0	1	0.0	8.364708961883535
1	0	59	0	1	0.0	8.90591032761583
1	0	60	0	1	0.0	8.714272394839346
1	0	61	0	1	0.0	9.049703007134356
1	0	62	0	1	0.0	8.960623441431247
1	0	0	1	0	1415742.9411764706	-0.0009765625
1	0	1	1	0	1415712.0	-0.0009765625
1	0	2	1	0	1416024.3529411764	-0.0009765625
1	0	3	1	0	1415212.105263158	-0.0009765625
1	0	4	1	0	1414997.397260274	-0.0009765625
1	0	5	1	0	1414913.373493976	-0.0009765625
1	0	6	1	0	1416144.0425531915	-0.0009765625
1	0	7	1	0	1415906.7088607594	-0.0009765625
1	0	8	1	0	1414872.3214285714	-0.0009765625
1	0	9	1	0	1415515.8333333333	-0.0009765625
1	0	10	1	0	1415077.7027027027	-0.0009765625
1	0	11	1	0	1415364.2222222222	-0.0009765625
1	0	12	1	0	1414769.731543624	-0.0009765625
1	0	13	1	0	1415604.972067039	-0.0009765625
1	0	14	1	0	1415591.7490494295	-0.0009765625
1	0	15	1	0	1416152.9991254525	-0.0009765625
1	0	16	1	0	1415811.1066615721	-0.0009765625
1	0	17	1	0	1416866.7280431676	-0.0009765625
1	0	18	1	0	1416433.7551716696	-0.0009765625
1	0	19	1	0	1416711.3409970347	-0.0009765625
1	0	20	1	0	1417156.0778791634	-0.0009765625
1	0	21	1	0	1417258.7083705447	-0.0009765625
1	0	22	1	0	1417453.5505181197	-0.0009765625
1	0	23	1	0	1416772.1531303981	-0.0009765625
1	0	24	1	0	1416936.0762059179	-0.0009765625
1	0	25	1	0	1417264.2083919572	-0.0009765625
1	0	26	1	0	1417393.1719452413	-0.0009765625
1	0	27	1	0	1416823.1790970075	-0.0009765625
1	0	28	1	0	1417209.0718615332	-0.0009765625
1	0	29	1	0	1417272.6589666067	-0.0009765625
1	0	30	1	0	1417434.3257828741	-0.0009765625
1	0	31	1	0	1415672.2890897698	-0.0009765625
1	0	32	1	0	1416117.0213816883	-0.0009765625
1	0	33	1	0	1415931.5412436842	-0.0009765625
1	0	34	1	0	1416467.4104964035	-0.0009765625
1	0	35	1	0	1416704.8003719095	-0.0009765625
1	0	36	1	0	1416502.038043922	-0.0009765625
1	0	37	1	0	1416940.7245738427	-0.0009765625
1	0	38	1	0	1416504.478110213	-0.0009765625
1	0	39	1	0	1416838.087277708	-0.0009765625
1	0	40	1	0	1416126.8849612414	-0.0009765625
1	0	41	1	0	1416805.5790478736	-0.0009765625
1	0	42	1	0	1416467.4304594037	-0.0009765625
1	0	43	1	0	1416985.4085963788	-0.0009765625
1	0	44	1	0	1416295.0276942723	-0.0009765625
1	0	45	1	0	1417081.5797106335	-0.0009765625
1	0	46	1	0	1416299.564485491	-0.0009765625
1	0	47	1	0	1416739.8933959543	-0.0009765625
1	0	48	1	0	1416139.3547340224	-0.0009765625
1	0	49	1	0	1416970.8989485677	-0.0009765625
1	0	50	1	0	1416311.2426851122	-0.0009765625
1	0	51	1	0	1416641.0030644536	-0.0009765625
1	0	52	1	0	1416715.4343400353	-0.0009765625
1	0	53	1	0	1417066.7829400504	-0.0009765625
1	0	54	1	0	1416673.9302630844	-0.0009765625
1	0	55	1	0	1416821.2510661548	-0.0009765625
1	0	56	1	0	1416516.2525739898	-0.0009765625
1	0	57	1	0	1417162.5502516343	-0.0009765625
1	0	58	1	0	1417044.8147175885	-0.0009765625
1	0	59	1	0	1417444.543511931	-0.0009765625
1	0	60	1	0	1417057.8571467316	-0.0009765625
1	0	61	1	0	1417378.1127755446	-0.0009765625
1	0	62	1	0	1416871.990039218	-0.0009765625
1	0	0	1	1	1417454.1791044776	-0.0009765625
1	0	1	1	1	1418570.0	-0.0009765625
1	0	2	1	1	1417043.0232558139	-0.0009765625
1	0	3	1	1	1417591.0526315789	-0.0009765625
1	0	4	1	1	1417048.3561643835	-0.0009765625
1	0	5	1	1	1417183.3333333333	-0.0009765625
1	0	6	1	1	1417498.6956521738	-0.0009765625
1	0	7	1	1	1417692.962962963	-0.0009765625
1	0	8	1	1	1416582.6605504588	-0.0009765625
1	0	9	1	1	1417263.3333333333	-0.0009765625
1	0	10	1	1	1416764.0689655172	-0.0009765625
1	0	11	1	1	1417164.2446043165	-0.0009765625
1	0	12	1	1	1416186.8831168832	-0.0009765625
1	0	13	1	1	1417274.8648648649	-0.0009765625
1	0	14	1	1	1416654.9618320612	-0.0009765625
1	0	15	1	1	1417843.3256655496	-0.0009765625
1	0	16	1	1	1417404.046905687	-0.0009765625
1	0	17	1	1	1418556.2762520951	-0.0009765625
1	0	18	1	1	1417198.7899414075	-0.0009765625
1	0	19	1	1	1418109.2432677688	-0.0009765625
1	0	20	1	1	1417320.9244257188	-0.0009765625
1	0	21	1	1	1418207.611913953	-0.0009765625
1	0	22	1	1	1417008.3793795826	-0.0009765625
1	0	23	1	1	1417695.0524238632	-0.0009765625
1	0	24	1	1	1417404.1646159082	-0.0009765625
1	0	25	1	1	1418109.6043245585	-0.0009765625
1	0	26	1	1	1416949.686474673	-0.0009765625
1	0	27	1	1	1417520.111327956	-0.0009765625
1	0	28	1	1	1417107.7659555404	-0.0009765625
1	0	29	1	1	1416802.7776860453	-0.0009765625
1	0	30	1	1	1416494.3799437142	-0.0009765625
1	0	31	1	1	1416203.5362793147	-0.0009765625
1	0	32	1	1	1417782.5652527544	-0.0009765625
1	0	33	1	1	1417575.6619292288	-0.0009765625
1	0	34	1	1	1417278.335826993	-0.0009765625
1	0	35	1	1	1417089.4406156824	-0.0009765625
1	0	36	1	1	1417491.1560366459	-0.0009765625
1	0	37	1	1	1417423.2913571354	-0.0009765625
1	0	38	1	1	1416859.9263190252	-0.0009765625
1	0	39	1	1	1417093.0205099478	-0.0009765625
1	0	40	1	1	1417339.3365325157	-0.0009765625
1	0	41	1	1	1417188.7606402708	-0.0009765625
1	0	42	1	1	1416908.1263272176	-0.0009765625
1	0	43	1	1	1416606.5538226606	-0.0009765625
1	0	44	1	1	1415985.2009638648	-0.0009765625
1	0	45	1	1	1416624.9020805513	-0.0009765625
1	0	46	1	1	1415416.8140404685	-0.0009765625
1	0	47	1	1	1416217.777114883	-0.0009765625
1	0	48	1	1	1415611.500282345	-0.0009765625
1	0	49	1	1	1416462.7746026977	-0.0009765625
1	0	50	1	1	1415240.6048727557	-0.0009765625
1	0	51	1	1	1415841.8804755094	-0.0009765625
1	0	52	1	1	1415365.3826148957	-0.0009765625
1	0	53	1	1	1416105.1001897918	-0.0009765625
1	0	54	1	1	1414911.749735872	-0.0009765625
1	0	55	1	1	1415648.336809631	-0.0009765625
1	0	56	1	1	1415703.333204994	-0.0009765625
1	0	57	1	1	1416226.4367066063	-0.0009765625
1	0	58	1	1	1415625.2013947337	-0.0009765625
1	0	59	1	1	1416065.3406613073	-0.0009765625
1	0	60	1	1	1416576.2787913475	-0.0009765625
1	0	61	1	1	1416123.8774118961	-0.0009765625
1	0	62	1	1	1415789.7516656881	-0.0009765625
#BH2
3	0	0	0	0	118.66579494892667	204.94262295081967
3	0	1	0	0	147.1575925194944	281.94
3	0	2	0	0	101.94716860087644	259.7669683257919
3	0	3	0	0	135.6717083615112	294.12024330430296
3	0	4	0	0	126.566730369703	248.60508808007182
3	0	5	0	0	129.03256840018156	277.6647820172838
3	0	6	0	0	128.70843407653695	214.6856243061173
3	0	7	0	0	122.97430387190687	299.5944014949661
3	0	8	0	0	114.182880288588	259.43689639211664
3	0	9	0	0	110.50698141819011	265.87600607793564
3	0	10	0	0	140.06908249147227	296.67058823529413
3	0	11	0	0	115.56014836701155	250.4020979020979
3	0	12	0	0	111.73750847662473	282.1090909090909
3	0	13	0	0	95.46402562947117	272.46039603960395
3	0	14	0	0	142.9210937842437	280.1116504854369
3	0	0	0	1	126.07718653068665	284.61764705882354
3	0	1	0	1	107.44430259698447	257.6917808219178
3	0	2	0	1	118.55492402548842	279.1695652173913
3	0	3	0	1	90.51514655002627	251.81751726395353
3	0	4	0	1	126.2322073785922	263.97145424567196
3	0	5	0	1	106.66951434319873	240.394960650377
3	0	6	0	1	105.06236959361617	229.57644060953103
3	0	7	0	1	109.78906520471631	253.39407298969334
3	0	8	0	1	122.92083299260476	236.48577647624018
3	0	9	0	1	105.92985182853977	228.63604032995426
3	0	10	0	1	118.2825656137175	254.97368421052633
3	0	11	0	1	116.24823816549626	256.2176470588235
3	0	12	0	1	113.34433310714567	265.67535545023696
3	0	13	0	1	107.45114722260398	275.55970149253733
3	0	14	0	1	113.92003304840425	291.9942528735632
3	0	0	1	0	722130.8666666667	-0.0009765625
3	0	1	1	0	721776.3821138211	-0.0009765625
3	0	2	1	0	722601.679245283	-0.0009765625
3	0	3	1	0	722656.0144840084	-0.0009765625
3	0	4	1	0	723464.2077141317	-0.0009765625
3	0	5	1	0	723925.6110115761	-0.0009765625
3	0	6	1	0	722830.335060039	-0.0009765625
3	0	7	1	0	722834.9925093807	-0.0009765625
3	0	8	1	0	723698.4750375306	-0.0009765625
3	0	9	1	0	723527.2366711192	-0.0009765625
3	0	10	1	0	722810.4346059195	-0.0009765625
3	0	11	1	0	722326.5675500904	-0.0009765625
3	0	12	1	0	722172.2469635628	-0.0009765625
3	0	13	1	0	721620.2941176471	-0.0009765625
3	0	14	1	0	721634.3859649122	-0.0009765625
3	0	0	1	1	725163.3333333334	-0.0009765625
3	0	1	1	1	724495.4651162791	-0.0009765625
3	0	2	1	1	726078.4572490706	-0.0009765625
3	0	3	1	1	725891.9580787994	-0.0009765625
3	0	4	1	1	725594.1455898023	-0.0009765625
3	0	5	1	1	726115.1797688168	-0.0009765625
3	0	6	1	1	726085.0549411443	-0.0009765625
3	0	7	1	1	726274.4419496872	-0.0009765625
3	0	8	1	1	726922.8786336677	-0.0009765625
3	0	9	1	1	726480.21958606	-0.0009765625
3	0	10	1	1	726551.1940038721	-0.0009765625
3	0	11	1	1	725062.1033818137	-0.0009765625
3	0	12	1	1	725105.6072874494	-0.0009765625
3	0	13	1	1	724443.3703703703	-0.0009765625
3	0	14	1	1	724776.304347826	-0.0009765625
3	0	0	1	2	-0.29216527028246053	1.0
3	0	1	1	2	-0.603432253305683	1.0
3	0	2	1	2	-0.05786427763177559	1.0
3	0	3	1	2	0.3680177312588647	1.0
3	0	4	1	2	-0.38524937758143096	1.0
3	0	5	1	2	0.5369841621192514	1.0
3	0	6	1	2	-0.3719649493335308	1.0
3	0	7	1	2	0.3264653760720431	1.0
3	0	8	1	2	-0.2550854135474863	1.0
3	0	9	1	2	-0.15284695647583882	1.0
3	0	10	1	2	-0.6072080595223226	1.0
3	0	11	1	2	-0.6018802681577797	1.0
3	0	12	1	2	-0.9194157207651983	1.0
3	0	13	1	2	-0.8096706944329679	1.0
3	0	14	1	2	-0.7837272727272725	1.0
#BAC
4	0	0	0	0	101.04490834886451	11.208
4	0	1	0	0	90.12860694248486	10.463
4	0	2	0	0	86.06415442495029	9.015
4	0	3	0	0	74.89824157432294	10.424
4	0	4	0	0	191.55308647392863	10.278
4	0	0	1	0	1.000000e+00	-9.765625e-04
4	0	1	1	0	1.000000e+00	-9.765625e-04
4	0	2	1	0	1.000000e+00	-9.765625e-04
4	0	3	1	0	1.000000e+00	-9.765625e-04
4	0	4	1	0	711536.6133665727	-0.0009765625
#HTOF
5	0	0	0	0	0.000000e+00	1.000000e+00
5	0	1	0	0	0.000000e+00	1.000000e+00
5	0	2	0	0	0.000000e+00	1.000000e+00
5	0	3	0	0	0.000000e+00	1.000000e+00
5	0	4	0	0	0.000000e+00	1.000000e+00
5	0	5	0	0	0.000000e+00	1.000000e+00
5	0	6	0	0	0.000000e+00	1.000000e+00
5	0	7	0	0	0.000000e+00	1.000000e+00
5	0	8	0	0	0.000000e+00	1.000000e+00
5	0	9	0	0	0.000000e+00	1.000000e+00
5	0	10	0	0	0.000000e+00	1.000000e+00
5	0	11	0	0	0.000000e+00	1.000000e+00
5	0	12	0	0	0.000000e+00	1.000000e+00
5	0	13	0	0	0.000000e+00	1.000000e+00
5	0	14	0	0	0.000000e+00	1.000000e+00
5	0	15	0	0	0.000000e+00	1.000000e+00
5	0	16	0	0	0.000000e+00	1.000000e+00
5	0	17	0	0	0.000000e+00	1.000000e+00
5	0	18	0	0	0.000000e+00	1.000000e+00
5	0	19	0	0	0.000000e+00	1.000000e+00
5	0	20	0	0	0.000000e+00	1.000000e+00
5	0	21	0	0	0.000000e+00	1.000000e+00
5	0	22	0	0	0.000000e+00	1.000000e+00
5	0	23	0	0	0.000000e+00	1.000000e+00
5	0	24	0	0	0.000000e+00	1.000000e+00
5	0	25	0	0	0.000000e+00	1.000000e+00
5	0	26	0	0	0.000000e+00	1.000000e+00
5	0	27	0	0	0.000000e+00	1.000000e+00
5	0	28	0	0	0.000000e+00	1.000000e+00
5	0	29	0	0	0.000000e+00	1.000000e+00
5	0	30	0	0	0.000000e+00	1.000000e+00
5	0	31	0	0	0.000000e+00	1.000000e+00
5	0	32	0	0	0.000000e+00	1.000000e+00
5	0	33	0	0	0.000000e+00	1.000000e+00
5	0	0	0	1	0.000000e+00	1.000000e+00
5	0	1	0	1	0.000000e+00	1.000000e+00
5	0	2	0	1	0.000000e+00	1.000000e+00
5	0	3	0	1	0.000000e+00	1.000000e+00
5	0	4	0	1	0.000000e+00	1.000000e+00
5	0	5	0	1	0.000000e+00	1.000000e+00
5	0	6	0	1	0.000000e+00	1.000000e+00
5	0	7	0	1	0.000000e+00	1.000000e+00
5	0	8	0	1	0.000000e+00	1.000000e+00
5	0	9	0	1	0.000000e+00	1.000000e+00
5	0	10	0	1	0.000000e+00	1.000000e+00
5	0	11	0	1	0.000000e+00	1.000000e+00
5	0	12	0	1	0.000000e+00	1.000000e+00
5	0	13	0	1	0.000000e+00	1.000000e+00
5	0	14	0	1	0.000000e+00	1.000000e+00
5	0	15	0	1	0.000000e+00	1.000000e+00
5	0	16	0	1	0.000000e+00	1.000000e+00
5	0	17	0	1	0.000000e+00	1.000000e+00
5	0	18	0	1	0.000000e+00	1.000000e+00
5	0	19	0	1	0.000000e+00	1.000000e+00
5	0	20	0	1	0.000000e+00	1.000000e+00
5	0	21	0	1	0.000000e+00	1.000000e+00
5	0	22	0	1	0.000000e+00	1.000000e+00
5	0	23	0	1	0.000000e+00	1.000000e+00
5	0	24	0	1	0.000000e+00	1.000000e+00
5	0	25	0	1	0.000000e+00	1.000000e+00
5	0	26	0	1	0.000000e+00	1.000000e+00
5	0	27	0	1	0.000000e+00	1.000000e+00
5	0	28	0	1	0.000000e+00	1.000000e+00
5	0	29	0	1	0.000000e+00	1.000000e+00
5	0	30	0	1	0.000000e+00	1.000000e+00
5	0	31	0	1	0.000000e+00	1.000000e+00
5	0	32	0	1	0.000000e+00	1.000000e+00
5	0	33	0	1	0.000000e+00	1.000000e+00
5	0	0	0	2	0.000000e+00	1.000000e+00
5	0	1	0	2	0.000000e+00	1.000000e+00
5	0	2	0	2	0.000000e+00	1.000000e+00
5	0	3	0	2	0.000000e+00	1.000000e+00
5	0	4	0	2	0.000000e+00	1.000000e+00
5	0	5	0	2	0.000000e+00	1.000000e+00
5	0	6	0	2	0.000000e+00	1.000000e+00
5	0	7	0	2	0.000000e+00	1.000000e+00
5	0	8	0	2	0.000000e+00	1.000000e+00
5	0	9	0	2	0.000000e+00	1.000000e+00
5	0	10	0	2	0.000000e+00	1.000000e+00
5	0	11	0	2	0.000000e+00	1.000000e+00
5	0	12	0	2	0.000000e+00	1.000000e+00
5	0	13	0	2	0.000000e+00	1.000000e+00
5	0	14	0	2	0.000000e+00	1.000000e+00
5	0	15	0	2	0.000000e+00	1.000000e+00
5	0	16	0	2	0.000000e+00	1.000000e+00
5	0	17	0	2	0.000000e+00	1.000000e+00
5	0	18	0	2	0.000000e+00	1.000000e+00
5	0	19	0	2	0.000000e+00	1.000000e+00
5	0	20	0	2	0.000000e+00	1.000000e+00
5	0	21	0	2	0.000000e+00	1.000000e+00
5	0	22	0	2	0.000000e+00	1.000000e+00
5	0	23	0	2	0.000000e+00	1.000000e+00
5	0	24	0	2	0.000000e+00	1.000000e+00
5	0	25	0	2	0.000000e+00	1.000000e+00
5	0	26	0	2	0.000000e+00	1.000000e+00
5	0	27	0	2	0.000000e+00	1.000000e+00
5	0	28	0	2	0.000000e+00	1.000000e+00
5	0	29	0	2	0.000000e+00	1.000000e+00
5	0	30	0	2	0.000000e+00	1.000000e+00
5	0	31	0	2	0.000000e+00	1.000000e+00
5	0	32	0	2	0.000000e+00	1.000000e+00
5	0	33	0	2	0.000000e+00	1.000000e+00
5	0	0	1	0	1.000000e+00	-9.765625e-04
5	0	1	1	0	1.000000e+00	-9.765625e-04
5	0	2	1	0	1.000000e+00	-9.765625e-04
5	0	3	1	0	1.000000e+00	-9.765625e-04
5	0	4	1	0	1.000000e+00	-9.765625e-04
5	0	5	1	0	1.000000e+00	-9.765625e-04
5	0	6	1	0	1.000000e+00	-9.765625e-04
5	0	7	1	0	1.000000e+00	-9.765625e-04
5	0	8	1	0	1.000000e+00	-9.765625e-04
5	0	9	1	0	1.000000e+00	-9.765625e-04
5	0	10	1	0	1.000000e+00	-9.765625e-04
5	0	11	1	0	1.000000e+00	-9.765625e-04
5	0	12	1	0	1.000000e+00	-9.765625e-04
5	0	13	1	0	1.000000e+00	-9.765625e-04
5	0	14	1	0	1.000000e+00	-9.765625e-04
5	0	15	1	0	1.000000e+00	-9.765625e-04
5	0	16	1	0	1.000000e+00	-9.765625e-04
5	0	17	1	0	1.000000e+00	-9.765625e-04
5	0	18	1	0	1.000000e+00	-9.765625e-04
5	0	19	1	0	1.000000e+00	-9.765625e-04
5	0	20	1	0	1.000000e+00	-9.765625e-04
5	0	21	1	0	1.000000e+00	-9.765625e-04
5	0	22	1	0	1.000000e+00	-9.765625e-04
5	0	23	1	0	1.000000e+00	-9.765625e-04
5	0	24	1	0	1.000000e+00	-9.765625e-04
5	0	25	1	0	1.000000e+00	-9.765625e-04
5	0	26	1	0	1.000000e+00	-9.765625e-04
5	0	27	1	0	1.000000e+00	-9.765625e-04
5	0	28	1	0	1.000000e+00	-9.765625e-04
5	0	29	1	0	1.000000e+00	-9.765625e-04
5	0	30	1	0	1.000000e+00	-9.765625e-04
5	0	31	1	0	1.000000e+00	-9.765625e-04
5	0	32	1	0	1.000000e+00	-9.765625e-04
5	0	33	1	0	1.000000e+00	-9.765625e-04
5	0	0	1	1	1.000000e+00	-9.765625e-04
5	0	1	1	1	1.000000e+00	-9.765625e-04
5	0	2	1	1	1.000000e+00	-9.765625e-04
5	0	3	1	1	1.000000e+00	-9.765625e-04
5	0	4	1	1	1.000000e+00	-9.765625e-04
5	0	5	1	1	1.000000e+00	-9.765625e-04
5	0	6	1	1	1.000000e+00	-9.765625e-04
5	0	7	1	1	1.000000e+00	-9.765625e-04
5	0	8	1	1	1.000000e+00	-9.765625e-04
5	0	9	1	1	1.000000e+00	-9.765625e-04
5	0	10	1	1	1.000000e+00	-9.765625e-04
5	0	11	1	1	1.000000e+00	-9.765625e-04
5	0	12	1	1	1.000000e+00	-9.765625e-04
5	0	13	1	1	1.000000e+00	-9.765625e-04
5	0	14	1	1	1.000000e+00	-9.765625e-04
5	0	15	1	1	1.000000e+00	-9.765625e-04
5	0	16	1	1	1.000000e+00	-9.765625e-04
5	0	17	1	1	1.000000e+00	-9.765625e-04
5	0	18	1	1	1.000000e+00	-9.765625e-04
5	0	19	1	1	1.000000e+00	-9.765625e-04
5	0	20	1	1	1.000000e+00	-9.765625e-04
5	0	21	1	1	1.000000e+00	-9.765625e-04
5	0	22	1	1	1.000000e+00	-9.765625e-04
5	0	23	1	1	1.000000e+00	-9.765625e-04
5	0	24	1	1	1.000000e+00	-9.765625e-04
5	0	25	1	1	1.000000e+00	-9.765625e-04
5	0	26	1	1	1.000000e+00	-9.765625e-04
5	0	27	1	1	1.000000e+00	-9.765625e-04
5	0	28	1	1	1.000000e+00	-9.765625e-04
5	0	29	1	1	1.000000e+00	-9.765625e-04
5	0	30	1	1	1.000000e+00	-9.765625e-04
5	0	31	1	1	1.000000e+00	-9.765625e-04
5	0	32	1	1	1.000000e+00	-9.765625e-04
5	0	33	1	1	1.000000e+00	-9.765625e-04
5	0	0	1	2	1.000000e+00	-9.765625e-04
5	0	1	1	2	1.000000e+00	-9.765625e-04
5	0	2	1	2	1.000000e+00	-9.765625e-04
5	0	3	1	2	1.000000e+00	-9.765625e-04
5	0	4	1	2	1.000000e+00	-9.765625e-04
5	0	5	1	2	1.000000e+00	-9.765625e-04
5	0	6	1	2	1.000000e+00	-9.765625e-04
5	0	7	1	2	1.000000e+00	-9.765625e-04
5	0	8	1	2	1.000000e+00	-9.765625e-04
5	0	9	1	2	1.000000e+00	-9.765625e-04
5	0	10	1	2	1.000000e+00	-9.765625e-04
5	0	11	1	2	1.000000e+00	-9.765625e-04
5	0	12	1	2	1.000000e+00	-9.765625e-04
5	0	13	1	2	1.000000e+00	-9.765625e-04
5	0	14	1	2	1.000000e+00	-9.765625e-04
5	0	15	1	2	1.000000e+00	-9.765625e-04
5	0	16	1	2	1.000000e+00	-9.765625e-04
5	0	17	1	2	1.000000e+00	-9.765625e-04
5	0	18	1	2	1.000000e+00	-9.765625e-04
5	0	19	1	2	1.000000e+00	-9.765625e-04
5	0	20	1	2	1.000000e+00	-9.765625e-04
5	0	21	1	2	1.000000e+00	-9.765625e-04
5	0	22	1	2	1.000000e+00	-9.765625e-04
5	0	23	1	2	1.000000e+00	-9.765625e-04
5	0	24	1	2	1.000000e+00	-9.765625e-04
5	0	25	1	2	1.000000e+00	-9.765625e-04
5	0	26	1	2	1.000000e+00	-9.765625e-04
5	0	27	1	2	1.000000e+00	-9.765625e-04
5	0	28	1	2	1.000000e+00	-9.765625e-04
5	0	29	1	2	1.000000e+00	-9.765625e-04
5	0	30	1	2	1.000000e+00	-9.765625e-04
5	0	31	1	2	1.000000e+00	-9.765625e-04
5	0	32	1	2	1.000000e+00	-9.765625e-04
5	0	33	1	2	1.000000e+00	-9.765625e-04
#KVC
6	0	0	0	0	122.81600162357446	9.405720e+00
6	0	1	0	0	98.82217312587532	9.293611e+00
6	0	2	0	0	100.6715685116143	9.794817e+00
6	0	3	0	0	116.46763725746952	8.935510e+00
6	0	4	0	0	114.22521568207772	9.405720e+00
6	0	5	0	0	126.07262339514756	9.293611e+00
6	0	6	0	0	101.75591130065816	9.794817e+00
6	0	7	0	0	120.31794549920104	8.935510e+00
6	0	0	0	1	139.68243276651305	8.864464e+00
6	0	1	0	1	112.96211398749824	1.002469e+01
6	0	2	0	1	142.70141223856456	9.032530e+00
6	0	3	0	1	86.91025963590747	8.566897e+00
6	0	4	0	1	96.98945642091367	8.864464e+00
6	0	5	0	1	119.4850473023663	1.002469e+01
6	0	6	0	1	103.21570635121262	9.032530e+00
6	0	7	0	1	112.80710234460192	8.566897e+00
6	0	0	0	2	102.67393002820043	9.281763e+00
6	0	1	0	2	107.29391557825355	9.597398e+00
6	0	2	0	2	110.87433533481007	9.604148e+00
6	0	3	0	2	95.99102991312358	9.156487e+00
6	0	4	0	2	90.7903721755754	9.281763e+00
6	0	5	0	2	106.0588541185358	9.597398e+00
6	0	6	0	2	110.77598559309844	9.604148e+00
6	0	7	0	2	113.5773195674026	9.156487e+00
6	0	0	0	3	109.33235822379588	9.215651e+00
6	0	1	0	3	133.53614743194765	9.984777e+00
6	0	2	0	3	110.62065442911846	9.305942e+00
6	0	3	0	3	99.48529484623643	9.693401e+00
6	0	4	0	3	100.11010703166203	9.215651e+00
6	0	5	0	3	121.11359881630418	9.984777e+00
6	0	6	0	3	88.11522351644034	9.305942e+00
6	0	7	0	3	125.8853931262294	9.693401e+00
6	0	0	0	4	166.28901223694632	9.192747e+00
6	0	1	0	4	142.3821444583695	9.755004e+00
6	0	2	0	4	89.52707326583987	9.437462e+00
6	0	3	0	4	96.0797578647766	9.100621e+00
6	0	4	0	4	180.76110253490663	9.192747e+00
6	0	5	0	4	88.88003709259802	9.755004e+00
6	0	6	0	4	101.4733934035804	9.437462e+00
6	0	7	0	4	248.90096045631847	9.100621e+00
6	0	0	1	4	692477.044291262	-0.0009765625
6	0	1	1	4	693581.3142362224	-0.0009765625
6	0	2	1	4	696623.3841838633	-0.0009765625
6	0	3	1	4	697488.7012086065	-0.0009765625
6	0	4	1	4	697175.0839801403	-0.0009765625
6	0	5	1	4	697340.2020255898	-0.0009765625
6	0	6	1	4	695198.4655367554	-0.0009765625
6	0	7	1	4	693628.8381106722	-0.0009765625
#T1
7	0	0	0	0	260.6404360194873	368.18530619487444
7	0	0	1	0	700965.975754565	-0.0009765625
#CVC
8	0	0	0	0	0.000000e+00	1.000000e+00
8	0	1	0	0	0.000000e+00	1.000000e+00
8	0	2	0	0	0.000000e+00	1.000000e+00
8	0	3	0	0	0.000000e+00	1.000000e+00
8	0	4	0	0	0.000000e+00	1.000000e+00
8	0	5	0	0	0.000000e+00	1.000000e+00
8	0	6	0	0	0.000000e+00	1.000000e+00
8	0	7	0	0	0.000000e+00	1.000000e+00
8	0	0	0	1	0.000000e+00	1.000000e+00
8	0	1	0	1	0.000000e+00	1.000000e+00
8	0	2	0	1	0.000000e+00	1.000000e+00
8	0	3	0	1	0.000000e+00	1.000000e+00
8	0	4	0	1	0.000000e+00	1.000000e+00
8	0	5	0	1	0.000000e+00	1.000000e+00
8	0	6	0	1	0.000000e+00	1.000000e+00
8	0	7	0	1	0.000000e+00	1.000000e+00
8	0	0	1	0	1.000000e+00	-9.765625e-04
8	0	1	1	0	1.000000e+00	-9.765625e-04
8	0	2	1	0	1.000000e+00	-9.765625e-04
8	0	3	1	0	1.000000e+00	-9.765625e-04
8	0	4	1	0	1.000000e+00	-9.765625e-04
8	0	5	1	0	1.000000e+00	-9.765625e-04
8	0	6	1	0	1.000000e+00	-9.765625e-04
8	0	7	1	0	1.000000e+00	-9.765625e-04
8	0	0	1	1	1.000000e+00	-9.765625e-04
8	0	1	1	1	1.000000e+00	-9.765625e-04
8	0	2	1	1	1.000000e+00	-9.765625e-04
8	0	3	1	1	1.000000e+00	-9.765625e-04
8	0	4	1	1	1.000000e+00	-9.765625e-04
8	0	5	1	1	1.000000e+00	-9.765625e-04
8	0	6	1	1	1.000000e+00	-9.765625e-04
8	0	7	1	1	1.000000e+00	-9.765625e-04
#SAC3
9	0	0	0	0	0.000000e+00	1.000000e+00
9	0	0	1	0	1.000000e+00	-9.765625e-04
#SFV
10	0	0	1	0	1.000000e+00	-9.765625e-04
#COBO
11	0	0	1	0	1.575e+06	-9.765625e-04
11	0	1	1	0	1.575e+06	-9.765625e-04
11	0	2	1	0	1.575e+06	-9.765625e-04
11	0	3	1	0	1.575e+06	-9.765625e-04
11	0	4	1	0	1.575e+06	-9.765625e-04
11	0	5	1	0	1.575e+06	-9.765625e-04
11	0	6	1	0	1.575e+06	-9.765625e-04
11	0	7	1	0	1.575e+06	-9.765625e-04
