#CId	PlId	SegId	AorT	UorD	p0	p1
#BHT
1	0	0	0	0	0.0	1.000000e+00
1	0	1	0	0	0.0	1.000000e+00
1	0	2	0	0	0.0	1.000000e+00
1	0	3	0	0	0.0	1.000000e+00
1	0	4	0	0	0.0	1.000000e+00
1	0	5	0	0	0.0	1.000000e+00
1	0	6	0	0	0.0	1.000000e+00
1	0	7	0	0	0.0	1.000000e+00
1	0	8	0	0	0.0	1.000000e+00
1	0	9	0	0	0.0	1.000000e+00
1	0	10	0	0	0.0	1.000000e+00
1	0	11	0	0	0.0	1.000000e+00
1	0	12	0	0	0.0	1.000000e+00
1	0	13	0	0	0.0	1.000000e+00
1	0	14	0	0	0.0	1.000000e+00
1	0	15	0	0	0.0	1.000000e+00
1	0	16	0	0	0.0	1.000000e+00
1	0	17	0	0	0.0	1.000000e+00
1	0	18	0	0	0.0	1.000000e+00
1	0	19	0	0	0.0	1.000000e+00
1	0	20	0	0	0.0	1.000000e+00
1	0	21	0	0	0.0	1.000000e+00
1	0	22	0	0	0.0	1.000000e+00
1	0	23	0	0	0.0	1.000000e+00
1	0	24	0	0	0.0	1.000000e+00
1	0	25	0	0	0.0	1.000000e+00
1	0	26	0	0	0.0	1.000000e+00
1	0	27	0	0	0.0	1.000000e+00
1	0	28	0	0	0.0	1.000000e+00
1	0	29	0	0	0.0	1.000000e+00
1	0	30	0	0	0.0	1.000000e+00
1	0	31	0	0	0.0	1.000000e+00
1	0	32	0	0	0.0	1.000000e+00
1	0	33	0	0	0.0	1.000000e+00
1	0	34	0	0	0.0	1.000000e+00
1	0	35	0	0	0.0	1.000000e+00
1	0	36	0	0	0.0	1.000000e+00
1	0	37	0	0	0.0	1.000000e+00
1	0	38	0	0	0.0	1.000000e+00
1	0	39	0	0	0.0	1.000000e+00
1	0	40	0	0	0.0	1.000000e+00
1	0	41	0	0	0.0	1.000000e+00
1	0	42	0	0	0.0	1.000000e+00
1	0	43	0	0	0.0	1.000000e+00
1	0	44	0	0	0.0	1.000000e+00
1	0	45	0	0	0.0	1.000000e+00
1	0	46	0	0	0.0	1.000000e+00
1	0	47	0	0	0.0	1.000000e+00
1	0	48	0	0	0.0	1.000000e+00
1	0	49	0	0	0.0	1.000000e+00
1	0	50	0	0	0.0	1.000000e+00
1	0	51	0	0	0.0	1.000000e+00
1	0	52	0	0	0.0	1.000000e+00
1	0	53	0	0	0.0	1.000000e+00
1	0	54	0	0	0.0	1.000000e+00
1	0	55	0	0	0.0	1.000000e+00
1	0	56	0	0	0.0	1.000000e+00
1	0	57	0	0	0.0	1.000000e+00
1	0	58	0	0	0.0	1.000000e+00
1	0	59	0	0	0.0	1.000000e+00
1	0	60	0	0	0.0	1.000000e+00
1	0	61	0	0	0.0	1.000000e+00
1	0	62	0	0	0.0	1.000000e+00
1	0	0	0	1	0.0	1.000000e+00
1	0	1	0	1	0.0	1.000000e+00
1	0	2	0	1	0.0	1.000000e+00
1	0	3	0	1	0.0	1.000000e+00
1	0	4	0	1	0.0	1.000000e+00
1	0	5	0	1	0.0	1.000000e+00
1	0	6	0	1	0.0	1.000000e+00
1	0	7	0	1	0.0	1.000000e+00
1	0	8	0	1	0.0	1.000000e+00
1	0	9	0	1	0.0	1.000000e+00
1	0	10	0	1	0.0	1.000000e+00
1	0	11	0	1	0.0	1.000000e+00
1	0	12	0	1	0.0	1.000000e+00
1	0	13	0	1	0.0	1.000000e+00
1	0	14	0	1	0.0	1.000000e+00
1	0	15	0	1	0.0	1.000000e+00
1	0	16	0	1	0.0	1.000000e+00
1	0	17	0	1	0.0	1.000000e+00
1	0	18	0	1	0.0	1.000000e+00
1	0	19	0	1	0.0	1.000000e+00
1	0	20	0	1	0.0	1.000000e+00
1	0	21	0	1	0.0	1.000000e+00
1	0	22	0	1	0.0	1.000000e+00
1	0	23	0	1	0.0	1.000000e+00
1	0	24	0	1	0.0	1.000000e+00
1	0	25	0	1	0.0	1.000000e+00
1	0	26	0	1	0.0	1.000000e+00
1	0	27	0	1	0.0	1.000000e+00
1	0	28	0	1	0.0	1.000000e+00
1	0	29	0	1	0.0	1.000000e+00
1	0	30	0	1	0.0	1.000000e+00
1	0	31	0	1	0.0	1.000000e+00
1	0	32	0	1	0.0	1.000000e+00
1	0	33	0	1	0.0	1.000000e+00
1	0	34	0	1	0.0	1.000000e+00
1	0	35	0	1	0.0	1.000000e+00
1	0	36	0	1	0.0	1.000000e+00
1	0	37	0	1	0.0	1.000000e+00
1	0	38	0	1	0.0	1.000000e+00
1	0	39	0	1	0.0	1.000000e+00
1	0	40	0	1	0.0	1.000000e+00
1	0	41	0	1	0.0	1.000000e+00
1	0	42	0	1	0.0	1.000000e+00
1	0	43	0	1	0.0	1.000000e+00
1	0	44	0	1	0.0	1.000000e+00
1	0	45	0	1	0.0	1.000000e+00
1	0	46	0	1	0.0	1.000000e+00
1	0	47	0	1	0.0	1.000000e+00
1	0	48	0	1	0.0	1.000000e+00
1	0	49	0	1	0.0	1.000000e+00
1	0	50	0	1	0.0	1.000000e+00
1	0	51	0	1	0.0	1.000000e+00
1	0	52	0	1	0.0	1.000000e+00
1	0	53	0	1	0.0	1.000000e+00
1	0	54	0	1	0.0	1.000000e+00
1	0	55	0	1	0.0	1.000000e+00
1	0	56	0	1	0.0	1.000000e+00
1	0	57	0	1	0.0	1.000000e+00
1	0	58	0	1	0.0	1.000000e+00
1	0	59	0	1	0.0	1.000000e+00
1	0	60	0	1	0.0	1.000000e+00
1	0	61	0	1	0.0	1.000000e+00
1	0	62	0	1	0.0	1.000000e+00
1	0	0	1	0	1425738.5714285714	-9.765625e-04
1	0	1	1	0	1427215.0	-9.765625e-04
1	0	2	1	0	1430634.0	-9.765625e-04
1	0	3	1	0	1427190.0	-9.765625e-04
1	0	4	1	0	1427892.0	-9.765625e-04
1	0	5	1	0	1429635.0	-9.765625e-04
1	0	6	1	0	1426380.0	-9.765625e-04
1	0	7	1	0	1428125.5555555555	-9.765625e-04
1	0	8	1	0	1427378.0	-9.765625e-04
1	0	9	1	0	1428973.3333333333	-9.765625e-04
1	0	10	1	0	1429272.2222222222	-9.765625e-04
1	0	11	1	0	1430761.8181818181	-9.765625e-04
1	0	12	1	0	1428224.5454545454	-9.765625e-04
1	0	13	1	0	1430160.4347826086	-9.765625e-04
1	0	14	1	0	1427548.6666666667	-9.765625e-04
1	0	15	1	0	1428546.6666666667	-9.765625e-04
1	0	16	1	0	1427985.4545454546	-9.765625e-04
1	0	17	1	0	1430780.5882352942	-9.765625e-04
1	0	18	1	0	1431848.7878787878	-9.765625e-04
1	0	19	1	0	1432699.266785048	-9.765625e-04
1	0	20	1	0	1433012.3585280762	-9.765625e-04
1	0	21	1	0	1433112.4269535528	-9.765625e-04
1	0	22	1	0	1433390.9121633605	-9.765625e-04
1	0	23	1	0	1432816.06815393	-9.765625e-04
1	0	24	1	0	1432876.3269409614	-9.765625e-04
1	0	25	1	0	1433144.1905181697	-9.765625e-04
1	0	26	1	0	1433290.9442154747	-9.765625e-04
1	0	27	1	0	1432799.3669925255	-9.765625e-04
1	0	28	1	0	1433137.1721348392	-9.765625e-04
1	0	29	1	0	1433256.4269789173	-9.765625e-04
1	0	30	1	0	1433530.1754953573	-9.765625e-04
1	0	31	1	0	1431878.2834960753	-9.765625e-04
1	0	32	1	0	1432275.0826187225	-9.765625e-04
1	0	33	1	0	1432123.0342579144	-9.765625e-04
1	0	34	1	0	1432617.8676327202	-9.765625e-04
1	0	35	1	0	1432841.6601522586	-9.765625e-04
1	0	36	1	0	1432563.286592121	-9.765625e-04
1	0	37	1	0	1432837.9025784365	-9.765625e-04
1	0	38	1	0	1430607.4242424243	-9.765625e-04
1	0	39	1	0	1430351.7204301076	-9.765625e-04
1	0	40	1	0	1429877.142857143	-9.765625e-04
1	0	41	1	0	1429430.634920635	-9.765625e-04
1	0	42	1	0	1428234.2105263157	-9.765625e-04
1	0	43	1	0	1428519.5	-9.765625e-04
1	0	44	1	0	1426922.5	-9.765625e-04
1	0	45	1	0	1427362.2222222222	-9.765625e-04
1	0	46	1	0	1427363.8181818181	-9.765625e-04
1	0	47	1	0	1429058.7719298245	-9.765625e-04
1	0	48	1	0	1428020.1960784313	-9.765625e-04
1	0	49	1	0	1428895.5319148935	-9.765625e-04
1	0	50	1	0	1427741.7391304348	-9.765625e-04
1	0	51	1	0	1428168.0	-9.765625e-04
1	0	52	1	0	1427598.5714285714	-9.765625e-04
1	0	53	1	0	1427513.5555555555	-9.765625e-04
1	0	54	1	0	1426926.5853658537	-9.765625e-04
1	0	55	1	0	1428091.923076923	-9.765625e-04
1	0	56	1	0	1428121.3636363635	-9.765625e-04
1	0	57	1	0	1429428.0952380951	-9.765625e-04
1	0	58	1	0	1427059.0909090908	-9.765625e-04
1	0	59	1	0	1427895.0	-9.765625e-04
1	0	60	1	0	1427094.888888889	-9.765625e-04
1	0	61	1	0	1427645.0	-9.765625e-04
1	0	62	1	0	1427134.8648648649	-9.765625e-04
1	0	0	1	1	1426406.0	-9.765625e-04
1	0	1	1	1	1429930.0	-9.765625e-04
1	0	2	1	1	1431594.0	-9.765625e-04
1	0	3	1	1	1428062.5	-9.765625e-04
1	0	4	1	1	1429363.3333333333	-9.765625e-04
1	0	5	1	1	1432072.2222222222	-9.765625e-04
1	0	6	1	1	1426690.0	-9.765625e-04
1	0	7	1	1	1427005.0	-9.765625e-04
1	0	8	1	1	1428468.0	-9.765625e-04
1	0	9	1	1	1430662.0	-9.765625e-04
1	0	10	1	1	1430238.0	-9.765625e-04
1	0	11	1	1	1431427.7777777778	-9.765625e-04
1	0	12	1	1	1428518.0	-9.765625e-04
1	0	13	1	1	1431350.0	-9.765625e-04
1	0	14	1	1	1428078.75	-9.765625e-04
1	0	15	1	1	1430294.1666666667	-9.765625e-04
1	0	16	1	1	1429407.2727272727	-9.765625e-04
1	0	17	1	1	1432448.2352941176	-9.765625e-04
1	0	18	1	1	1432633.8190954775	-9.765625e-04
1	0	19	1	1	1434112.458664377	-9.765625e-04
1	0	20	1	1	1433203.4098580948	-9.765625e-04
1	0	21	1	1	1434079.2583369315	-9.765625e-04
1	0	22	1	1	1432914.2151407457	-9.765625e-04
1	0	23	1	1	1433746.8968738853	-9.765625e-04
1	0	24	1	1	1433384.2438476377	-9.765625e-04
1	0	25	1	1	1434049.7317702665	-9.765625e-04
1	0	26	1	1	1432886.8372109842	-9.765625e-04
1	0	27	1	1	1433551.1428541671	-9.765625e-04
1	0	28	1	1	1433091.2334469145	-9.765625e-04
1	0	29	1	1	1432851.3395614615	-9.765625e-04
1	0	30	1	1	1432651.0010797458	-9.765625e-04
1	0	31	1	1	1432491.4438511545	-9.765625e-04
1	0	32	1	1	1434056.1322785628	-9.765625e-04
1	0	33	1	1	1433903.6304006055	-9.765625e-04
1	0	34	1	1	1433564.460091949	-9.765625e-04
1	0	35	1	1	1433384.6911876467	-9.765625e-04
1	0	36	1	1	1433690.9961970595	-9.765625e-04
1	0	37	1	1	1433471.399173851	-9.765625e-04
1	0	38	1	1	1430894.2857142857	-9.765625e-04
1	0	39	1	1	1430818.8421052631	-9.765625e-04
1	0	40	1	1	1431089.7101449275	-9.765625e-04
1	0	41	1	1	1430139.2537313432	-9.765625e-04
1	0	42	1	1	1428973.6842105263	-9.765625e-04
1	0	43	1	1	1428491.5	-9.765625e-04
1	0	44	1	1	1426450.487804878	-9.765625e-04
1	0	45	1	1	1426535.7692307692	-9.765625e-04
1	0	46	1	1	1426673.1578947369	-9.765625e-04
1	0	47	1	1	1428531.111111111	-9.765625e-04
1	0	48	1	1	1427760.3846153845	-9.765625e-04
1	0	49	1	1	1428360.6382978724	-9.765625e-04
1	0	50	1	1	1426766.888888889	-9.765625e-04
1	0	51	1	1	1427186.923076923	-9.765625e-04
1	0	52	1	1	1426250.9523809524	-9.765625e-04
1	0	53	1	1	1426875.4545454546	-9.765625e-04
1	0	54	1	1	1426484.5454545454	-9.765625e-04
1	0	55	1	1	1427443.7037037036	-9.765625e-04
1	0	56	1	1	1427821.3636363635	-9.765625e-04
1	0	57	1	1	1428455.238095238	-9.765625e-04
1	0	58	1	1	1425580.857142857	-9.765625e-04
1	0	59	1	1	1426708.7234042552	-9.765625e-04
1	0	60	1	1	1426834.4444444445	-9.765625e-04
1	0	61	1	1	1427087.619047619	-9.765625e-04
1	0	62	1	1	1426872.2857142857	-9.765625e-04
#BH2
3	0	0	0	0	115.76447297874716	1.000000e+00
3	0	1	0	0	143.81727033875399	1.000000e+00
3	0	2	0	0	99.0670573441823	1.000000e+00
3	0	3	0	0	132.04226259955388	1.000000e+00
3	0	4	0	0	123.29527120798627	1.000000e+00
3	0	5	0	0	125.90945344669434	1.000000e+00
3	0	6	0	0	125.38417307990544	1.000000e+00
3	0	7	0	0	119.61002506442361	1.000000e+00
3	0	8	0	0	111.34442009586813	1.000000e+00
3	0	9	0	0	107.22334148938486	1.000000e+00
3	0	10	0	0	136.90686441381257	1.000000e+00
3	0	11	0	0	112.34339142479247	1.000000e+00
3	0	12	0	0	108.39530209730708	1.000000e+00
3	0	13	0	0	92.1176170425473	1.000000e+00
3	0	14	0	0	139.96249015830998	1.000000e+00
3	0	0	0	1	122.86174978944868	1.000000e+00
3	0	1	0	1	104.65226865693789	1.000000e+00
3	0	2	0	1	115.32132903914506	1.000000e+00
3	0	3	0	1	87.53998726109448	1.000000e+00
3	0	4	0	1	122.83309324420959	1.000000e+00
3	0	5	0	1	103.06096679637427	1.000000e+00
3	0	6	0	1	101.79380901460515	1.000000e+00
3	0	7	0	1	106.13970819027757	1.000000e+00
3	0	8	0	1	119.64816909928116	1.000000e+00
3	0	9	0	1	102.90395526594551	1.000000e+00
3	0	10	0	1	115.54745234516957	1.000000e+00
3	0	11	0	1	112.73661173014587	1.000000e+00
3	0	12	0	1	109.85241125197182	1.000000e+00
3	0	13	0	1	104.41121433268069	1.000000e+00
3	0	14	0	1	110.85243525390968	1.000000e+00
3	0	0	1	0	722901.3855421686	-9.765625e-04
3	0	1	1	0	723351.4596273291	-9.765625e-04
3	0	2	1	0	723822.4460431655	-9.765625e-04
3	0	3	1	0	723930.1646822275	-9.765625e-04
3	0	4	1	0	724773.761396491	-9.765625e-04
3	0	5	1	0	725224.9338706261	-9.765625e-04
3	0	6	1	0	724156.7356519916	-9.765625e-04
3	0	7	1	0	724116.3470083078	-9.765625e-04
3	0	8	1	0	725007.9101738519	-9.765625e-04
3	0	9	1	0	724828.493879332	-9.765625e-04
3	0	10	1	0	724087.1860465116	-9.765625e-04
3	0	11	1	0	723438.1884057971	-9.765625e-04
3	0	12	1	0	723497.6470588235	-9.765625e-04
3	0	13	1	0	722599.1891891892	-9.765625e-04
3	0	14	1	0	722540.223880597	-9.765625e-04
3	0	0	1	1	725531.5909090909	-9.765625e-04
3	0	1	1	1	726013.4756097561	-9.765625e-04
3	0	2	1	1	727296.7081850534	-9.765625e-04
3	0	3	1	1	727239.4293054695	-9.765625e-04
3	0	4	1	1	726974.1918309836	-9.765625e-04
3	0	5	1	1	727525.8555727673	-9.765625e-04
3	0	6	1	1	727479.4019543029	-9.765625e-04
3	0	7	1	1	727659.2350438851	-9.765625e-04
3	0	8	1	1	728356.9813364334	-9.765625e-04
3	0	9	1	1	727874.6778260295	-9.765625e-04
3	0	10	1	1	727628.7155963302	-9.765625e-04
3	0	11	1	1	725982.2602739726	-9.765625e-04
3	0	12	1	1	726436.1764705882	-9.765625e-04
3	0	13	1	1	724783.4523809524	-9.765625e-04
3	0	14	1	1	725350.352112676	-9.765625e-04
3	0	0	1	2	0.000000e+00	1.000000e+00
3	0	1	1	2	0.000000e+00	1.000000e+00
3	0	2	1	2	0.000000e+00	1.000000e+00
3	0	3	1	2	0.000000e+00	1.000000e+00
3	0	4	1	2	0.000000e+00	1.000000e+00
3	0	5	1	2	0.000000e+00	1.000000e+00
3	0	6	1	2	0.000000e+00	1.000000e+00
3	0	7	1	2	0.000000e+00	1.000000e+00
3	0	8	1	2	0.000000e+00	1.000000e+00
3	0	9	1	2	0.000000e+00	1.000000e+00
3	0	10	1	2	0.000000e+00	1.000000e+00
3	0	11	1	2	0.000000e+00	1.000000e+00
3	0	12	1	2	0.000000e+00	1.000000e+00
3	0	13	1	2	0.000000e+00	1.000000e+00
3	0	14	1	2	0.000000e+00	1.000000e+00
#BAC
4	0	0	0	0	100.30887279263484	11.208
4	0	1	0	0	86.82281891874081	10.463
4	0	2	0	0	84.86788000029652	9.015
4	0	3	0	0	74.54602454648845	10.424
4	0	4	0	0	234.71394652119633	10.278
4	0	0	1	0	1.000000e+00	-9.765625e-04
4	0	1	1	0	1.000000e+00	-9.765625e-04
4	0	2	1	0	1.000000e+00	-9.765625e-04
4	0	3	1	0	1.000000e+00	-9.765625e-04
4	0	4	1	0	710795.0	-9.765625e-04
#HTOF
5	0	0	0	0	0.000000e+00	1.000000e+00
5	0	1	0	0	0.000000e+00	1.000000e+00
5	0	2	0	0	0.000000e+00	1.000000e+00
5	0	3	0	0	0.000000e+00	1.000000e+00
5	0	4	0	0	0.000000e+00	1.000000e+00
5	0	5	0	0	0.000000e+00	1.000000e+00
5	0	6	0	0	0.000000e+00	1.000000e+00
5	0	7	0	0	0.000000e+00	1.000000e+00
5	0	8	0	0	0.000000e+00	1.000000e+00
5	0	9	0	0	0.000000e+00	1.000000e+00
5	0	10	0	0	0.000000e+00	1.000000e+00
5	0	11	0	0	0.000000e+00	1.000000e+00
5	0	12	0	0	0.000000e+00	1.000000e+00
5	0	13	0	0	0.000000e+00	1.000000e+00
5	0	14	0	0	0.000000e+00	1.000000e+00
5	0	15	0	0	0.000000e+00	1.000000e+00
5	0	16	0	0	0.000000e+00	1.000000e+00
5	0	17	0	0	0.000000e+00	1.000000e+00
5	0	18	0	0	0.000000e+00	1.000000e+00
5	0	19	0	0	0.000000e+00	1.000000e+00
5	0	20	0	0	0.000000e+00	1.000000e+00
5	0	21	0	0	0.000000e+00	1.000000e+00
5	0	22	0	0	0.000000e+00	1.000000e+00
5	0	23	0	0	0.000000e+00	1.000000e+00
5	0	24	0	0	0.000000e+00	1.000000e+00
5	0	25	0	0	0.000000e+00	1.000000e+00
5	0	26	0	0	0.000000e+00	1.000000e+00
5	0	27	0	0	0.000000e+00	1.000000e+00
5	0	28	0	0	0.000000e+00	1.000000e+00
5	0	29	0	0	0.000000e+00	1.000000e+00
5	0	30	0	0	0.000000e+00	1.000000e+00
5	0	31	0	0	0.000000e+00	1.000000e+00
5	0	32	0	0	0.000000e+00	1.000000e+00
5	0	33	0	0	0.000000e+00	1.000000e+00
5	0	0	0	1	0.000000e+00	1.000000e+00
5	0	1	0	1	0.000000e+00	1.000000e+00
5	0	2	0	1	0.000000e+00	1.000000e+00
5	0	3	0	1	0.000000e+00	1.000000e+00
5	0	4	0	1	0.000000e+00	1.000000e+00
5	0	5	0	1	0.000000e+00	1.000000e+00
5	0	6	0	1	0.000000e+00	1.000000e+00
5	0	7	0	1	0.000000e+00	1.000000e+00
5	0	8	0	1	0.000000e+00	1.000000e+00
5	0	9	0	1	0.000000e+00	1.000000e+00
5	0	10	0	1	0.000000e+00	1.000000e+00
5	0	11	0	1	0.000000e+00	1.000000e+00
5	0	12	0	1	0.000000e+00	1.000000e+00
5	0	13	0	1	0.000000e+00	1.000000e+00
5	0	14	0	1	0.000000e+00	1.000000e+00
5	0	15	0	1	0.000000e+00	1.000000e+00
5	0	16	0	1	0.000000e+00	1.000000e+00
5	0	17	0	1	0.000000e+00	1.000000e+00
5	0	18	0	1	0.000000e+00	1.000000e+00
5	0	19	0	1	0.000000e+00	1.000000e+00
5	0	20	0	1	0.000000e+00	1.000000e+00
5	0	21	0	1	0.000000e+00	1.000000e+00
5	0	22	0	1	0.000000e+00	1.000000e+00
5	0	23	0	1	0.000000e+00	1.000000e+00
5	0	24	0	1	0.000000e+00	1.000000e+00
5	0	25	0	1	0.000000e+00	1.000000e+00
5	0	26	0	1	0.000000e+00	1.000000e+00
5	0	27	0	1	0.000000e+00	1.000000e+00
5	0	28	0	1	0.000000e+00	1.000000e+00
5	0	29	0	1	0.000000e+00	1.000000e+00
5	0	30	0	1	0.000000e+00	1.000000e+00
5	0	31	0	1	0.000000e+00	1.000000e+00
5	0	32	0	1	0.000000e+00	1.000000e+00
5	0	33	0	1	0.000000e+00	1.000000e+00
5	0	0	0	2	0.000000e+00	1.000000e+00
5	0	1	0	2	0.000000e+00	1.000000e+00
5	0	2	0	2	0.000000e+00	1.000000e+00
5	0	3	0	2	0.000000e+00	1.000000e+00
5	0	4	0	2	0.000000e+00	1.000000e+00
5	0	5	0	2	0.000000e+00	1.000000e+00
5	0	6	0	2	0.000000e+00	1.000000e+00
5	0	7	0	2	0.000000e+00	1.000000e+00
5	0	8	0	2	0.000000e+00	1.000000e+00
5	0	9	0	2	0.000000e+00	1.000000e+00
5	0	10	0	2	0.000000e+00	1.000000e+00
5	0	11	0	2	0.000000e+00	1.000000e+00
5	0	12	0	2	0.000000e+00	1.000000e+00
5	0	13	0	2	0.000000e+00	1.000000e+00
5	0	14	0	2	0.000000e+00	1.000000e+00
5	0	15	0	2	0.000000e+00	1.000000e+00
5	0	16	0	2	0.000000e+00	1.000000e+00
5	0	17	0	2	0.000000e+00	1.000000e+00
5	0	18	0	2	0.000000e+00	1.000000e+00
5	0	19	0	2	0.000000e+00	1.000000e+00
5	0	20	0	2	0.000000e+00	1.000000e+00
5	0	21	0	2	0.000000e+00	1.000000e+00
5	0	22	0	2	0.000000e+00	1.000000e+00
5	0	23	0	2	0.000000e+00	1.000000e+00
5	0	24	0	2	0.000000e+00	1.000000e+00
5	0	25	0	2	0.000000e+00	1.000000e+00
5	0	26	0	2	0.000000e+00	1.000000e+00
5	0	27	0	2	0.000000e+00	1.000000e+00
5	0	28	0	2	0.000000e+00	1.000000e+00
5	0	29	0	2	0.000000e+00	1.000000e+00
5	0	30	0	2	0.000000e+00	1.000000e+00
5	0	31	0	2	0.000000e+00	1.000000e+00
5	0	32	0	2	0.000000e+00	1.000000e+00
5	0	33	0	2	0.000000e+00	1.000000e+00
5	0	0	1	0	1.000000e+00	-9.765625e-04
5	0	1	1	0	1.000000e+00	-9.765625e-04
5	0	2	1	0	1.000000e+00	-9.765625e-04
5	0	3	1	0	1.000000e+00	-9.765625e-04
5	0	4	1	0	1.000000e+00	-9.765625e-04
5	0	5	1	0	1.000000e+00	-9.765625e-04
5	0	6	1	0	1.000000e+00	-9.765625e-04
5	0	7	1	0	1.000000e+00	-9.765625e-04
5	0	8	1	0	1.000000e+00	-9.765625e-04
5	0	9	1	0	1.000000e+00	-9.765625e-04
5	0	10	1	0	1.000000e+00	-9.765625e-04
5	0	11	1	0	1.000000e+00	-9.765625e-04
5	0	12	1	0	1.000000e+00	-9.765625e-04
5	0	13	1	0	1.000000e+00	-9.765625e-04
5	0	14	1	0	1.000000e+00	-9.765625e-04
5	0	15	1	0	1.000000e+00	-9.765625e-04
5	0	16	1	0	1.000000e+00	-9.765625e-04
5	0	17	1	0	1.000000e+00	-9.765625e-04
5	0	18	1	0	1.000000e+00	-9.765625e-04
5	0	19	1	0	1.000000e+00	-9.765625e-04
5	0	20	1	0	1.000000e+00	-9.765625e-04
5	0	21	1	0	1.000000e+00	-9.765625e-04
5	0	22	1	0	1.000000e+00	-9.765625e-04
5	0	23	1	0	1.000000e+00	-9.765625e-04
5	0	24	1	0	1.000000e+00	-9.765625e-04
5	0	25	1	0	1.000000e+00	-9.765625e-04
5	0	26	1	0	1.000000e+00	-9.765625e-04
5	0	27	1	0	1.000000e+00	-9.765625e-04
5	0	28	1	0	1.000000e+00	-9.765625e-04
5	0	29	1	0	1.000000e+00	-9.765625e-04
5	0	30	1	0	1.000000e+00	-9.765625e-04
5	0	31	1	0	1.000000e+00	-9.765625e-04
5	0	32	1	0	1.000000e+00	-9.765625e-04
5	0	33	1	0	1.000000e+00	-9.765625e-04
5	0	0	1	1	1.000000e+00	-9.765625e-04
5	0	1	1	1	1.000000e+00	-9.765625e-04
5	0	2	1	1	1.000000e+00	-9.765625e-04
5	0	3	1	1	1.000000e+00	-9.765625e-04
5	0	4	1	1	1.000000e+00	-9.765625e-04
5	0	5	1	1	1.000000e+00	-9.765625e-04
5	0	6	1	1	1.000000e+00	-9.765625e-04
5	0	7	1	1	1.000000e+00	-9.765625e-04
5	0	8	1	1	1.000000e+00	-9.765625e-04
5	0	9	1	1	1.000000e+00	-9.765625e-04
5	0	10	1	1	1.000000e+00	-9.765625e-04
5	0	11	1	1	1.000000e+00	-9.765625e-04
5	0	12	1	1	1.000000e+00	-9.765625e-04
5	0	13	1	1	1.000000e+00	-9.765625e-04
5	0	14	1	1	1.000000e+00	-9.765625e-04
5	0	15	1	1	1.000000e+00	-9.765625e-04
5	0	16	1	1	1.000000e+00	-9.765625e-04
5	0	17	1	1	1.000000e+00	-9.765625e-04
5	0	18	1	1	1.000000e+00	-9.765625e-04
5	0	19	1	1	1.000000e+00	-9.765625e-04
5	0	20	1	1	1.000000e+00	-9.765625e-04
5	0	21	1	1	1.000000e+00	-9.765625e-04
5	0	22	1	1	1.000000e+00	-9.765625e-04
5	0	23	1	1	1.000000e+00	-9.765625e-04
5	0	24	1	1	1.000000e+00	-9.765625e-04
5	0	25	1	1	1.000000e+00	-9.765625e-04
5	0	26	1	1	1.000000e+00	-9.765625e-04
5	0	27	1	1	1.000000e+00	-9.765625e-04
5	0	28	1	1	1.000000e+00	-9.765625e-04
5	0	29	1	1	1.000000e+00	-9.765625e-04
5	0	30	1	1	1.000000e+00	-9.765625e-04
5	0	31	1	1	1.000000e+00	-9.765625e-04
5	0	32	1	1	1.000000e+00	-9.765625e-04
5	0	33	1	1	1.000000e+00	-9.765625e-04
5	0	0	1	2	1.000000e+00	-9.765625e-04
5	0	1	1	2	1.000000e+00	-9.765625e-04
5	0	2	1	2	1.000000e+00	-9.765625e-04
5	0	3	1	2	1.000000e+00	-9.765625e-04
5	0	4	1	2	1.000000e+00	-9.765625e-04
5	0	5	1	2	1.000000e+00	-9.765625e-04
5	0	6	1	2	1.000000e+00	-9.765625e-04
5	0	7	1	2	1.000000e+00	-9.765625e-04
5	0	8	1	2	1.000000e+00	-9.765625e-04
5	0	9	1	2	1.000000e+00	-9.765625e-04
5	0	10	1	2	1.000000e+00	-9.765625e-04
5	0	11	1	2	1.000000e+00	-9.765625e-04
5	0	12	1	2	1.000000e+00	-9.765625e-04
5	0	13	1	2	1.000000e+00	-9.765625e-04
5	0	14	1	2	1.000000e+00	-9.765625e-04
5	0	15	1	2	1.000000e+00	-9.765625e-04
5	0	16	1	2	1.000000e+00	-9.765625e-04
5	0	17	1	2	1.000000e+00	-9.765625e-04
5	0	18	1	2	1.000000e+00	-9.765625e-04
5	0	19	1	2	1.000000e+00	-9.765625e-04
5	0	20	1	2	1.000000e+00	-9.765625e-04
5	0	21	1	2	1.000000e+00	-9.765625e-04
5	0	22	1	2	1.000000e+00	-9.765625e-04
5	0	23	1	2	1.000000e+00	-9.765625e-04
5	0	24	1	2	1.000000e+00	-9.765625e-04
5	0	25	1	2	1.000000e+00	-9.765625e-04
5	0	26	1	2	1.000000e+00	-9.765625e-04
5	0	27	1	2	1.000000e+00	-9.765625e-04
5	0	28	1	2	1.000000e+00	-9.765625e-04
5	0	29	1	2	1.000000e+00	-9.765625e-04
5	0	30	1	2	1.000000e+00	-9.765625e-04
5	0	31	1	2	1.000000e+00	-9.765625e-04
5	0	32	1	2	1.000000e+00	-9.765625e-04
5	0	33	1	2	1.000000e+00	-9.765625e-04
#KVC
6	0	0	0	0	121.38875432459557	9.405720e+00
6	0	1	0	0	97.09618369134324	9.293611e+00
6	0	2	0	0	98.82497170542871	9.794817e+00
6	0	3	0	0	115.56888777542444	8.935510e+00
6	0	4	0	0	112.94264240475643	9.405720e+00
6	0	5	0	0	124.46974630149153	9.293611e+00
6	0	6	0	0	99.81197675430548	9.794817e+00
6	0	7	0	0	119.43394395316557	8.935510e+00
6	0	0	0	1	138.65690691126414	8.864464e+00
6	0	1	0	1	110.76149574874333	1.002469e+01
6	0	2	0	1	139.82171493560955	9.032530e+00
6	0	3	0	1	87.5552801253054	8.566897e+00
6	0	4	0	1	95.07927441314165	8.864464e+00
6	0	5	0	1	117.99008363390311	1.002469e+01
6	0	6	0	1	102.08693813489563	9.032530e+00
6	0	7	0	1	112.3463193204039	8.566897e+00
6	0	0	0	2	101.7918852017113	9.281763e+00
6	0	1	0	2	106.06166005333519	9.597398e+00
6	0	2	0	2	109.3280328265579	9.604148e+00
6	0	3	0	2	93.94561570358327	9.156487e+00
6	0	4	0	2	88.92516046765415	9.281763e+00
6	0	5	0	2	104.89567480429938	9.597398e+00
6	0	6	0	2	109.22929721887587	9.604148e+00
6	0	7	0	2	112.976015191703	9.156487e+00
6	0	0	0	3	107.46149303612441	9.215651e+00
6	0	1	0	3	132.31659798363827	9.984777e+00
6	0	2	0	3	108.04498441484459	9.305942e+00
6	0	3	0	3	100.13988981785745	9.693401e+00
6	0	4	0	3	99.34280811951118	9.215651e+00
6	0	5	0	3	120.57466902924463	9.984777e+00
6	0	6	0	3	86.65713581165959	9.305942e+00
6	0	7	0	3	125.44474137761955	9.693401e+00
6	0	0	0	4	197.0214263797211	9.192747e+00
6	0	1	0	4	170.37835310772473	9.755004e+00
6	0	2	0	4	166.84373123823107	9.437462e+00
6	0	3	0	4	166.8449185648268	9.100621e+00
6	0	4	0	4	198.57145228256238	9.192747e+00
6	0	5	0	4	140.71629303016462	9.755004e+00
6	0	6	0	4	132.1397331467415	9.437462e+00
6	0	7	0	4	268.32463227131393	9.100621e+00
6	0	0	1	4	694144.4757350533	-9.765625e-04
6	0	1	1	4	694760.8564509432	-9.765625e-04
6	0	2	1	4	695687.9813293655	-9.765625e-04
6	0	3	1	4	696044.2026991366	-9.765625e-04
6	0	4	1	4	696036.2382818438	-9.765625e-04
6	0	5	1	4	695284.3265199566	-9.765625e-04
6	0	6	1	4	694857.2046165972	-9.765625e-04
6	0	7	1	4	695674.7162054097	-9.765625e-04
#T1
7	0	0	0	0	263.2278772871286	1.000000e+00
7	0	0	1	0	699531.9345148674	-9.765625e-04
#CVC
8	0	0	0	0	0.000000e+00	1.000000e+00
8	0	1	0	0	0.000000e+00	1.000000e+00
8	0	2	0	0	0.000000e+00	1.000000e+00
8	0	3	0	0	0.000000e+00	1.000000e+00
8	0	4	0	0	0.000000e+00	1.000000e+00
8	0	5	0	0	0.000000e+00	1.000000e+00
8	0	6	0	0	0.000000e+00	1.000000e+00
8	0	7	0	0	0.000000e+00	1.000000e+00
8	0	0	0	1	0.000000e+00	1.000000e+00
8	0	1	0	1	0.000000e+00	1.000000e+00
8	0	2	0	1	0.000000e+00	1.000000e+00
8	0	3	0	1	0.000000e+00	1.000000e+00
8	0	4	0	1	0.000000e+00	1.000000e+00
8	0	5	0	1	0.000000e+00	1.000000e+00
8	0	6	0	1	0.000000e+00	1.000000e+00
8	0	7	0	1	0.000000e+00	1.000000e+00
8	0	0	1	0	1.000000e+00	-9.765625e-04
8	0	1	1	0	1.000000e+00	-9.765625e-04
8	0	2	1	0	1.000000e+00	-9.765625e-04
8	0	3	1	0	1.000000e+00	-9.765625e-04
8	0	4	1	0	1.000000e+00	-9.765625e-04
8	0	5	1	0	1.000000e+00	-9.765625e-04
8	0	6	1	0	1.000000e+00	-9.765625e-04
8	0	7	1	0	1.000000e+00	-9.765625e-04
8	0	0	1	1	1.000000e+00	-9.765625e-04
8	0	1	1	1	1.000000e+00	-9.765625e-04
8	0	2	1	1	1.000000e+00	-9.765625e-04
8	0	3	1	1	1.000000e+00	-9.765625e-04
8	0	4	1	1	1.000000e+00	-9.765625e-04
8	0	5	1	1	1.000000e+00	-9.765625e-04
8	0	6	1	1	1.000000e+00	-9.765625e-04
8	0	7	1	1	1.000000e+00	-9.765625e-04
#SAC3
9	0	0	0	0	0.000000e+00	1.000000e+00
9	0	0	1	0	1.000000e+00	-9.765625e-04
#SFV
10	0	0	1	0	1.000000e+00	-9.765625e-04
#COBO
11	0	0	1	0	1.575e+06	-9.765625e-04
11	0	1	1	0	1.575e+06	-9.765625e-04
11	0	2	1	0	1.575e+06	-9.765625e-04
11	0	3	1	0	1.575e+06	-9.765625e-04
11	0	4	1	0	1.575e+06	-9.765625e-04
11	0	5	1	0	1.575e+06	-9.765625e-04
11	0	6	1	0	1.575e+06	-9.765625e-04
11	0	7	1	0	1.575e+06	-9.765625e-04
