#CId	PlId	SegId	AorT	UorD	p0	p1
#BHT
1	0	0	0	0	0.0	8.95106644122847
1	0	1	0	0	0.0	8.327102639288135
1	0	2	0	0	0.0	9.644104377240959
1	0	3	0	0	0.0	8.658961494589095
1	0	4	0	0	0.0	9.100302083330565
1	0	5	0	0	0.0	8.894670917292554
1	0	6	0	0	0.0	9.439304991503844
1	0	7	0	0	0.0	7.544225019176664
1	0	8	0	0	0.0	9.234981683533
1	0	9	0	0	0.0	8.22157022489283
1	0	10	0	0	0.0	8.875832415809478
1	0	11	0	0	0.0	8.00612798330437
1	0	12	0	0	0.0	9.414207128102959
1	0	13	0	0	0.0	8.342187921279702
1	0	14	0	0	0.0	9.424356071036252
1	0	15	0	0	0.0	7.941654632148498
1	0	16	0	0	0.0	8.944761004370369
1	0	17	0	0	0.0	8.575070345515133
1	0	18	0	0	0.0	9.009542748750642
1	0	19	0	0	0.0	8.196781115789404
1	0	20	0	0	0.0	8.785154779009172
1	0	21	0	0	0.0	8.681909326871104
1	0	22	0	0	0.0	8.783244771499497
1	0	23	0	0	0.0	7.718638268217604
1	0	24	0	0	0.0	9.003420419836315
1	0	25	0	0	0.0	8.69487114014542
1	0	26	0	0	0.0	9.009297826139415
1	0	27	0	0	0.0	8.238997782865225
1	0	28	0	0	0.0	8.891887456778651
1	0	29	0	0	0.0	8.966778295976058
1	0	30	0	0	0.0	8.833033348305971
1	0	31	0	0	0.0	8.324990185664372
1	0	32	0	0	0.0	9.053440285545243
1	0	33	0	0	0.0	8.731786034156617
1	0	34	0	0	0.0	8.888937695188783
1	0	35	0	0	0.0	8.283170382658904
1	0	36	0	0	0.0	9.028706129256447
1	0	37	0	0	0.0	8.541929892237256
1	0	38	0	0	0.0	8.7746427644953
1	0	39	0	0	0.0	8.245660827459924
1	0	40	0	0	0.0	9.044168681542255
1	0	41	0	0	0.0	8.367730834176651
1	0	42	0	0	0.0	9.142001948998097
1	0	43	0	0	0.0	8.282866317092784
1	0	44	0	0	0.0	9.069893116014729
1	0	45	0	0	0.0	8.658620719640783
1	0	46	0	0	0.0	8.975171248809588
1	0	47	0	0	0.0	8.612683301502502
1	0	48	0	0	0.0	9.360667899041582
1	0	49	0	0	0.0	8.781604078880012
1	0	50	0	0	0.0	8.930454477364998
1	0	51	0	0	0.0	8.081256077129876
1	0	52	0	0	0.0	9.097287694968605
1	0	53	0	0	0.0	8.70037031038313
1	0	54	0	0	0.0	9.271927318108535
1	0	55	0	0	0.0	8.238261819453644
1	0	56	0	0	0.0	9.213587912385051
1	0	57	0	0	0.0	8.928545227706335
1	0	58	0	0	0.0	8.901260713951146
1	0	59	0	0	0.0	8.188772649294254
1	0	60	0	0	0.0	9.238817313312698
1	0	61	0	0	0.0	9.121875141428225
1	0	62	0	0	0.0	9.551934553466422
1	0	0	0	1	0.0	9.364060307359395
1	0	1	0	1	0.0	9.713021511518466
1	0	2	0	1	0.0	9.803430887714065
1	0	3	0	1	0.0	9.735769658586875
1	0	4	0	1	0.0	9.006264860385016
1	0	5	0	1	0.0	9.34753139931666
1	0	6	0	1	0.0	9.477374145129883
1	0	7	0	1	0.0	8.630544221171899
1	0	8	0	1	0.0	8.82249927028453
1	0	9	0	1	0.0	8.691559152727942
1	0	10	0	1	0.0	8.916100680777976
1	0	11	0	1	0.0	8.846277646171863
1	0	12	0	1	0.0	9.000673370478527
1	0	13	0	1	0.0	8.559626799761642
1	0	14	0	1	0.0	8.453989152228312
1	0	15	0	1	0.0	8.751166468780045
1	0	16	0	1	0.0	8.77238572052778
1	0	17	0	1	0.0	8.906614092973934
1	0	18	0	1	0.0	9.065336035639124
1	0	19	0	1	0.0	9.056846913455372
1	0	20	0	1	0.0	8.880327896899455
1	0	21	0	1	0.0	8.867479017840616
1	0	22	0	1	0.0	8.908942684187046
1	0	23	0	1	0.0	8.770991265836445
1	0	24	0	1	0.0	8.61335823955215
1	0	25	0	1	0.0	8.71225829337735
1	0	26	0	1	0.0	8.689635563050476
1	0	27	0	1	0.0	8.80797609711104
1	0	28	0	1	0.0	8.826942249791333
1	0	29	0	1	0.0	9.025400738408106
1	0	30	0	1	0.0	8.915552308066228
1	0	31	0	1	0.0	8.950063778917395
1	0	32	0	1	0.0	8.904243790500615
1	0	33	0	1	0.0	8.770172573050703
1	0	34	0	1	0.0	8.779316651115625
1	0	35	0	1	0.0	8.67807727297329
1	0	36	0	1	0.0	8.925623750794854
1	0	37	0	1	0.0	8.634178549611695
1	0	38	0	1	0.0	8.765684437143486
1	0	39	0	1	0.0	8.863898830495557
1	0	40	0	1	0.0	8.62686781151835
1	0	41	0	1	0.0	8.533733023694824
1	0	42	0	1	0.0	8.843546361330242
1	0	43	0	1	0.0	8.69043249250581
1	0	44	0	1	0.0	8.753175767156343
1	0	45	0	1	0.0	8.650423665627086
1	0	46	0	1	0.0	8.78098127614186
1	0	47	0	1	0.0	8.998268700013288
1	0	48	0	1	0.0	8.961644552961074
1	0	49	0	1	0.0	8.94975807310065
1	0	50	0	1	0.0	8.588338829875081
1	0	51	0	1	0.0	8.350240319584788
1	0	52	0	1	0.0	8.547445165815283
1	0	53	0	1	0.0	8.525400370595161
1	0	54	0	1	0.0	9.054098901129656
1	0	55	0	1	0.0	8.971060515297589
1	0	56	0	1	0.0	8.097656963040425
1	0	57	0	1	0.0	8.820679855930363
1	0	58	0	1	0.0	8.401807256943066
1	0	59	0	1	0.0	8.868077042727139
1	0	60	0	1	0.0	8.687091540475661
1	0	61	0	1	0.0	9.032248869344768
1	0	62	0	1	0.0	8.925585272049126
1	0	0	1	0	1416030.6896551724	-0.0009765625
1	0	1	1	0	1415714.0366972478	-0.0009765625
1	0	2	1	0	1417016.0194174757	-0.0009765625
1	0	3	1	0	1416086.7441860465	-0.0009765625
1	0	4	1	0	1415568.7878787878	-0.0009765625
1	0	5	1	0	1416049.5620437956	-0.0009765625
1	0	6	1	0	1415808.3544303798	-0.0009765625
1	0	7	1	0	1415921.393939394	-0.0009765625
1	0	8	1	0	1415617.3103448276	-0.0009765625
1	0	9	1	0	1416455.4644808744	-0.0009765625
1	0	10	1	0	1415929.433962264	-0.0009765625
1	0	11	1	0	1415974.152542373	-0.0009765625
1	0	12	1	0	1416126.4233576641	-0.0009765625
1	0	13	1	0	1416451.3194444445	-0.0009765625
1	0	14	1	0	1415794.7469428368	-0.0009765625
1	0	15	1	0	1416395.032033043	-0.0009765625
1	0	16	1	0	1416208.3275789951	-0.0009765625
1	0	17	1	0	1417244.7080669943	-0.0009765625
1	0	18	1	0	1416855.6274014385	-0.0009765625
1	0	19	1	0	1417133.0269288227	-0.0009765625
1	0	20	1	0	1417571.1452702696	-0.0009765625
1	0	21	1	0	1417653.6619306582	-0.0009765625
1	0	22	1	0	1417834.3454076224	-0.0009765625
1	0	23	1	0	1417162.2272425427	-0.0009765625
1	0	24	1	0	1417342.9152205652	-0.0009765625
1	0	25	1	0	1417634.0840045533	-0.0009765625
1	0	26	1	0	1417746.2109045573	-0.0009765625
1	0	27	1	0	1417180.0894046703	-0.0009765625
1	0	28	1	0	1417562.7815719957	-0.0009765625
1	0	29	1	0	1417611.9540464191	-0.0009765625
1	0	30	1	0	1417770.1881359257	-0.0009765625
1	0	31	1	0	1416018.8566855723	-0.0009765625
1	0	32	1	0	1416455.748562133	-0.0009765625
1	0	33	1	0	1416279.5161070724	-0.0009765625
1	0	34	1	0	1416826.9398748584	-0.0009765625
1	0	35	1	0	1417053.853512456	-0.0009765625
1	0	36	1	0	1416852.972299513	-0.0009765625
1	0	37	1	0	1417263.88017522	-0.0009765625
1	0	38	1	0	1416861.6336356322	-0.0009765625
1	0	39	1	0	1417189.6245636537	-0.0009765625
1	0	40	1	0	1416480.9844210178	-0.0009765625
1	0	41	1	0	1417157.3735191056	-0.0009765625
1	0	42	1	0	1416834.6966646137	-0.0009765625
1	0	43	1	0	1417344.534253204	-0.0009765625
1	0	44	1	0	1416663.81467045	-0.0009765625
1	0	45	1	0	1417421.7580848676	-0.0009765625
1	0	46	1	0	1416629.4765381943	-0.0009765625
1	0	47	1	0	1417087.6604148336	-0.0009765625
1	0	48	1	0	1416494.5853677548	-0.0009765625
1	0	49	1	0	1417311.6057381234	-0.0009765625
1	0	50	1	0	1416746.9558691047	-0.0009765625
1	0	51	1	0	1417259.7916740756	-0.0009765625
1	0	52	1	0	1417085.1816138523	-0.0009765625
1	0	53	1	0	1417488.350222691	-0.0009765625
1	0	54	1	0	1417115.0552818496	-0.0009765625
1	0	55	1	0	1417316.3004649754	-0.0009765625
1	0	56	1	0	1417037.4931961007	-0.0009765625
1	0	57	1	0	1417410.1339996592	-0.0009765625
1	0	58	1	0	1417223.458080557	-0.0009765625
1	0	59	1	0	1417629.1902816624	-0.0009765625
1	0	60	1	0	1417214.0227487981	-0.0009765625
1	0	61	1	0	1417631.9024280787	-0.0009765625
1	0	62	1	0	1417168.0210205326	-0.0009765625
1	0	0	1	1	1417916.3636363635	-0.0009765625
1	0	1	1	1	1418732.5454545454	-0.0009765625
1	0	2	1	1	1417948.076923077	-0.0009765625
1	0	3	1	1	1418335.7777777778	-0.0009765625
1	0	4	1	1	1417851.09375	-0.0009765625
1	0	5	1	1	1418388.439716312	-0.0009765625
1	0	6	1	1	1417211.7610062894	-0.0009765625
1	0	7	1	1	1418003.4523809524	-0.0009765625
1	0	8	1	1	1417928.5430463576	-0.0009765625
1	0	9	1	1	1418777.5	-0.0009765625
1	0	10	1	1	1417821.1009174313	-0.0009765625
1	0	11	1	1	1417711.0612244897	-0.0009765625
1	0	12	1	1	1417728.273381295	-0.0009765625
1	0	13	1	1	1418164.6308724831	-0.0009765625
1	0	14	1	1	1416883.0082369358	-0.0009765625
1	0	15	1	1	1418049.3953148313	-0.0009765625
1	0	16	1	1	1417770.8103630159	-0.0009765625
1	0	17	1	1	1418925.8220155172	-0.0009765625
1	0	18	1	1	1417624.8089761543	-0.0009765625
1	0	19	1	1	1418527.0743070182	-0.0009765625
1	0	20	1	1	1417730.5698854793	-0.0009765625
1	0	21	1	1	1418614.6888725823	-0.0009765625
1	0	22	1	1	1417406.3277337751	-0.0009765625
1	0	23	1	1	1418102.3084513422	-0.0009765625
1	0	24	1	1	1417808.391317554	-0.0009765625
1	0	25	1	1	1418512.133043571	-0.0009765625
1	0	26	1	1	1417350.841861214	-0.0009765625
1	0	27	1	1	1417930.1021021556	-0.0009765625
1	0	28	1	1	1417516.280612623	-0.0009765625
1	0	29	1	1	1417202.0536135926	-0.0009765625
1	0	30	1	1	1416896.4248348535	-0.0009765625
1	0	31	1	1	1416625.79386482	-0.0009765625
1	0	32	1	1	1418196.6676549402	-0.0009765625
1	0	33	1	1	1418012.601699224	-0.0009765625
1	0	34	1	1	1417734.2248788353	-0.0009765625
1	0	35	1	1	1417546.1158046369	-0.0009765625
1	0	36	1	1	1417921.155755548	-0.0009765625
1	0	37	1	1	1417865.0650401362	-0.0009765625
1	0	38	1	1	1417324.5030579495	-0.0009765625
1	0	39	1	1	1417552.8504492685	-0.0009765625
1	0	40	1	1	1417797.0471531756	-0.0009765625
1	0	41	1	1	1417667.534160272	-0.0009765625
1	0	42	1	1	1417384.0318945518	-0.0009765625
1	0	43	1	1	1417075.1043154513	-0.0009765625
1	0	44	1	1	1416469.104579093	-0.0009765625
1	0	45	1	1	1417097.0138934355	-0.0009765625
1	0	46	1	1	1415890.4624539388	-0.0009765625
1	0	47	1	1	1416689.4732454242	-0.0009765625
1	0	48	1	1	1416051.7007880658	-0.0009765625
1	0	49	1	1	1416852.3110453528	-0.0009765625
1	0	50	1	1	1415582.5672510073	-0.0009765625
1	0	51	1	1	1416441.9543442423	-0.0009765625
1	0	52	1	1	1415772.1656925012	-0.0009765625
1	0	53	1	1	1416469.0385748444	-0.0009765625
1	0	54	1	1	1415381.747173635	-0.0009765625
1	0	55	1	1	1416091.8182672383	-0.0009765625
1	0	56	1	1	1416178.538662888	-0.0009765625
1	0	57	1	1	1416445.2879198377	-0.0009765625
1	0	58	1	1	1415814.193355707	-0.0009765625
1	0	59	1	1	1416292.315195637	-0.0009765625
1	0	60	1	1	1416741.4745522738	-0.0009765625
1	0	61	1	1	1416315.5127003037	-0.0009765625
1	0	62	1	1	1416088.1958015382	-0.0009765625
#BH2
3	0	0	0	0	118.41694040879618	201.8170731707317
3	0	1	0	0	146.80089503677664	277.83720930232556
3	0	2	0	0	101.69981524671066	258.5776119402985
3	0	3	0	0	135.1406476539729	293.3710983203054
3	0	4	0	0	125.86775057372489	247.9629014419824
3	0	5	0	0	128.46973200362297	276.78692201083777
3	0	6	0	0	127.96168662612375	213.3796023947173
3	0	7	0	0	122.24526539488522	298.1557507617258
3	0	8	0	0	114.0264672165806	259.23847068262694
3	0	9	0	0	110.1367257984604	265.3871369119906
3	0	10	0	0	139.8160815818197	277.5794651668527
3	0	11	0	0	115.20709713352036	249.60933333333332
3	0	12	0	0	111.34512418324385	281.2
3	0	13	0	0	95.21273455646359	271.4178743961353
3	0	14	0	0	142.70980170437946	276.9271844660194
3	0	0	0	1	125.83574996255767	283.5263157894737
3	0	1	0	1	107.10102963841751	261.4342105263158
3	0	2	0	1	118.2071368010935	277.17455621301775
3	0	3	0	1	90.21211220294029	253.68701310219046
3	0	4	0	1	125.47660018285124	267.14784887880535
3	0	5	0	1	105.75660384844304	243.70795744477027
3	0	6	0	1	104.38765746769344	232.77112415759873
3	0	7	0	1	109.15554475637768	254.30152532651127
3	0	8	0	1	122.48765000127767	240.39669964343457
3	0	9	0	1	105.64341437471079	230.44068471243764
3	0	10	0	1	117.9493529884388	225.12882445525534
3	0	11	0	1	115.82087482124932	258.6475409836066
3	0	12	0	1	112.84795232239784	263.83779264214047
3	0	13	0	1	107.11567248092139	272.37982832618025
3	0	14	0	1	113.62672086172623	293.3834355828221
3	0	0	1	0	722014.593495935	-0.0009765625
3	0	1	1	0	721943.8194444445	-0.0009765625
3	0	2	1	0	723006.24371859	-0.0009765625
3	0	3	1	0	722758.0037142265	-0.0009765625
3	0	4	1	0	723552.998774487	-0.0009765625
3	0	5	1	0	724010.9061099183	-0.0009765625
3	0	6	1	0	722913.5419809476	-0.0009765625
3	0	7	1	0	722919.7009588665	-0.0009765625
3	0	8	1	0	723788.1170887401	-0.0009765625
3	0	9	1	0	723622.6633054533	-0.0009765625
3	0	10	1	0	722938.746975618	-0.0009765625
3	0	11	1	0	722444.7052534667	-0.0009765625
3	0	12	1	0	722398.1691469499	-0.0009765625
3	0	13	1	0	721636.1475409836	-0.0009765625
3	0	14	1	0	721566.6256157636	-0.0009765625
3	0	0	1	1	724733.2575757576	-0.0009765625
3	0	1	1	1	724444.6875	-0.0009765625
3	0	2	1	1	726477.9703011673	-0.0009765625
3	0	3	1	1	726008.7239993948	-0.0009765625
3	0	4	1	1	725712.9521314866	-0.0009765625
3	0	5	1	1	726243.7246608493	-0.0009765625
3	0	6	1	1	726213.5434693347	-0.0009765625
3	0	7	1	1	726395.8609427359	-0.0009765625
3	0	8	1	1	727054.6901941354	-0.0009765625
3	0	9	1	1	726605.7669000444	-0.0009765625
3	0	10	1	1	726650.1995873441	-0.0009765625
3	0	11	1	1	725254.8765838287	-0.0009765625
3	0	12	1	1	725288.0136336811	-0.0009765625
3	0	13	1	1	724483.3673469388	-0.0009765625
3	0	14	1	1	724802.6811594203	-0.0009765625
3	0	0	1	2	-0.6073877779845156	1.0
3	0	1	1	2	-0.6723285619601963	1.0
3	0	2	1	2	0.24548119189362333	1.0
3	0	3	1	2	0.3799710414059538	1.0
3	0	4	1	2	-0.39031136305807923	1.0
3	0	5	1	2	0.5323869537140186	1.0
3	0	6	1	2	-0.36628000869342786	1.0
3	0	7	1	2	0.3052338938502592	1.0
3	0	8	1	2	-0.24978745433800628	1.0
3	0	9	1	2	-0.14217509771815337	1.0
3	0	10	1	2	-0.5855112789025757	1.0
3	0	11	1	2	-0.4836953975448304	1.0
3	0	12	1	2	-0.8362793281300549	1.0
3	0	13	1	2	-0.8607416652322666	1.0
3	0	14	1	2	-1.135090702239339	1.0
#BAC
4	0	0	0	0	100.63988661430237	11.208
4	0	1	0	0	86.66329905169252	10.463
4	0	2	0	0	85.43760663455063	9.015
4	0	3	0	0	74.77092002963794	10.424
4	0	4	0	0	198.22242116619637	10.278
4	0	0	1	0	1.000000e+00	-9.765625e-04
4	0	1	1	0	1.000000e+00	-9.765625e-04
4	0	2	1	0	1.000000e+00	-9.765625e-04
4	0	3	1	0	1.000000e+00	-9.765625e-04
4	0	4	1	0	711680.4224428984	-0.0009765625
#HTOF
5	0	0	0	0	0.000000e+00	1.000000e+00
5	0	1	0	0	0.000000e+00	1.000000e+00
5	0	2	0	0	0.000000e+00	1.000000e+00
5	0	3	0	0	0.000000e+00	1.000000e+00
5	0	4	0	0	0.000000e+00	1.000000e+00
5	0	5	0	0	0.000000e+00	1.000000e+00
5	0	6	0	0	0.000000e+00	1.000000e+00
5	0	7	0	0	0.000000e+00	1.000000e+00
5	0	8	0	0	0.000000e+00	1.000000e+00
5	0	9	0	0	0.000000e+00	1.000000e+00
5	0	10	0	0	0.000000e+00	1.000000e+00
5	0	11	0	0	0.000000e+00	1.000000e+00
5	0	12	0	0	0.000000e+00	1.000000e+00
5	0	13	0	0	0.000000e+00	1.000000e+00
5	0	14	0	0	0.000000e+00	1.000000e+00
5	0	15	0	0	0.000000e+00	1.000000e+00
5	0	16	0	0	0.000000e+00	1.000000e+00
5	0	17	0	0	0.000000e+00	1.000000e+00
5	0	18	0	0	0.000000e+00	1.000000e+00
5	0	19	0	0	0.000000e+00	1.000000e+00
5	0	20	0	0	0.000000e+00	1.000000e+00
5	0	21	0	0	0.000000e+00	1.000000e+00
5	0	22	0	0	0.000000e+00	1.000000e+00
5	0	23	0	0	0.000000e+00	1.000000e+00
5	0	24	0	0	0.000000e+00	1.000000e+00
5	0	25	0	0	0.000000e+00	1.000000e+00
5	0	26	0	0	0.000000e+00	1.000000e+00
5	0	27	0	0	0.000000e+00	1.000000e+00
5	0	28	0	0	0.000000e+00	1.000000e+00
5	0	29	0	0	0.000000e+00	1.000000e+00
5	0	30	0	0	0.000000e+00	1.000000e+00
5	0	31	0	0	0.000000e+00	1.000000e+00
5	0	32	0	0	0.000000e+00	1.000000e+00
5	0	33	0	0	0.000000e+00	1.000000e+00
5	0	0	0	1	0.000000e+00	1.000000e+00
5	0	1	0	1	0.000000e+00	1.000000e+00
5	0	2	0	1	0.000000e+00	1.000000e+00
5	0	3	0	1	0.000000e+00	1.000000e+00
5	0	4	0	1	0.000000e+00	1.000000e+00
5	0	5	0	1	0.000000e+00	1.000000e+00
5	0	6	0	1	0.000000e+00	1.000000e+00
5	0	7	0	1	0.000000e+00	1.000000e+00
5	0	8	0	1	0.000000e+00	1.000000e+00
5	0	9	0	1	0.000000e+00	1.000000e+00
5	0	10	0	1	0.000000e+00	1.000000e+00
5	0	11	0	1	0.000000e+00	1.000000e+00
5	0	12	0	1	0.000000e+00	1.000000e+00
5	0	13	0	1	0.000000e+00	1.000000e+00
5	0	14	0	1	0.000000e+00	1.000000e+00
5	0	15	0	1	0.000000e+00	1.000000e+00
5	0	16	0	1	0.000000e+00	1.000000e+00
5	0	17	0	1	0.000000e+00	1.000000e+00
5	0	18	0	1	0.000000e+00	1.000000e+00
5	0	19	0	1	0.000000e+00	1.000000e+00
5	0	20	0	1	0.000000e+00	1.000000e+00
5	0	21	0	1	0.000000e+00	1.000000e+00
5	0	22	0	1	0.000000e+00	1.000000e+00
5	0	23	0	1	0.000000e+00	1.000000e+00
5	0	24	0	1	0.000000e+00	1.000000e+00
5	0	25	0	1	0.000000e+00	1.000000e+00
5	0	26	0	1	0.000000e+00	1.000000e+00
5	0	27	0	1	0.000000e+00	1.000000e+00
5	0	28	0	1	0.000000e+00	1.000000e+00
5	0	29	0	1	0.000000e+00	1.000000e+00
5	0	30	0	1	0.000000e+00	1.000000e+00
5	0	31	0	1	0.000000e+00	1.000000e+00
5	0	32	0	1	0.000000e+00	1.000000e+00
5	0	33	0	1	0.000000e+00	1.000000e+00
5	0	0	0	2	0.000000e+00	1.000000e+00
5	0	1	0	2	0.000000e+00	1.000000e+00
5	0	2	0	2	0.000000e+00	1.000000e+00
5	0	3	0	2	0.000000e+00	1.000000e+00
5	0	4	0	2	0.000000e+00	1.000000e+00
5	0	5	0	2	0.000000e+00	1.000000e+00
5	0	6	0	2	0.000000e+00	1.000000e+00
5	0	7	0	2	0.000000e+00	1.000000e+00
5	0	8	0	2	0.000000e+00	1.000000e+00
5	0	9	0	2	0.000000e+00	1.000000e+00
5	0	10	0	2	0.000000e+00	1.000000e+00
5	0	11	0	2	0.000000e+00	1.000000e+00
5	0	12	0	2	0.000000e+00	1.000000e+00
5	0	13	0	2	0.000000e+00	1.000000e+00
5	0	14	0	2	0.000000e+00	1.000000e+00
5	0	15	0	2	0.000000e+00	1.000000e+00
5	0	16	0	2	0.000000e+00	1.000000e+00
5	0	17	0	2	0.000000e+00	1.000000e+00
5	0	18	0	2	0.000000e+00	1.000000e+00
5	0	19	0	2	0.000000e+00	1.000000e+00
5	0	20	0	2	0.000000e+00	1.000000e+00
5	0	21	0	2	0.000000e+00	1.000000e+00
5	0	22	0	2	0.000000e+00	1.000000e+00
5	0	23	0	2	0.000000e+00	1.000000e+00
5	0	24	0	2	0.000000e+00	1.000000e+00
5	0	25	0	2	0.000000e+00	1.000000e+00
5	0	26	0	2	0.000000e+00	1.000000e+00
5	0	27	0	2	0.000000e+00	1.000000e+00
5	0	28	0	2	0.000000e+00	1.000000e+00
5	0	29	0	2	0.000000e+00	1.000000e+00
5	0	30	0	2	0.000000e+00	1.000000e+00
5	0	31	0	2	0.000000e+00	1.000000e+00
5	0	32	0	2	0.000000e+00	1.000000e+00
5	0	33	0	2	0.000000e+00	1.000000e+00
5	0	0	1	0	1.000000e+00	-9.765625e-04
5	0	1	1	0	1.000000e+00	-9.765625e-04
5	0	2	1	0	1.000000e+00	-9.765625e-04
5	0	3	1	0	1.000000e+00	-9.765625e-04
5	0	4	1	0	1.000000e+00	-9.765625e-04
5	0	5	1	0	1.000000e+00	-9.765625e-04
5	0	6	1	0	1.000000e+00	-9.765625e-04
5	0	7	1	0	1.000000e+00	-9.765625e-04
5	0	8	1	0	1.000000e+00	-9.765625e-04
5	0	9	1	0	1.000000e+00	-9.765625e-04
5	0	10	1	0	1.000000e+00	-9.765625e-04
5	0	11	1	0	1.000000e+00	-9.765625e-04
5	0	12	1	0	1.000000e+00	-9.765625e-04
5	0	13	1	0	1.000000e+00	-9.765625e-04
5	0	14	1	0	1.000000e+00	-9.765625e-04
5	0	15	1	0	1.000000e+00	-9.765625e-04
5	0	16	1	0	1.000000e+00	-9.765625e-04
5	0	17	1	0	1.000000e+00	-9.765625e-04
5	0	18	1	0	1.000000e+00	-9.765625e-04
5	0	19	1	0	1.000000e+00	-9.765625e-04
5	0	20	1	0	1.000000e+00	-9.765625e-04
5	0	21	1	0	1.000000e+00	-9.765625e-04
5	0	22	1	0	1.000000e+00	-9.765625e-04
5	0	23	1	0	1.000000e+00	-9.765625e-04
5	0	24	1	0	1.000000e+00	-9.765625e-04
5	0	25	1	0	1.000000e+00	-9.765625e-04
5	0	26	1	0	1.000000e+00	-9.765625e-04
5	0	27	1	0	1.000000e+00	-9.765625e-04
5	0	28	1	0	1.000000e+00	-9.765625e-04
5	0	29	1	0	1.000000e+00	-9.765625e-04
5	0	30	1	0	1.000000e+00	-9.765625e-04
5	0	31	1	0	1.000000e+00	-9.765625e-04
5	0	32	1	0	1.000000e+00	-9.765625e-04
5	0	33	1	0	1.000000e+00	-9.765625e-04
5	0	0	1	1	1.000000e+00	-9.765625e-04
5	0	1	1	1	1.000000e+00	-9.765625e-04
5	0	2	1	1	1.000000e+00	-9.765625e-04
5	0	3	1	1	1.000000e+00	-9.765625e-04
5	0	4	1	1	1.000000e+00	-9.765625e-04
5	0	5	1	1	1.000000e+00	-9.765625e-04
5	0	6	1	1	1.000000e+00	-9.765625e-04
5	0	7	1	1	1.000000e+00	-9.765625e-04
5	0	8	1	1	1.000000e+00	-9.765625e-04
5	0	9	1	1	1.000000e+00	-9.765625e-04
5	0	10	1	1	1.000000e+00	-9.765625e-04
5	0	11	1	1	1.000000e+00	-9.765625e-04
5	0	12	1	1	1.000000e+00	-9.765625e-04
5	0	13	1	1	1.000000e+00	-9.765625e-04
5	0	14	1	1	1.000000e+00	-9.765625e-04
5	0	15	1	1	1.000000e+00	-9.765625e-04
5	0	16	1	1	1.000000e+00	-9.765625e-04
5	0	17	1	1	1.000000e+00	-9.765625e-04
5	0	18	1	1	1.000000e+00	-9.765625e-04
5	0	19	1	1	1.000000e+00	-9.765625e-04
5	0	20	1	1	1.000000e+00	-9.765625e-04
5	0	21	1	1	1.000000e+00	-9.765625e-04
5	0	22	1	1	1.000000e+00	-9.765625e-04
5	0	23	1	1	1.000000e+00	-9.765625e-04
5	0	24	1	1	1.000000e+00	-9.765625e-04
5	0	25	1	1	1.000000e+00	-9.765625e-04
5	0	26	1	1	1.000000e+00	-9.765625e-04
5	0	27	1	1	1.000000e+00	-9.765625e-04
5	0	28	1	1	1.000000e+00	-9.765625e-04
5	0	29	1	1	1.000000e+00	-9.765625e-04
5	0	30	1	1	1.000000e+00	-9.765625e-04
5	0	31	1	1	1.000000e+00	-9.765625e-04
5	0	32	1	1	1.000000e+00	-9.765625e-04
5	0	33	1	1	1.000000e+00	-9.765625e-04
5	0	0	1	2	1.000000e+00	-9.765625e-04
5	0	1	1	2	1.000000e+00	-9.765625e-04
5	0	2	1	2	1.000000e+00	-9.765625e-04
5	0	3	1	2	1.000000e+00	-9.765625e-04
5	0	4	1	2	1.000000e+00	-9.765625e-04
5	0	5	1	2	1.000000e+00	-9.765625e-04
5	0	6	1	2	1.000000e+00	-9.765625e-04
5	0	7	1	2	1.000000e+00	-9.765625e-04
5	0	8	1	2	1.000000e+00	-9.765625e-04
5	0	9	1	2	1.000000e+00	-9.765625e-04
5	0	10	1	2	1.000000e+00	-9.765625e-04
5	0	11	1	2	1.000000e+00	-9.765625e-04
5	0	12	1	2	1.000000e+00	-9.765625e-04
5	0	13	1	2	1.000000e+00	-9.765625e-04
5	0	14	1	2	1.000000e+00	-9.765625e-04
5	0	15	1	2	1.000000e+00	-9.765625e-04
5	0	16	1	2	1.000000e+00	-9.765625e-04
5	0	17	1	2	1.000000e+00	-9.765625e-04
5	0	18	1	2	1.000000e+00	-9.765625e-04
5	0	19	1	2	1.000000e+00	-9.765625e-04
5	0	20	1	2	1.000000e+00	-9.765625e-04
5	0	21	1	2	1.000000e+00	-9.765625e-04
5	0	22	1	2	1.000000e+00	-9.765625e-04
5	0	23	1	2	1.000000e+00	-9.765625e-04
5	0	24	1	2	1.000000e+00	-9.765625e-04
5	0	25	1	2	1.000000e+00	-9.765625e-04
5	0	26	1	2	1.000000e+00	-9.765625e-04
5	0	27	1	2	1.000000e+00	-9.765625e-04
5	0	28	1	2	1.000000e+00	-9.765625e-04
5	0	29	1	2	1.000000e+00	-9.765625e-04
5	0	30	1	2	1.000000e+00	-9.765625e-04
5	0	31	1	2	1.000000e+00	-9.765625e-04
5	0	32	1	2	1.000000e+00	-9.765625e-04
5	0	33	1	2	1.000000e+00	-9.765625e-04
#KVC
6	0	0	0	0	123.32126293061877	9.405720e+00
6	0	1	0	0	99.00902927880531	9.293611e+00
6	0	2	0	0	101.53169475610359	9.794817e+00
6	0	3	0	0	118.07250091921651	8.935510e+00
6	0	4	0	0	114.95402222000003	9.405720e+00
6	0	5	0	0	127.20246912928873	9.293611e+00
6	0	6	0	0	102.11843404835486	9.794817e+00
6	0	7	0	0	120.70060180594459	8.935510e+00
6	0	0	0	1	140.2267477256311	8.864464e+00
6	0	1	0	1	113.40852717415859	1.002469e+01
6	0	2	0	1	143.2229630948172	9.032530e+00
6	0	3	0	1	89.74406996686652	8.566897e+00
6	0	4	0	1	97.60046848825297	8.864464e+00
6	0	5	0	1	120.00293401091548	1.002469e+01
6	0	6	0	1	103.77780545096202	9.032530e+00
6	0	7	0	1	113.17120688734086	8.566897e+00
6	0	0	0	2	103.69761897335002	9.281763e+00
6	0	1	0	2	107.83087093473279	9.597398e+00
6	0	2	0	2	111.87148981542906	9.604148e+00
6	0	3	0	2	97.46724821859189	9.156487e+00
6	0	4	0	2	91.19034231600642	9.281763e+00
6	0	5	0	2	106.53974562418355	9.597398e+00
6	0	6	0	2	111.46383447260189	9.604148e+00
6	0	7	0	2	114.43068512220543	9.156487e+00
6	0	0	0	3	110.27172719550599	9.215651e+00
6	0	1	0	3	134.64588236186611	9.984777e+00
6	0	2	0	3	110.89734222589928	9.305942e+00
6	0	3	0	3	102.14234928738522	9.693401e+00
6	0	4	0	3	101.44016257012878	9.215651e+00
6	0	5	0	3	121.833083398271	9.984777e+00
6	0	6	0	3	88.43635442213287	9.305942e+00
6	0	7	0	3	126.20681341247489	9.693401e+00
6	0	0	0	4	170.1693174845047	9.192747e+00
6	0	1	0	4	162.84054720654837	9.755004e+00
6	0	2	0	4	152.22076724635335	9.437462e+00
6	0	3	0	4	151.929057503111	9.100621e+00
6	0	4	0	4	184.66307613969943	9.192747e+00
6	0	5	0	4	94.13498300145861	9.755004e+00
6	0	6	0	4	101.64277745658303	9.437462e+00
6	0	7	0	4	253.3214056242209	9.100621e+00
6	0	0	1	4	692524.4906339939	-0.0009765625
6	0	1	1	4	693738.4828290975	-0.0009765625
6	0	2	1	4	696868.3222582779	-0.0009765625
6	0	3	1	4	697541.3101767265	-0.0009765625
6	0	4	1	4	697246.4115876476	-0.0009765625
6	0	5	1	4	697488.1202919757	-0.0009765625
6	0	6	1	4	695163.5657600124	-0.0009765625
6	0	7	1	4	693417.9873986794	-0.0009765625
#T1
7	0	0	0	0	260.8750565715417	367.9537328354286
7	0	0	1	0	700965.4191006277	-0.0009765625
#CVC
8	0	0	0	0	0.000000e+00	1.000000e+00
8	0	1	0	0	0.000000e+00	1.000000e+00
8	0	2	0	0	0.000000e+00	1.000000e+00
8	0	3	0	0	0.000000e+00	1.000000e+00
8	0	4	0	0	0.000000e+00	1.000000e+00
8	0	5	0	0	0.000000e+00	1.000000e+00
8	0	6	0	0	0.000000e+00	1.000000e+00
8	0	7	0	0	0.000000e+00	1.000000e+00
8	0	0	0	1	0.000000e+00	1.000000e+00
8	0	1	0	1	0.000000e+00	1.000000e+00
8	0	2	0	1	0.000000e+00	1.000000e+00
8	0	3	0	1	0.000000e+00	1.000000e+00
8	0	4	0	1	0.000000e+00	1.000000e+00
8	0	5	0	1	0.000000e+00	1.000000e+00
8	0	6	0	1	0.000000e+00	1.000000e+00
8	0	7	0	1	0.000000e+00	1.000000e+00
8	0	0	1	0	1.000000e+00	-9.765625e-04
8	0	1	1	0	1.000000e+00	-9.765625e-04
8	0	2	1	0	1.000000e+00	-9.765625e-04
8	0	3	1	0	1.000000e+00	-9.765625e-04
8	0	4	1	0	1.000000e+00	-9.765625e-04
8	0	5	1	0	1.000000e+00	-9.765625e-04
8	0	6	1	0	1.000000e+00	-9.765625e-04
8	0	7	1	0	1.000000e+00	-9.765625e-04
8	0	0	1	1	1.000000e+00	-9.765625e-04
8	0	1	1	1	1.000000e+00	-9.765625e-04
8	0	2	1	1	1.000000e+00	-9.765625e-04
8	0	3	1	1	1.000000e+00	-9.765625e-04
8	0	4	1	1	1.000000e+00	-9.765625e-04
8	0	5	1	1	1.000000e+00	-9.765625e-04
8	0	6	1	1	1.000000e+00	-9.765625e-04
8	0	7	1	1	1.000000e+00	-9.765625e-04
#SAC3
9	0	0	0	0	0.000000e+00	1.000000e+00
9	0	0	1	0	1.000000e+00	-9.765625e-04
#SFV
10	0	0	1	0	1.000000e+00	-9.765625e-04
#COBO
11	0	0	1	0	1.575e+06	-9.765625e-04
11	0	1	1	0	1.575e+06	-9.765625e-04
11	0	2	1	0	1.575e+06	-9.765625e-04
11	0	3	1	0	1.575e+06	-9.765625e-04
11	0	4	1	0	1.575e+06	-9.765625e-04
11	0	5	1	0	1.575e+06	-9.765625e-04
11	0	6	1	0	1.575e+06	-9.765625e-04
11	0	7	1	0	1.575e+06	-9.765625e-04
