#CId	PlId	SegId	AorT	UorD	p0	p1
#BHT
1	0	0	0	0	0.0	9.051891702860333
1	0	1	0	0	0.0	8.455571141986288
1	0	2	0	0	0.0	9.731667000902133
1	0	3	0	0	0.0	8.751187036262845
1	0	4	0	0	0.0	9.224922265542617
1	0	5	0	0	0.0	9.006910278098857
1	0	6	0	0	0.0	9.559547057130759
1	0	7	0	0	0.0	7.644566075295651
1	0	8	0	0	0.0	9.346646185276027
1	0	9	0	0	0.0	8.37394973823398
1	0	10	0	0	0.0	8.99115773414123
1	0	11	0	0	0.0	8.122570059081887
1	0	12	0	0	0.0	9.484727123990945
1	0	13	0	0	0.0	8.38953567780691
1	0	14	0	0	0.0	9.405206984414797
1	0	15	0	0	0.0	7.913670399459487
1	0	16	0	0	0.0	8.869788900052969
1	0	17	0	0	0.0	8.556276931206943
1	0	18	0	0	0.0	8.992248855898241
1	0	19	0	0	0.0	8.183480547485017
1	0	20	0	0	0.0	8.769838514914367
1	0	21	0	0	0.0	8.67875520124656
1	0	22	0	0	0.0	8.765197861020962
1	0	23	0	0	0.0	7.6773166011763925
1	0	24	0	0	0.0	8.988001073369734
1	0	25	0	0	0.0	8.693795182362457
1	0	26	0	0	0.0	8.989921977201496
1	0	27	0	0	0.0	8.23795937612553
1	0	28	0	0	0.0	8.860866571616835
1	0	29	0	0	0.0	8.967141535069842
1	0	30	0	0	0.0	8.820136354947559
1	0	31	0	0	0.0	8.30552501132303
1	0	32	0	0	0.0	9.052006235567122
1	0	33	0	0	0.0	8.731113688286062
1	0	34	0	0	0.0	8.89323815365034
1	0	35	0	0	0.0	8.28338422513469
1	0	36	0	0	0.0	9.056936217397903
1	0	37	0	0	0.0	8.54212799756827
1	0	38	0	0	0.0	8.761660581124344
1	0	39	0	0	0.0	8.28641028260423
1	0	40	0	0	0.0	9.051537681688401
1	0	41	0	0	0.0	8.388600410061052
1	0	42	0	0	0.0	9.138838497015815
1	0	43	0	0	0.0	8.310736476363418
1	0	44	0	0	0.0	9.073440123923382
1	0	45	0	0	0.0	8.660771833109376
1	0	46	0	0	0.0	8.976322082807304
1	0	47	0	0	0.0	8.582448729845042
1	0	48	0	0	0.0	9.367694518402178
1	0	49	0	0	0.0	8.772174907097522
1	0	50	0	0	0.0	8.912741011853413
1	0	51	0	0	0.0	8.055650818075721
1	0	52	0	0	0.0	9.118626994390537
1	0	53	0	0	0.0	8.728292653668626
1	0	54	0	0	0.0	9.312262456036287
1	0	55	0	0	0.0	8.29014671044932
1	0	56	0	0	0.0	9.275613871955374
1	0	57	0	0	0.0	8.993809852420753
1	0	58	0	0	0.0	8.964795667458452
1	0	59	0	0	0.0	8.250743413250039
1	0	60	0	0	0.0	9.280945445494432
1	0	61	0	0	0.0	9.228319515756127
1	0	62	0	0	0.0	9.601254859063733
1	0	0	0	1	0.0	9.338152238494896
1	0	1	0	1	0.0	9.78551814754298
1	0	2	0	1	0.0	9.862152761895858
1	0	3	0	1	0.0	9.758226532937957
1	0	4	0	1	0.0	9.089074680271173
1	0	5	0	1	0.0	9.476335819015828
1	0	6	0	1	0.0	9.516968642047507
1	0	7	0	1	0.0	8.737940722808363
1	0	8	0	1	0.0	8.988639687759585
1	0	9	0	1	0.0	8.878328637436649
1	0	10	0	1	0.0	9.073787198392125
1	0	11	0	1	0.0	9.007974948611475
1	0	12	0	1	0.0	9.182775211063465
1	0	13	0	1	0.0	8.788127630955788
1	0	14	0	1	0.0	8.674927300258009
1	0	15	0	1	0.0	9.014553721856178
1	0	16	0	1	0.0	8.978717143692837
1	0	17	0	1	0.0	9.099042647288512
1	0	18	0	1	0.0	9.232113709302553
1	0	19	0	1	0.0	9.213102201677522
1	0	20	0	1	0.0	8.987756577937848
1	0	21	0	1	0.0	8.95974701225422
1	0	22	0	1	0.0	9.035526556601003
1	0	23	0	1	0.0	8.864512969577815
1	0	24	0	1	0.0	8.7185133455274
1	0	25	0	1	0.0	8.83522866907629
1	0	26	0	1	0.0	8.778524857533272
1	0	27	0	1	0.0	8.902692475967157
1	0	28	0	1	0.0	8.924587122103828
1	0	29	0	1	0.0	9.108657448577388
1	0	30	0	1	0.0	9.039787022916043
1	0	31	0	1	0.0	9.030914940801157
1	0	32	0	1	0.0	8.996627052981822
1	0	33	0	1	0.0	8.841461407575414
1	0	34	0	1	0.0	8.858033325861413
1	0	35	0	1	0.0	8.761083473885606
1	0	36	0	1	0.0	9.002451061699023
1	0	37	0	1	0.0	8.705580847825287
1	0	38	0	1	0.0	8.833541039070143
1	0	39	0	1	0.0	8.921552365319016
1	0	40	0	1	0.0	8.708869098145387
1	0	41	0	1	0.0	8.627941444055624
1	0	42	0	1	0.0	9.034612421285539
1	0	43	0	1	0.0	8.764839061737982
1	0	44	0	1	0.0	8.862552103518379
1	0	45	0	1	0.0	8.76436419545922
1	0	46	0	1	0.0	8.904856861618137
1	0	47	0	1	0.0	9.167551565649662
1	0	48	0	1	0.0	9.206045884022094
1	0	49	0	1	0.0	9.222643838302833
1	0	50	0	1	0.0	8.837859924632518
1	0	51	0	1	0.0	8.577358033810732
1	0	52	0	1	0.0	8.754948750112286
1	0	53	0	1	0.0	8.71921915100228
1	0	54	0	1	0.0	9.270077615764945
1	0	55	0	1	0.0	9.156373261937619
1	0	56	0	1	0.0	8.382593204844495
1	0	57	0	1	0.0	9.022542025886668
1	0	58	0	1	0.0	8.650835369908144
1	0	59	0	1	0.0	9.063016065224042
1	0	60	0	1	0.0	8.870255475335336
1	0	61	0	1	0.0	9.18563724853585
1	0	62	0	1	0.0	9.0742876613621
1	0	0	1	0	1415008.6666666667	-0.0009765625
1	0	1	1	0	1415367.5	-0.0009765625
1	0	2	1	0	1415304.761904762	-0.0009765625
1	0	3	1	0	1415069.4594594594	-0.0009765625
1	0	4	1	0	1415360.2040816327	-0.0009765625
1	0	5	1	0	1415502.857142857	-0.0009765625
1	0	6	1	0	1415432.2727272727	-0.0009765625
1	0	7	1	0	1414558.5106382978	-0.0009765625
1	0	8	1	0	1414271.9047619049	-0.0009765625
1	0	9	1	0	1415338.2142857143	-0.0009765625
1	0	10	1	0	1415195.4285714286	-0.0009765625
1	0	11	1	0	1414576.8421052631	-0.0009765625
1	0	12	1	0	1414972.5806451612	-0.0009765625
1	0	13	1	0	1415371.1650485436	-0.0009765625
1	0	14	1	0	1415426.7213114754	-0.0009765625
1	0	15	1	0	1415846.9137355804	-0.0009765625
1	0	16	1	0	1415567.2365259782	-0.0009765625
1	0	17	1	0	1416615.8840454826	-0.0009765625
1	0	18	1	0	1416201.2170953383	-0.0009765625
1	0	19	1	0	1416460.4517243518	-0.0009765625
1	0	20	1	0	1416904.2419654233	-0.0009765625
1	0	21	1	0	1417001.3946302675	-0.0009765625
1	0	22	1	0	1417172.5831261924	-0.0009765625
1	0	23	1	0	1416483.1952111789	-0.0009765625
1	0	24	1	0	1416699.4386817417	-0.0009765625
1	0	25	1	0	1417005.9722787177	-0.0009765625
1	0	26	1	0	1417138.1987654036	-0.0009765625
1	0	27	1	0	1416552.8282291049	-0.0009765625
1	0	28	1	0	1416943.293236252	-0.0009765625
1	0	29	1	0	1416993.6516572803	-0.0009765625
1	0	30	1	0	1417160.857686354	-0.0009765625
1	0	31	1	0	1415419.9084160628	-0.0009765625
1	0	32	1	0	1415878.7472816918	-0.0009765625
1	0	33	1	0	1415682.262480242	-0.0009765625
1	0	34	1	0	1416257.1564391863	-0.0009765625
1	0	35	1	0	1416487.4360430564	-0.0009765625
1	0	36	1	0	1416273.0512901393	-0.0009765625
1	0	37	1	0	1416695.5039554033	-0.0009765625
1	0	38	1	0	1416259.9463046351	-0.0009765625
1	0	39	1	0	1416606.392094581	-0.0009765625
1	0	40	1	0	1415885.7640045497	-0.0009765625
1	0	41	1	0	1416561.1779931965	-0.0009765625
1	0	42	1	0	1416224.0864406305	-0.0009765625
1	0	43	1	0	1416735.8574348204	-0.0009765625
1	0	44	1	0	1416038.65529125	-0.0009765625
1	0	45	1	0	1416791.582882089	-0.0009765625
1	0	46	1	0	1415985.3827264803	-0.0009765625
1	0	47	1	0	1416445.8570260603	-0.0009765625
1	0	48	1	0	1415859.4404813624	-0.0009765625
1	0	49	1	0	1416695.707755902	-0.0009765625
1	0	50	1	0	1415972.0052418306	-0.0009765625
1	0	51	1	0	1416553.4210708132	-0.0009765625
1	0	52	1	0	1416341.7781485186	-0.0009765625
1	0	53	1	0	1416576.073136612	-0.0009765625
1	0	54	1	0	1416442.600682566	-0.0009765625
1	0	55	1	0	1416508.9560824886	-0.0009765625
1	0	56	1	0	1416203.8627122934	-0.0009765625
1	0	57	1	0	1417052.488841828	-0.0009765625
1	0	58	1	0	1416519.290780142	-0.0009765625
1	0	59	1	0	1416701.3768115942	-0.0009765625
1	0	60	1	0	1416413.0115830116	-0.0009765625
1	0	61	1	0	1416496.5873015872	-0.0009765625
1	0	62	1	0	1416412.441314554	-0.0009765625
1	0	0	1	1	1416618.75	-0.0009765625
1	0	1	1	1	1418056.4	-0.0009765625
1	0	2	1	1	1416282.6829268292	-0.0009765625
1	0	3	1	1	1417301.111111111	-0.0009765625
1	0	4	1	1	1416670.0	-0.0009765625
1	0	5	1	1	1417743.3333333333	-0.0009765625
1	0	6	1	1	1416980.0	-0.0009765625
1	0	7	1	1	1416389.2	-0.0009765625
1	0	8	1	1	1416178.1818181819	-0.0009765625
1	0	9	1	1	1416830.3448275863	-0.0009765625
1	0	10	1	1	1416454.3835616438	-0.0009765625
1	0	11	1	1	1416044.1463414633	-0.0009765625
1	0	12	1	1	1416669.5789473683	-0.0009765625
1	0	13	1	1	1417143.3333333333	-0.0009765625
1	0	14	1	1	1416355.0828729281	-0.0009765625
1	0	15	1	1	1417585.3838098974	-0.0009765625
1	0	16	1	1	1417191.268747919	-0.0009765625
1	0	17	1	1	1418355.6720279355	-0.0009765625
1	0	18	1	1	1417026.7031706867	-0.0009765625
1	0	19	1	1	1417893.926674189	-0.0009765625
1	0	20	1	1	1417105.4418635727	-0.0009765625
1	0	21	1	1	1417987.6204428514	-0.0009765625
1	0	22	1	1	1416768.5438724777	-0.0009765625
1	0	23	1	1	1417443.348948186	-0.0009765625
1	0	24	1	1	1417196.0299576488	-0.0009765625
1	0	25	1	1	1417908.1668845026	-0.0009765625
1	0	26	1	1	1416756.798339813	-0.0009765625
1	0	27	1	1	1417316.6492896532	-0.0009765625
1	0	28	1	1	1416917.5425788832	-0.0009765625
1	0	29	1	1	1416605.795811594	-0.0009765625
1	0	30	1	1	1416312.9435355335	-0.0009765625
1	0	31	1	1	1416047.0158757167	-0.0009765625
1	0	32	1	1	1417639.9910501044	-0.0009765625
1	0	33	1	1	1417439.2143048297	-0.0009765625
1	0	34	1	1	1417191.3020913193	-0.0009765625
1	0	35	1	1	1416995.3648672458	-0.0009765625
1	0	36	1	1	1417369.3682470706	-0.0009765625
1	0	37	1	1	1417310.5329149459	-0.0009765625
1	0	38	1	1	1416742.1125108271	-0.0009765625
1	0	39	1	1	1416970.5574750209	-0.0009765625
1	0	40	1	1	1417227.8087004474	-0.0009765625
1	0	41	1	1	1417097.6802058609	-0.0009765625
1	0	42	1	1	1416800.8253251242	-0.0009765625
1	0	43	1	1	1416504.1299544207	-0.0009765625
1	0	44	1	1	1415905.4984034412	-0.0009765625
1	0	45	1	1	1416551.253876534	-0.0009765625
1	0	46	1	1	1415344.8192898296	-0.0009765625
1	0	47	1	1	1416158.3064274995	-0.0009765625
1	0	48	1	1	1415522.0900010904	-0.0009765625
1	0	49	1	1	1416363.366059491	-0.0009765625
1	0	50	1	1	1415073.956083747	-0.0009765625
1	0	51	1	1	1415788.768338384	-0.0009765625
1	0	52	1	1	1415135.4964451173	-0.0009765625
1	0	53	1	1	1415626.2210842627	-0.0009765625
1	0	54	1	1	1414708.3878093478	-0.0009765625
1	0	55	1	1	1415305.809252869	-0.0009765625
1	0	56	1	1	1415379.2942916884	-0.0009765625
1	0	57	1	1	1416155.5666350822	-0.0009765625
1	0	58	1	1	1415314.861111111	-0.0009765625
1	0	59	1	1	1415639.781021898	-0.0009765625
1	0	60	1	1	1415857.4615384615	-0.0009765625
1	0	61	1	1	1415368.984375	-0.0009765625
1	0	62	1	1	1415500.6912442397	-0.0009765625
#BH2
3	0	0	0	0	118.87402308078447	206.54123711340208
3	0	1	0	0	147.313542306379	272.10655737704917
3	0	2	0	0	102.20945109651731	260.6165919282511
3	0	3	0	0	135.9879919962254	291.42818581597345
3	0	4	0	0	126.78267502059879	247.98083574356264
3	0	5	0	0	129.45025112192596	274.7056264074372
3	0	6	0	0	128.92299714738252	214.1987247291209
3	0	7	0	0	123.33450241926273	296.22923821911047
3	0	8	0	0	114.4599883513353	259.23386262250796
3	0	9	0	0	110.80680528122399	263.55856808832357
3	0	10	0	0	140.39955249750395	296.7158273381295
3	0	11	0	0	115.87383413137471	249.08
3	0	12	0	0	111.903785418036	273.2049180327869
3	0	13	0	0	95.62138502184216	263.23846153846154
3	0	14	0	0	142.98540730682942	288.469696969697
3	0	0	0	1	126.22404235721815	284.3805970149254
3	0	1	0	1	107.69478695575309	258.01020408163265
3	0	2	0	1	118.75795969698288	282.2008547008547
3	0	3	0	1	90.81719245954473	253.79829421530576
3	0	4	0	1	126.46614075093673	269.8252731718069
3	0	5	0	1	108.07215167528915	246.158074648366
3	0	6	0	1	105.3574807511823	237.24256489907657
3	0	7	0	1	110.04866726234803	268.2827670076437
3	0	8	0	1	123.18426447068524	242.31114583277287
3	0	9	0	1	106.18416310411905	230.11857005382276
3	0	10	0	1	118.54339636295016	254.44152046783626
3	0	11	0	1	116.50132308478999	251.64705882352942
3	0	12	0	1	113.54740912931562	266.13235294117646
3	0	13	0	1	107.67952905122326	276.6707317073171
3	0	14	0	1	114.0702014420431	293.7692307692308
3	0	0	1	0	722068.8805970149	-0.0009765625
3	0	1	1	0	721882.5675675676	-0.0009765625
3	0	2	1	0	722841.6341141255	-0.0009765625
3	0	3	1	0	722681.847036772	-0.0009765625
3	0	4	1	0	723488.4137231748	-0.0009765625
3	0	5	1	0	723952.4612725425	-0.0009765625
3	0	6	1	0	722838.3983239647	-0.0009765625
3	0	7	1	0	722863.5467594947	-0.0009765625
3	0	8	1	0	723723.1645597375	-0.0009765625
3	0	9	1	0	723564.8554177416	-0.0009765625
3	0	10	1	0	722865.0508899677	-0.0009765625
3	0	11	1	0	722188.6610169491	-0.0009765625
3	0	12	1	0	722127.0418848167	-0.0009765625
3	0	13	1	0	721476.6666666666	-0.0009765625
3	0	14	1	0	721679.7619047619	-0.0009765625
3	0	0	1	1	725158.432835821	-0.0009765625
3	0	1	1	1	724598.3628318585	-0.0009765625
3	0	2	1	1	726447.1264867504	-0.0009765625
3	0	3	1	1	725970.1901706264	-0.0009765625
3	0	4	1	1	725671.6956187375	-0.0009765625
3	0	5	1	1	726213.1412727274	-0.0009765625
3	0	6	1	1	726181.2711407539	-0.0009765625
3	0	7	1	1	726362.1114931746	-0.0009765625
3	0	8	1	1	727023.0073659921	-0.0009765625
3	0	9	1	1	726565.8670097006	-0.0009765625
3	0	10	1	1	726609.1906279736	-0.0009765625
3	0	11	1	1	725033.5017421603	-0.0009765625
3	0	12	1	1	725113.2105263158	-0.0009765625
3	0	13	1	1	724404.5798319328	-0.0009765625
3	0	14	1	1	724740.632183908	-0.0009765625
3	0	0	1	2	-0.5576229508196714	1.0
3	0	1	1	2	-0.2578571428571421	1.0
3	0	2	1	2	0.25703947368421126	1.0
3	0	3	1	2	0.3688144899590227	1.0
3	0	4	1	2	-0.4051955989000171	1.0
3	0	5	1	2	0.5154452375014578	1.0
3	0	6	1	2	-0.42528615414651727	1.0
3	0	7	1	2	0.2701683584701733	1.0
3	0	8	1	2	-0.27198785257210817	1.0
3	0	9	1	2	-0.16796484681995916	1.0
3	0	10	1	2	-0.24984536082474137	1.0
3	0	11	1	2	-0.3969999999999993	1.0
3	0	12	1	2	-0.7965454545454538	1.0
3	0	13	1	2	-0.5718749999999996	1.0
3	0	14	1	2	-0.6528571428571424	1.0
#BAC
4	0	0	0	0	100.55763162883676	11.208
4	0	1	0	0	86.12056546985208	10.463
4	0	2	0	0	84.92372467815257	9.015
4	0	3	0	0	74.44089396901536	10.424
4	0	4	0	0	208.7284572644249	10.278
4	0	0	1	0	1.000000e+00	-9.765625e-04
4	0	1	1	0	1.000000e+00	-9.765625e-04
4	0	2	1	0	1.000000e+00	-9.765625e-04
4	0	3	1	0	1.000000e+00	-9.765625e-04
4	0	4	1	0	711735.9794338915	-0.0009765625
#HTOF
5	0	0	0	0	0.000000e+00	1.000000e+00
5	0	1	0	0	0.000000e+00	1.000000e+00
5	0	2	0	0	0.000000e+00	1.000000e+00
5	0	3	0	0	0.000000e+00	1.000000e+00
5	0	4	0	0	0.000000e+00	1.000000e+00
5	0	5	0	0	0.000000e+00	1.000000e+00
5	0	6	0	0	0.000000e+00	1.000000e+00
5	0	7	0	0	0.000000e+00	1.000000e+00
5	0	8	0	0	0.000000e+00	1.000000e+00
5	0	9	0	0	0.000000e+00	1.000000e+00
5	0	10	0	0	0.000000e+00	1.000000e+00
5	0	11	0	0	0.000000e+00	1.000000e+00
5	0	12	0	0	0.000000e+00	1.000000e+00
5	0	13	0	0	0.000000e+00	1.000000e+00
5	0	14	0	0	0.000000e+00	1.000000e+00
5	0	15	0	0	0.000000e+00	1.000000e+00
5	0	16	0	0	0.000000e+00	1.000000e+00
5	0	17	0	0	0.000000e+00	1.000000e+00
5	0	18	0	0	0.000000e+00	1.000000e+00
5	0	19	0	0	0.000000e+00	1.000000e+00
5	0	20	0	0	0.000000e+00	1.000000e+00
5	0	21	0	0	0.000000e+00	1.000000e+00
5	0	22	0	0	0.000000e+00	1.000000e+00
5	0	23	0	0	0.000000e+00	1.000000e+00
5	0	24	0	0	0.000000e+00	1.000000e+00
5	0	25	0	0	0.000000e+00	1.000000e+00
5	0	26	0	0	0.000000e+00	1.000000e+00
5	0	27	0	0	0.000000e+00	1.000000e+00
5	0	28	0	0	0.000000e+00	1.000000e+00
5	0	29	0	0	0.000000e+00	1.000000e+00
5	0	30	0	0	0.000000e+00	1.000000e+00
5	0	31	0	0	0.000000e+00	1.000000e+00
5	0	32	0	0	0.000000e+00	1.000000e+00
5	0	33	0	0	0.000000e+00	1.000000e+00
5	0	0	0	1	0.000000e+00	1.000000e+00
5	0	1	0	1	0.000000e+00	1.000000e+00
5	0	2	0	1	0.000000e+00	1.000000e+00
5	0	3	0	1	0.000000e+00	1.000000e+00
5	0	4	0	1	0.000000e+00	1.000000e+00
5	0	5	0	1	0.000000e+00	1.000000e+00
5	0	6	0	1	0.000000e+00	1.000000e+00
5	0	7	0	1	0.000000e+00	1.000000e+00
5	0	8	0	1	0.000000e+00	1.000000e+00
5	0	9	0	1	0.000000e+00	1.000000e+00
5	0	10	0	1	0.000000e+00	1.000000e+00
5	0	11	0	1	0.000000e+00	1.000000e+00
5	0	12	0	1	0.000000e+00	1.000000e+00
5	0	13	0	1	0.000000e+00	1.000000e+00
5	0	14	0	1	0.000000e+00	1.000000e+00
5	0	15	0	1	0.000000e+00	1.000000e+00
5	0	16	0	1	0.000000e+00	1.000000e+00
5	0	17	0	1	0.000000e+00	1.000000e+00
5	0	18	0	1	0.000000e+00	1.000000e+00
5	0	19	0	1	0.000000e+00	1.000000e+00
5	0	20	0	1	0.000000e+00	1.000000e+00
5	0	21	0	1	0.000000e+00	1.000000e+00
5	0	22	0	1	0.000000e+00	1.000000e+00
5	0	23	0	1	0.000000e+00	1.000000e+00
5	0	24	0	1	0.000000e+00	1.000000e+00
5	0	25	0	1	0.000000e+00	1.000000e+00
5	0	26	0	1	0.000000e+00	1.000000e+00
5	0	27	0	1	0.000000e+00	1.000000e+00
5	0	28	0	1	0.000000e+00	1.000000e+00
5	0	29	0	1	0.000000e+00	1.000000e+00
5	0	30	0	1	0.000000e+00	1.000000e+00
5	0	31	0	1	0.000000e+00	1.000000e+00
5	0	32	0	1	0.000000e+00	1.000000e+00
5	0	33	0	1	0.000000e+00	1.000000e+00
5	0	0	0	2	0.000000e+00	1.000000e+00
5	0	1	0	2	0.000000e+00	1.000000e+00
5	0	2	0	2	0.000000e+00	1.000000e+00
5	0	3	0	2	0.000000e+00	1.000000e+00
5	0	4	0	2	0.000000e+00	1.000000e+00
5	0	5	0	2	0.000000e+00	1.000000e+00
5	0	6	0	2	0.000000e+00	1.000000e+00
5	0	7	0	2	0.000000e+00	1.000000e+00
5	0	8	0	2	0.000000e+00	1.000000e+00
5	0	9	0	2	0.000000e+00	1.000000e+00
5	0	10	0	2	0.000000e+00	1.000000e+00
5	0	11	0	2	0.000000e+00	1.000000e+00
5	0	12	0	2	0.000000e+00	1.000000e+00
5	0	13	0	2	0.000000e+00	1.000000e+00
5	0	14	0	2	0.000000e+00	1.000000e+00
5	0	15	0	2	0.000000e+00	1.000000e+00
5	0	16	0	2	0.000000e+00	1.000000e+00
5	0	17	0	2	0.000000e+00	1.000000e+00
5	0	18	0	2	0.000000e+00	1.000000e+00
5	0	19	0	2	0.000000e+00	1.000000e+00
5	0	20	0	2	0.000000e+00	1.000000e+00
5	0	21	0	2	0.000000e+00	1.000000e+00
5	0	22	0	2	0.000000e+00	1.000000e+00
5	0	23	0	2	0.000000e+00	1.000000e+00
5	0	24	0	2	0.000000e+00	1.000000e+00
5	0	25	0	2	0.000000e+00	1.000000e+00
5	0	26	0	2	0.000000e+00	1.000000e+00
5	0	27	0	2	0.000000e+00	1.000000e+00
5	0	28	0	2	0.000000e+00	1.000000e+00
5	0	29	0	2	0.000000e+00	1.000000e+00
5	0	30	0	2	0.000000e+00	1.000000e+00
5	0	31	0	2	0.000000e+00	1.000000e+00
5	0	32	0	2	0.000000e+00	1.000000e+00
5	0	33	0	2	0.000000e+00	1.000000e+00
5	0	0	1	0	1.000000e+00	-9.765625e-04
5	0	1	1	0	1.000000e+00	-9.765625e-04
5	0	2	1	0	1.000000e+00	-9.765625e-04
5	0	3	1	0	1.000000e+00	-9.765625e-04
5	0	4	1	0	1.000000e+00	-9.765625e-04
5	0	5	1	0	1.000000e+00	-9.765625e-04
5	0	6	1	0	1.000000e+00	-9.765625e-04
5	0	7	1	0	1.000000e+00	-9.765625e-04
5	0	8	1	0	1.000000e+00	-9.765625e-04
5	0	9	1	0	1.000000e+00	-9.765625e-04
5	0	10	1	0	1.000000e+00	-9.765625e-04
5	0	11	1	0	1.000000e+00	-9.765625e-04
5	0	12	1	0	1.000000e+00	-9.765625e-04
5	0	13	1	0	1.000000e+00	-9.765625e-04
5	0	14	1	0	1.000000e+00	-9.765625e-04
5	0	15	1	0	1.000000e+00	-9.765625e-04
5	0	16	1	0	1.000000e+00	-9.765625e-04
5	0	17	1	0	1.000000e+00	-9.765625e-04
5	0	18	1	0	1.000000e+00	-9.765625e-04
5	0	19	1	0	1.000000e+00	-9.765625e-04
5	0	20	1	0	1.000000e+00	-9.765625e-04
5	0	21	1	0	1.000000e+00	-9.765625e-04
5	0	22	1	0	1.000000e+00	-9.765625e-04
5	0	23	1	0	1.000000e+00	-9.765625e-04
5	0	24	1	0	1.000000e+00	-9.765625e-04
5	0	25	1	0	1.000000e+00	-9.765625e-04
5	0	26	1	0	1.000000e+00	-9.765625e-04
5	0	27	1	0	1.000000e+00	-9.765625e-04
5	0	28	1	0	1.000000e+00	-9.765625e-04
5	0	29	1	0	1.000000e+00	-9.765625e-04
5	0	30	1	0	1.000000e+00	-9.765625e-04
5	0	31	1	0	1.000000e+00	-9.765625e-04
5	0	32	1	0	1.000000e+00	-9.765625e-04
5	0	33	1	0	1.000000e+00	-9.765625e-04
5	0	0	1	1	1.000000e+00	-9.765625e-04
5	0	1	1	1	1.000000e+00	-9.765625e-04
5	0	2	1	1	1.000000e+00	-9.765625e-04
5	0	3	1	1	1.000000e+00	-9.765625e-04
5	0	4	1	1	1.000000e+00	-9.765625e-04
5	0	5	1	1	1.000000e+00	-9.765625e-04
5	0	6	1	1	1.000000e+00	-9.765625e-04
5	0	7	1	1	1.000000e+00	-9.765625e-04
5	0	8	1	1	1.000000e+00	-9.765625e-04
5	0	9	1	1	1.000000e+00	-9.765625e-04
5	0	10	1	1	1.000000e+00	-9.765625e-04
5	0	11	1	1	1.000000e+00	-9.765625e-04
5	0	12	1	1	1.000000e+00	-9.765625e-04
5	0	13	1	1	1.000000e+00	-9.765625e-04
5	0	14	1	1	1.000000e+00	-9.765625e-04
5	0	15	1	1	1.000000e+00	-9.765625e-04
5	0	16	1	1	1.000000e+00	-9.765625e-04
5	0	17	1	1	1.000000e+00	-9.765625e-04
5	0	18	1	1	1.000000e+00	-9.765625e-04
5	0	19	1	1	1.000000e+00	-9.765625e-04
5	0	20	1	1	1.000000e+00	-9.765625e-04
5	0	21	1	1	1.000000e+00	-9.765625e-04
5	0	22	1	1	1.000000e+00	-9.765625e-04
5	0	23	1	1	1.000000e+00	-9.765625e-04
5	0	24	1	1	1.000000e+00	-9.765625e-04
5	0	25	1	1	1.000000e+00	-9.765625e-04
5	0	26	1	1	1.000000e+00	-9.765625e-04
5	0	27	1	1	1.000000e+00	-9.765625e-04
5	0	28	1	1	1.000000e+00	-9.765625e-04
5	0	29	1	1	1.000000e+00	-9.765625e-04
5	0	30	1	1	1.000000e+00	-9.765625e-04
5	0	31	1	1	1.000000e+00	-9.765625e-04
5	0	32	1	1	1.000000e+00	-9.765625e-04
5	0	33	1	1	1.000000e+00	-9.765625e-04
5	0	0	1	2	1.000000e+00	-9.765625e-04
5	0	1	1	2	1.000000e+00	-9.765625e-04
5	0	2	1	2	1.000000e+00	-9.765625e-04
5	0	3	1	2	1.000000e+00	-9.765625e-04
5	0	4	1	2	1.000000e+00	-9.765625e-04
5	0	5	1	2	1.000000e+00	-9.765625e-04
5	0	6	1	2	1.000000e+00	-9.765625e-04
5	0	7	1	2	1.000000e+00	-9.765625e-04
5	0	8	1	2	1.000000e+00	-9.765625e-04
5	0	9	1	2	1.000000e+00	-9.765625e-04
5	0	10	1	2	1.000000e+00	-9.765625e-04
5	0	11	1	2	1.000000e+00	-9.765625e-04
5	0	12	1	2	1.000000e+00	-9.765625e-04
5	0	13	1	2	1.000000e+00	-9.765625e-04
5	0	14	1	2	1.000000e+00	-9.765625e-04
5	0	15	1	2	1.000000e+00	-9.765625e-04
5	0	16	1	2	1.000000e+00	-9.765625e-04
5	0	17	1	2	1.000000e+00	-9.765625e-04
5	0	18	1	2	1.000000e+00	-9.765625e-04
5	0	19	1	2	1.000000e+00	-9.765625e-04
5	0	20	1	2	1.000000e+00	-9.765625e-04
5	0	21	1	2	1.000000e+00	-9.765625e-04
5	0	22	1	2	1.000000e+00	-9.765625e-04
5	0	23	1	2	1.000000e+00	-9.765625e-04
5	0	24	1	2	1.000000e+00	-9.765625e-04
5	0	25	1	2	1.000000e+00	-9.765625e-04
5	0	26	1	2	1.000000e+00	-9.765625e-04
5	0	27	1	2	1.000000e+00	-9.765625e-04
5	0	28	1	2	1.000000e+00	-9.765625e-04
5	0	29	1	2	1.000000e+00	-9.765625e-04
5	0	30	1	2	1.000000e+00	-9.765625e-04
5	0	31	1	2	1.000000e+00	-9.765625e-04
5	0	32	1	2	1.000000e+00	-9.765625e-04
5	0	33	1	2	1.000000e+00	-9.765625e-04
#KVC
6	0	0	0	0	123.07386084342023	9.405720e+00
6	0	1	0	0	99.30557155016864	9.293611e+00
6	0	2	0	0	101.53729192023894	9.794817e+00
6	0	3	0	0	117.8031358892755	8.935510e+00
6	0	4	0	0	115.30464609144724	9.405720e+00
6	0	5	0	0	126.68398780239325	9.293611e+00
6	0	6	0	0	102.29011694183457	9.794817e+00
6	0	7	0	0	120.4141927975207	8.935510e+00
6	0	0	0	1	139.9966153824133	8.864464e+00
6	0	1	0	1	113.88917731658127	1.002469e+01
6	0	2	0	1	143.59703086742067	9.032530e+00
6	0	3	0	1	88.41951768234283	8.566897e+00
6	0	4	0	1	97.0043250032153	8.864464e+00
6	0	5	0	1	119.83449356526734	1.002469e+01
6	0	6	0	1	104.10803245535267	9.032530e+00
6	0	7	0	1	113.30039281221245	8.566897e+00
6	0	0	0	2	102.761231245782	9.281763e+00
6	0	1	0	2	107.71747098581976	9.597398e+00
6	0	2	0	2	111.72850571669638	9.604148e+00
6	0	3	0	2	97.3722583901108	9.156487e+00
6	0	4	0	2	91.77648624813841	9.281763e+00
6	0	5	0	2	106.45256283582724	9.597398e+00
6	0	6	0	2	110.8582335237652	9.604148e+00
6	0	7	0	2	113.86289479963138	9.156487e+00
6	0	0	0	3	109.77338628660004	9.215651e+00
6	0	1	0	3	134.22993952188094	9.984777e+00
6	0	2	0	3	111.42994930578271	9.305942e+00
6	0	3	0	3	101.04652124685052	9.693401e+00
6	0	4	0	3	100.59693416013798	9.215651e+00
6	0	5	0	3	121.27697005222701	9.984777e+00
6	0	6	0	3	88.56495130109894	9.305942e+00
6	0	7	0	3	126.23470092581556	9.693401e+00
6	0	0	0	4	166.94968701976129	9.192747e+00
6	0	1	0	4	145.47635014711668	9.755004e+00
6	0	2	0	4	132.32896419064411	9.437462e+00
6	0	3	0	4	90.19211238001536	9.100621e+00
6	0	4	0	4	180.99851178463223	9.192747e+00
6	0	5	0	4	88.56230393795633	9.755004e+00
6	0	6	0	4	101.30095023625627	9.437462e+00
6	0	7	0	4	253.95662809343662	9.100621e+00
6	0	0	1	4	692463.1632138531	-0.0009765625
6	0	1	1	4	693698.9715355417	-0.0009765625
6	0	2	1	4	696989.914803791	-0.0009765625
6	0	3	1	4	697454.2029750511	-0.0009765625
6	0	4	1	4	697160.3795329056	-0.0009765625
6	0	5	1	4	697392.7472638971	-0.0009765625
6	0	6	1	4	694965.6666830318	-0.0009765625
6	0	7	1	4	693706.5640056262	-0.0009765625
#T1
7	0	0	0	0	262.1707716880355	364.7502301844256
7	0	0	1	0	701044.7656741246	-0.0009765625
#CVC
8	0	0	0	0	0.000000e+00	1.000000e+00
8	0	1	0	0	0.000000e+00	1.000000e+00
8	0	2	0	0	0.000000e+00	1.000000e+00
8	0	3	0	0	0.000000e+00	1.000000e+00
8	0	4	0	0	0.000000e+00	1.000000e+00
8	0	5	0	0	0.000000e+00	1.000000e+00
8	0	6	0	0	0.000000e+00	1.000000e+00
8	0	7	0	0	0.000000e+00	1.000000e+00
8	0	0	0	1	0.000000e+00	1.000000e+00
8	0	1	0	1	0.000000e+00	1.000000e+00
8	0	2	0	1	0.000000e+00	1.000000e+00
8	0	3	0	1	0.000000e+00	1.000000e+00
8	0	4	0	1	0.000000e+00	1.000000e+00
8	0	5	0	1	0.000000e+00	1.000000e+00
8	0	6	0	1	0.000000e+00	1.000000e+00
8	0	7	0	1	0.000000e+00	1.000000e+00
8	0	0	1	0	1.000000e+00	-9.765625e-04
8	0	1	1	0	1.000000e+00	-9.765625e-04
8	0	2	1	0	1.000000e+00	-9.765625e-04
8	0	3	1	0	1.000000e+00	-9.765625e-04
8	0	4	1	0	1.000000e+00	-9.765625e-04
8	0	5	1	0	1.000000e+00	-9.765625e-04
8	0	6	1	0	1.000000e+00	-9.765625e-04
8	0	7	1	0	1.000000e+00	-9.765625e-04
8	0	0	1	1	1.000000e+00	-9.765625e-04
8	0	1	1	1	1.000000e+00	-9.765625e-04
8	0	2	1	1	1.000000e+00	-9.765625e-04
8	0	3	1	1	1.000000e+00	-9.765625e-04
8	0	4	1	1	1.000000e+00	-9.765625e-04
8	0	5	1	1	1.000000e+00	-9.765625e-04
8	0	6	1	1	1.000000e+00	-9.765625e-04
8	0	7	1	1	1.000000e+00	-9.765625e-04
#SAC3
9	0	0	0	0	0.000000e+00	1.000000e+00
9	0	0	1	0	1.000000e+00	-9.765625e-04
#SFV
10	0	0	1	0	1.000000e+00	-9.765625e-04
#COBO
11	0	0	1	0	1.575e+06	-9.765625e-04
11	0	1	1	0	1.575e+06	-9.765625e-04
11	0	2	1	0	1.575e+06	-9.765625e-04
11	0	3	1	0	1.575e+06	-9.765625e-04
11	0	4	1	0	1.575e+06	-9.765625e-04
11	0	5	1	0	1.575e+06	-9.765625e-04
11	0	6	1	0	1.575e+06	-9.765625e-04
11	0	7	1	0	1.575e+06	-9.765625e-04
