#CId	PlId	SegId	AorT	UorD	p0	p1
#BHT
1	0	0	0	0	0.0	9.00036716669563
1	0	1	0	0	0.0	8.424300085065113
1	0	2	0	0	0.0	9.687052375132572
1	0	3	0	0	0.0	8.737503318524734
1	0	4	0	0	0.0	9.225363843399872
1	0	5	0	0	0.0	9.036000239677138
1	0	6	0	0	0.0	9.502487186115884
1	0	7	0	0	0.0	7.7195420552015745
1	0	8	0	0	0.0	9.343036310958928
1	0	9	0	0	0.0	8.33240407707395
1	0	10	0	0	0.0	9.003792078523583
1	0	11	0	0	0.0	8.127994038928442
1	0	12	0	0	0.0	9.463039163813301
1	0	13	0	0	0.0	8.359180770254632
1	0	14	0	0	0.0	9.39477425959237
1	0	15	0	0	0.0	7.917145194905007
1	0	16	0	0	0.0	8.86521882570341
1	0	17	0	0	0.0	8.546743324197257
1	0	18	0	0	0.0	8.978013329180966
1	0	19	0	0	0.0	8.152373549806216
1	0	20	0	0	0.0	8.750680883149268
1	0	21	0	0	0.0	8.654577547320178
1	0	22	0	0	0.0	8.761370771091661
1	0	23	0	0	0.0	7.673316169202176
1	0	24	0	0	0.0	8.979055406880654
1	0	25	0	0	0.0	8.68701253434726
1	0	26	0	0	0.0	8.9765236816537
1	0	27	0	0	0.0	8.232072702851482
1	0	28	0	0	0.0	8.86137199702738
1	0	29	0	0	0.0	8.94400279696083
1	0	30	0	0	0.0	8.81242311033933
1	0	31	0	0	0.0	8.30421629787649
1	0	32	0	0	0.0	9.035601498307463
1	0	33	0	0	0.0	8.720587687912579
1	0	34	0	0	0.0	8.87712244794251
1	0	35	0	0	0.0	8.272244292146246
1	0	36	0	0	0.0	9.043436455083715
1	0	37	0	0	0.0	8.52872402009905
1	0	38	0	0	0.0	8.76694975704259
1	0	39	0	0	0.0	8.263677909401467
1	0	40	0	0	0.0	9.035940223721518
1	0	41	0	0	0.0	8.382049943345251
1	0	42	0	0	0.0	9.128484366692248
1	0	43	0	0	0.0	8.31182844128861
1	0	44	0	0	0.0	9.060324926280886
1	0	45	0	0	0.0	8.642853655735303
1	0	46	0	0	0.0	8.964706270379926
1	0	47	0	0	0.0	8.596231183806752
1	0	48	0	0	0.0	9.364750470312865
1	0	49	0	0	0.0	8.777562343927507
1	0	50	0	0	0.0	8.912329150983538
1	0	51	0	0	0.0	8.04559939937932
1	0	52	0	0	0.0	9.11205153376171
1	0	53	0	0	0.0	8.694028875571322
1	0	54	0	0	0.0	9.296580849861394
1	0	55	0	0	0.0	8.268988415469549
1	0	56	0	0	0.0	9.248818610823234
1	0	57	0	0	0.0	8.963204257420546
1	0	58	0	0	0.0	8.954358107067272
1	0	59	0	0	0.0	8.223776570036993
1	0	60	0	0	0.0	9.260546100706268
1	0	61	0	0	0.0	9.241586228915107
1	0	62	0	0	0.0	9.561987568196878
1	0	0	0	1	0.0	9.348283217329163
1	0	1	0	1	0.0	9.722045457174849
1	0	2	0	1	0.0	9.832643331562721
1	0	3	0	1	0.0	9.732736586080271
1	0	4	0	1	0.0	9.06420398717387
1	0	5	0	1	0.0	9.48851442910504
1	0	6	0	1	0.0	9.521969653900658
1	0	7	0	1	0.0	8.701457042654171
1	0	8	0	1	0.0	8.913142340573861
1	0	9	0	1	0.0	8.821936179881877
1	0	10	0	1	0.0	9.058727040449037
1	0	11	0	1	0.0	9.008938025916523
1	0	12	0	1	0.0	9.172689528614928
1	0	13	0	1	0.0	8.805623156090391
1	0	14	0	1	0.0	8.659135555679816
1	0	15	0	1	0.0	9.030566735571067
1	0	16	0	1	0.0	8.959442949064869
1	0	17	0	1	0.0	9.083813573789156
1	0	18	0	1	0.0	9.194157603082932
1	0	19	0	1	0.0	9.190782448773309
1	0	20	0	1	0.0	8.960634955955468
1	0	21	0	1	0.0	8.93483911054868
1	0	22	0	1	0.0	9.006570041206002
1	0	23	0	1	0.0	8.843150604587512
1	0	24	0	1	0.0	8.693288345886286
1	0	25	0	1	0.0	8.802212671096383
1	0	26	0	1	0.0	8.752883174691421
1	0	27	0	1	0.0	8.90184674154224
1	0	28	0	1	0.0	8.899880350524782
1	0	29	0	1	0.0	9.072588531306048
1	0	30	0	1	0.0	9.008392524788533
1	0	31	0	1	0.0	9.02254791459843
1	0	32	0	1	0.0	8.9508590415434
1	0	33	0	1	0.0	8.817562280478395
1	0	34	0	1	0.0	8.835389038510105
1	0	35	0	1	0.0	8.742972037786181
1	0	36	0	1	0.0	8.96598906815879
1	0	37	0	1	0.0	8.68880566570327
1	0	38	0	1	0.0	8.813663062045045
1	0	39	0	1	0.0	8.923962255091014
1	0	40	0	1	0.0	8.693950264155527
1	0	41	0	1	0.0	8.611764336632731
1	0	42	0	1	0.0	9.150808750807485
1	0	43	0	1	0.0	8.741164481473778
1	0	44	0	1	0.0	8.837865266433138
1	0	45	0	1	0.0	8.729365579148585
1	0	46	0	1	0.0	8.86965607087462
1	0	47	0	1	0.0	9.118321379607822
1	0	48	0	1	0.0	9.146278291772587
1	0	49	0	1	0.0	9.150409880279762
1	0	50	0	1	0.0	8.771709939667899
1	0	51	0	1	0.0	8.50686251552303
1	0	52	0	1	0.0	8.728130501087588
1	0	53	0	1	0.0	8.663942550675552
1	0	54	0	1	0.0	9.220612414137781
1	0	55	0	1	0.0	9.121273571678232
1	0	56	0	1	0.0	8.330201390717033
1	0	57	0	1	0.0	8.967340660231969
1	0	58	0	1	0.0	8.570079907675874
1	0	59	0	1	0.0	9.015701637068117
1	0	60	0	1	0.0	8.830506239820654
1	0	61	0	1	0.0	9.13660174721023
1	0	62	0	1	0.0	9.04948673893925
1	0	0	1	0	1415025.5555555555	-0.0009765625
1	0	1	1	0	1414202.0	-0.0009765625
1	0	2	1	0	1415554.347826087	-0.0009765625
1	0	3	1	0	1415643.6363636365	-0.0009765625
1	0	4	1	0	1415205.8333333333	-0.0009765625
1	0	5	1	0	1415327.2727272727	-0.0009765625
1	0	6	1	0	1414223.6	-0.0009765625
1	0	7	1	0	1413723.888888889	-0.0009765625
1	0	8	1	0	1413871.5	-0.0009765625
1	0	9	1	0	1414391.0526315789	-0.0009765625
1	0	10	1	0	1413878.163265306	-0.0009765625
1	0	11	1	0	1413101.0638297873	-0.0009765625
1	0	12	1	0	1413033.6	-0.0009765625
1	0	13	1	0	1413776.9090909092	-0.0009765625
1	0	14	1	0	1414142.142857143	-0.0009765625
1	0	15	1	0	1415473.3471542923	-0.0009765625
1	0	16	1	0	1415203.645484963	-0.0009765625
1	0	17	1	0	1416240.1946229765	-0.0009765625
1	0	18	1	0	1415823.0554344442	-0.0009765625
1	0	19	1	0	1416076.1805058513	-0.0009765625
1	0	20	1	0	1416517.0353781716	-0.0009765625
1	0	21	1	0	1416589.440727886	-0.0009765625
1	0	22	1	0	1416781.0890369676	-0.0009765625
1	0	23	1	0	1416105.914996776	-0.0009765625
1	0	24	1	0	1416292.1325036266	-0.0009765625
1	0	25	1	0	1416579.0587083541	-0.0009765625
1	0	26	1	0	1416698.604325424	-0.0009765625
1	0	27	1	0	1416127.7828308854	-0.0009765625
1	0	28	1	0	1416522.4887915098	-0.0009765625
1	0	29	1	0	1416598.2045950517	-0.0009765625
1	0	30	1	0	1416739.398474886	-0.0009765625
1	0	31	1	0	1414991.492867833	-0.0009765625
1	0	32	1	0	1415477.7194701831	-0.0009765625
1	0	33	1	0	1415285.5006310542	-0.0009765625
1	0	34	1	0	1415830.883483607	-0.0009765625
1	0	35	1	0	1416067.1318584045	-0.0009765625
1	0	36	1	0	1415851.716387662	-0.0009765625
1	0	37	1	0	1416258.8818024686	-0.0009765625
1	0	38	1	0	1415841.0971011913	-0.0009765625
1	0	39	1	0	1416171.42865551	-0.0009765625
1	0	40	1	0	1415476.2380955797	-0.0009765625
1	0	41	1	0	1416145.0327463737	-0.0009765625
1	0	42	1	0	1415809.3344459855	-0.0009765625
1	0	43	1	0	1416343.0157650434	-0.0009765625
1	0	44	1	0	1415628.6617651226	-0.0009765625
1	0	45	1	0	1416384.2497405591	-0.0009765625
1	0	46	1	0	1415588.7580853328	-0.0009765625
1	0	47	1	0	1416048.055353826	-0.0009765625
1	0	48	1	0	1415465.367974491	-0.0009765625
1	0	49	1	0	1416279.7829795014	-0.0009765625
1	0	50	1	0	1415512.3407944844	-0.0009765625
1	0	51	1	0	1415780.4195804195	-0.0009765625
1	0	52	1	0	1415666.4502164503	-0.0009765625
1	0	53	1	0	1415960.2024291498	-0.0009765625
1	0	54	1	0	1415847.1171171172	-0.0009765625
1	0	55	1	0	1416294.1346153845	-0.0009765625
1	0	56	1	0	1415782.1495327102	-0.0009765625
1	0	57	1	0	1415739.2592592593	-0.0009765625
1	0	58	1	0	1415399.207920792	-0.0009765625
1	0	59	1	0	1416118.3157894737	-0.0009765625
1	0	60	1	0	1415664.1304347827	-0.0009765625
1	0	61	1	0	1415509.7740112995	-0.0009765625
1	0	62	1	0	1415353.3986928104	-0.0009765625
1	0	0	1	1	1415250.0	-0.0009765625
1	0	1	1	1	1416426.6666666667	-0.0009765625
1	0	2	1	1	1416074.1666666667	-0.0009765625
1	0	3	1	1	1416351.0	-0.0009765625
1	0	4	1	1	1416056.6666666667	-0.0009765625
1	0	5	1	1	1417005.0	-0.0009765625
1	0	6	1	1	1415714.0	-0.0009765625
1	0	7	1	1	1415264.358974359	-0.0009765625
1	0	8	1	1	1415940.2702702703	-0.0009765625
1	0	9	1	1	1416787.2972972973	-0.0009765625
1	0	10	1	1	1415955.0	-0.0009765625
1	0	11	1	1	1414870.7843137255	-0.0009765625
1	0	12	1	1	1414760.0	-0.0009765625
1	0	13	1	1	1415577.0175438595	-0.0009765625
1	0	14	1	1	1415215.5652173914	-0.0009765625
1	0	15	1	1	1417261.6994640827	-0.0009765625
1	0	16	1	1	1416821.7527374008	-0.0009765625
1	0	17	1	1	1417969.6952681355	-0.0009765625
1	0	18	1	1	1416634.7433765563	-0.0009765625
1	0	19	1	1	1417509.8521932072	-0.0009765625
1	0	20	1	1	1416724.698365881	-0.0009765625
1	0	21	1	1	1417573.5192436597	-0.0009765625
1	0	22	1	1	1416388.022176414	-0.0009765625
1	0	23	1	1	1417069.7108568484	-0.0009765625
1	0	24	1	1	1416783.8728459536	-0.0009765625
1	0	25	1	1	1417485.9398048786	-0.0009765625
1	0	26	1	1	1416342.212959079	-0.0009765625
1	0	27	1	1	1416902.7074636384	-0.0009765625
1	0	28	1	1	1416503.351143637	-0.0009765625
1	0	29	1	1	1416213.7744285662	-0.0009765625
1	0	30	1	1	1415894.153443418	-0.0009765625
1	0	31	1	1	1415625.8669527525	-0.0009765625
1	0	32	1	1	1417248.8513745856	-0.0009765625
1	0	33	1	1	1417047.085619979	-0.0009765625
1	0	34	1	1	1416769.9641551916	-0.0009765625
1	0	35	1	1	1416591.1760525063	-0.0009765625
1	0	36	1	1	1416948.5942513363	-0.0009765625
1	0	37	1	1	1416884.5917612175	-0.0009765625
1	0	38	1	1	1416333.6272034724	-0.0009765625
1	0	39	1	1	1416556.2312067652	-0.0009765625
1	0	40	1	1	1416823.9739630858	-0.0009765625
1	0	41	1	1	1416689.9349164935	-0.0009765625
1	0	42	1	1	1416393.4487508617	-0.0009765625
1	0	43	1	1	1416095.034052395	-0.0009765625
1	0	44	1	1	1415472.0683265326	-0.0009765625
1	0	45	1	1	1416118.7919026718	-0.0009765625
1	0	46	1	1	1414921.1061099644	-0.0009765625
1	0	47	1	1	1415715.5970238517	-0.0009765625
1	0	48	1	1	1415076.6206359814	-0.0009765625
1	0	49	1	1	1415860.797541162	-0.0009765625
1	0	50	1	1	1414507.814519756	-0.0009765625
1	0	51	1	1	1415101.7894736843	-0.0009765625
1	0	52	1	1	1414626.0869565217	-0.0009765625
1	0	53	1	1	1415233.4567901234	-0.0009765625
1	0	54	1	1	1414389.2	-0.0009765625
1	0	55	1	1	1415192.1698113207	-0.0009765625
1	0	56	1	1	1415011.0232558139	-0.0009765625
1	0	57	1	1	1415169.6261682243	-0.0009765625
1	0	58	1	1	1414397.4371859296	-0.0009765625
1	0	59	1	1	1414856.6666666667	-0.0009765625
1	0	60	1	1	1415266.2566844919	-0.0009765625
1	0	61	1	1	1414403.7142857143	-0.0009765625
1	0	62	1	1	1414624.605263158	-0.0009765625
#BH2
3	0	0	0	0	118.94791139691641	220.7258064516129
3	0	1	0	0	147.2696107441081	277.78
3	0	2	0	0	102.30887766590351	256.35046728971963
3	0	3	0	0	135.98591106368139	292.7183427899916
3	0	4	0	0	126.86302955338505	248.52997844575347
3	0	5	0	0	129.4608361567858	276.63104946156534
3	0	6	0	0	129.010410329231	214.1428119864505
3	0	7	0	0	123.28583516993413	296.28695567323683
3	0	8	0	0	114.53224253712673	259.39941758998754
3	0	9	0	0	110.71802666922548	264.1209877034132
3	0	10	0	0	140.4326830803259	295.7739726027397
3	0	11	0	0	115.79594626395763	244.80645161290323
3	0	12	0	0	111.84633627734172	279.6111111111111
3	0	13	0	0	95.62381725548272	274.780701754386
3	0	14	0	0	143.05775469671133	287.24418604651163
3	0	0	0	1	126.32302827596028	291.6372549019608
3	0	1	0	1	107.63965611446547	264.36046511627904
3	0	2	0	1	118.80761090980181	275.42727272727274
3	0	3	0	1	90.7476471382902	253.4699469978224
3	0	4	0	1	126.4450438907503	268.83174638636405
3	0	5	0	1	107.75242706733022	244.82889351648873
3	0	6	0	1	105.37917890495754	235.90332530364407
3	0	7	0	1	109.98358829741622	266.4346329122792
3	0	8	0	1	123.14324923917854	242.23840835380568
3	0	9	0	1	106.13295089186654	229.36236224166333
3	0	10	0	1	118.51962329906631	252.54444444444445
3	0	11	0	1	116.36161773693506	254.26296296296297
3	0	12	0	1	113.52070048649952	263.48
3	0	13	0	1	107.60005567384937	276.63793103448273
3	0	14	0	1	113.97015118305133	294.5
3	0	0	1	0	722165.2083333334	-0.0009765625
3	0	1	1	0	721789.8837209302	-0.0009765625
3	0	2	1	0	722548.9877300614	-0.0009765625
3	0	3	1	0	722492.2463711529	-0.0009765625
3	0	4	1	0	723304.5823285613	-0.0009765625
3	0	5	1	0	723769.1554626474	-0.0009765625
3	0	6	1	0	722653.612846653	-0.0009765625
3	0	7	1	0	722669.3919638767	-0.0009765625
3	0	8	1	0	723531.0470208735	-0.0009765625
3	0	9	1	0	723367.7715815236	-0.0009765625
3	0	10	1	0	722600.1301115241	-0.0009765625
3	0	11	1	0	722094.9444444445	-0.0009765625
3	0	12	1	0	722070.7142857143	-0.0009765625
3	0	13	1	0	721339.25	-0.0009765625
3	0	14	1	0	721396.8333333334	-0.0009765625
3	0	0	1	1	725071.25	-0.0009765625
3	0	1	1	1	724607.2727272727	-0.0009765625
3	0	2	1	1	726159.7826086957	-0.0009765625
3	0	3	1	1	725767.1551385493	-0.0009765625
3	0	4	1	1	725468.0101850288	-0.0009765625
3	0	5	1	1	726003.3632411549	-0.0009765625
3	0	6	1	1	725980.4577886224	-0.0009765625
3	0	7	1	1	726159.9565175922	-0.0009765625
3	0	8	1	1	726815.164813453	-0.0009765625
3	0	9	1	1	726364.2407348583	-0.0009765625
3	0	10	1	1	726355.3007518797	-0.0009765625
3	0	11	1	1	724895.3314917127	-0.0009765625
3	0	12	1	1	725022.5384615385	-0.0009765625
3	0	13	1	1	724340.875	-0.0009765625
3	0	14	1	1	724580.4838709678	-0.0009765625
3	0	0	1	2	-0.4217499999999994	1.0
3	0	1	1	2	-0.03249999999999908	1.0
3	0	2	1	2	0.8916216216216223	1.0
3	0	3	1	2	0.3496965068617532	1.0
3	0	4	1	2	-0.39160518748938294	1.0
3	0	5	1	2	0.5147337203798755	1.0
3	0	6	1	2	-0.39212234224505194	1.0
3	0	7	1	2	0.28950593799011176	1.0
3	0	8	1	2	-0.3056701228340718	1.0
3	0	9	1	2	-0.1418760659891145	1.0
3	0	10	1	2	-0.5002777777777772	1.0
3	0	11	1	2	-0.485273972602739	1.0
3	0	12	1	2	-0.723490566037735	1.0
3	0	13	1	2	-0.3042307692307687	1.0
3	0	14	1	2	-0.6564285714285708	1.0
#BAC
4	0	0	0	0	100.5463503023958	11.208
4	0	1	0	0	86.0138145214862	10.463
4	0	2	0	0	84.87971747915354	9.015
4	0	3	0	0	74.46092487125115	10.424
4	0	4	0	0	177.97476274592816	10.278
4	0	0	1	0	1.000000e+00	-9.765625e-04
4	0	1	1	0	1.000000e+00	-9.765625e-04
4	0	2	1	0	1.000000e+00	-9.765625e-04
4	0	3	1	0	1.000000e+00	-9.765625e-04
4	0	4	1	0	711437.1333683064	-0.0009765625
#HTOF
5	0	0	0	0	0.000000e+00	1.000000e+00
5	0	1	0	0	0.000000e+00	1.000000e+00
5	0	2	0	0	0.000000e+00	1.000000e+00
5	0	3	0	0	0.000000e+00	1.000000e+00
5	0	4	0	0	0.000000e+00	1.000000e+00
5	0	5	0	0	0.000000e+00	1.000000e+00
5	0	6	0	0	0.000000e+00	1.000000e+00
5	0	7	0	0	0.000000e+00	1.000000e+00
5	0	8	0	0	0.000000e+00	1.000000e+00
5	0	9	0	0	0.000000e+00	1.000000e+00
5	0	10	0	0	0.000000e+00	1.000000e+00
5	0	11	0	0	0.000000e+00	1.000000e+00
5	0	12	0	0	0.000000e+00	1.000000e+00
5	0	13	0	0	0.000000e+00	1.000000e+00
5	0	14	0	0	0.000000e+00	1.000000e+00
5	0	15	0	0	0.000000e+00	1.000000e+00
5	0	16	0	0	0.000000e+00	1.000000e+00
5	0	17	0	0	0.000000e+00	1.000000e+00
5	0	18	0	0	0.000000e+00	1.000000e+00
5	0	19	0	0	0.000000e+00	1.000000e+00
5	0	20	0	0	0.000000e+00	1.000000e+00
5	0	21	0	0	0.000000e+00	1.000000e+00
5	0	22	0	0	0.000000e+00	1.000000e+00
5	0	23	0	0	0.000000e+00	1.000000e+00
5	0	24	0	0	0.000000e+00	1.000000e+00
5	0	25	0	0	0.000000e+00	1.000000e+00
5	0	26	0	0	0.000000e+00	1.000000e+00
5	0	27	0	0	0.000000e+00	1.000000e+00
5	0	28	0	0	0.000000e+00	1.000000e+00
5	0	29	0	0	0.000000e+00	1.000000e+00
5	0	30	0	0	0.000000e+00	1.000000e+00
5	0	31	0	0	0.000000e+00	1.000000e+00
5	0	32	0	0	0.000000e+00	1.000000e+00
5	0	33	0	0	0.000000e+00	1.000000e+00
5	0	0	0	1	0.000000e+00	1.000000e+00
5	0	1	0	1	0.000000e+00	1.000000e+00
5	0	2	0	1	0.000000e+00	1.000000e+00
5	0	3	0	1	0.000000e+00	1.000000e+00
5	0	4	0	1	0.000000e+00	1.000000e+00
5	0	5	0	1	0.000000e+00	1.000000e+00
5	0	6	0	1	0.000000e+00	1.000000e+00
5	0	7	0	1	0.000000e+00	1.000000e+00
5	0	8	0	1	0.000000e+00	1.000000e+00
5	0	9	0	1	0.000000e+00	1.000000e+00
5	0	10	0	1	0.000000e+00	1.000000e+00
5	0	11	0	1	0.000000e+00	1.000000e+00
5	0	12	0	1	0.000000e+00	1.000000e+00
5	0	13	0	1	0.000000e+00	1.000000e+00
5	0	14	0	1	0.000000e+00	1.000000e+00
5	0	15	0	1	0.000000e+00	1.000000e+00
5	0	16	0	1	0.000000e+00	1.000000e+00
5	0	17	0	1	0.000000e+00	1.000000e+00
5	0	18	0	1	0.000000e+00	1.000000e+00
5	0	19	0	1	0.000000e+00	1.000000e+00
5	0	20	0	1	0.000000e+00	1.000000e+00
5	0	21	0	1	0.000000e+00	1.000000e+00
5	0	22	0	1	0.000000e+00	1.000000e+00
5	0	23	0	1	0.000000e+00	1.000000e+00
5	0	24	0	1	0.000000e+00	1.000000e+00
5	0	25	0	1	0.000000e+00	1.000000e+00
5	0	26	0	1	0.000000e+00	1.000000e+00
5	0	27	0	1	0.000000e+00	1.000000e+00
5	0	28	0	1	0.000000e+00	1.000000e+00
5	0	29	0	1	0.000000e+00	1.000000e+00
5	0	30	0	1	0.000000e+00	1.000000e+00
5	0	31	0	1	0.000000e+00	1.000000e+00
5	0	32	0	1	0.000000e+00	1.000000e+00
5	0	33	0	1	0.000000e+00	1.000000e+00
5	0	0	0	2	0.000000e+00	1.000000e+00
5	0	1	0	2	0.000000e+00	1.000000e+00
5	0	2	0	2	0.000000e+00	1.000000e+00
5	0	3	0	2	0.000000e+00	1.000000e+00
5	0	4	0	2	0.000000e+00	1.000000e+00
5	0	5	0	2	0.000000e+00	1.000000e+00
5	0	6	0	2	0.000000e+00	1.000000e+00
5	0	7	0	2	0.000000e+00	1.000000e+00
5	0	8	0	2	0.000000e+00	1.000000e+00
5	0	9	0	2	0.000000e+00	1.000000e+00
5	0	10	0	2	0.000000e+00	1.000000e+00
5	0	11	0	2	0.000000e+00	1.000000e+00
5	0	12	0	2	0.000000e+00	1.000000e+00
5	0	13	0	2	0.000000e+00	1.000000e+00
5	0	14	0	2	0.000000e+00	1.000000e+00
5	0	15	0	2	0.000000e+00	1.000000e+00
5	0	16	0	2	0.000000e+00	1.000000e+00
5	0	17	0	2	0.000000e+00	1.000000e+00
5	0	18	0	2	0.000000e+00	1.000000e+00
5	0	19	0	2	0.000000e+00	1.000000e+00
5	0	20	0	2	0.000000e+00	1.000000e+00
5	0	21	0	2	0.000000e+00	1.000000e+00
5	0	22	0	2	0.000000e+00	1.000000e+00
5	0	23	0	2	0.000000e+00	1.000000e+00
5	0	24	0	2	0.000000e+00	1.000000e+00
5	0	25	0	2	0.000000e+00	1.000000e+00
5	0	26	0	2	0.000000e+00	1.000000e+00
5	0	27	0	2	0.000000e+00	1.000000e+00
5	0	28	0	2	0.000000e+00	1.000000e+00
5	0	29	0	2	0.000000e+00	1.000000e+00
5	0	30	0	2	0.000000e+00	1.000000e+00
5	0	31	0	2	0.000000e+00	1.000000e+00
5	0	32	0	2	0.000000e+00	1.000000e+00
5	0	33	0	2	0.000000e+00	1.000000e+00
5	0	0	1	0	1.000000e+00	-9.765625e-04
5	0	1	1	0	1.000000e+00	-9.765625e-04
5	0	2	1	0	1.000000e+00	-9.765625e-04
5	0	3	1	0	1.000000e+00	-9.765625e-04
5	0	4	1	0	1.000000e+00	-9.765625e-04
5	0	5	1	0	1.000000e+00	-9.765625e-04
5	0	6	1	0	1.000000e+00	-9.765625e-04
5	0	7	1	0	1.000000e+00	-9.765625e-04
5	0	8	1	0	1.000000e+00	-9.765625e-04
5	0	9	1	0	1.000000e+00	-9.765625e-04
5	0	10	1	0	1.000000e+00	-9.765625e-04
5	0	11	1	0	1.000000e+00	-9.765625e-04
5	0	12	1	0	1.000000e+00	-9.765625e-04
5	0	13	1	0	1.000000e+00	-9.765625e-04
5	0	14	1	0	1.000000e+00	-9.765625e-04
5	0	15	1	0	1.000000e+00	-9.765625e-04
5	0	16	1	0	1.000000e+00	-9.765625e-04
5	0	17	1	0	1.000000e+00	-9.765625e-04
5	0	18	1	0	1.000000e+00	-9.765625e-04
5	0	19	1	0	1.000000e+00	-9.765625e-04
5	0	20	1	0	1.000000e+00	-9.765625e-04
5	0	21	1	0	1.000000e+00	-9.765625e-04
5	0	22	1	0	1.000000e+00	-9.765625e-04
5	0	23	1	0	1.000000e+00	-9.765625e-04
5	0	24	1	0	1.000000e+00	-9.765625e-04
5	0	25	1	0	1.000000e+00	-9.765625e-04
5	0	26	1	0	1.000000e+00	-9.765625e-04
5	0	27	1	0	1.000000e+00	-9.765625e-04
5	0	28	1	0	1.000000e+00	-9.765625e-04
5	0	29	1	0	1.000000e+00	-9.765625e-04
5	0	30	1	0	1.000000e+00	-9.765625e-04
5	0	31	1	0	1.000000e+00	-9.765625e-04
5	0	32	1	0	1.000000e+00	-9.765625e-04
5	0	33	1	0	1.000000e+00	-9.765625e-04
5	0	0	1	1	1.000000e+00	-9.765625e-04
5	0	1	1	1	1.000000e+00	-9.765625e-04
5	0	2	1	1	1.000000e+00	-9.765625e-04
5	0	3	1	1	1.000000e+00	-9.765625e-04
5	0	4	1	1	1.000000e+00	-9.765625e-04
5	0	5	1	1	1.000000e+00	-9.765625e-04
5	0	6	1	1	1.000000e+00	-9.765625e-04
5	0	7	1	1	1.000000e+00	-9.765625e-04
5	0	8	1	1	1.000000e+00	-9.765625e-04
5	0	9	1	1	1.000000e+00	-9.765625e-04
5	0	10	1	1	1.000000e+00	-9.765625e-04
5	0	11	1	1	1.000000e+00	-9.765625e-04
5	0	12	1	1	1.000000e+00	-9.765625e-04
5	0	13	1	1	1.000000e+00	-9.765625e-04
5	0	14	1	1	1.000000e+00	-9.765625e-04
5	0	15	1	1	1.000000e+00	-9.765625e-04
5	0	16	1	1	1.000000e+00	-9.765625e-04
5	0	17	1	1	1.000000e+00	-9.765625e-04
5	0	18	1	1	1.000000e+00	-9.765625e-04
5	0	19	1	1	1.000000e+00	-9.765625e-04
5	0	20	1	1	1.000000e+00	-9.765625e-04
5	0	21	1	1	1.000000e+00	-9.765625e-04
5	0	22	1	1	1.000000e+00	-9.765625e-04
5	0	23	1	1	1.000000e+00	-9.765625e-04
5	0	24	1	1	1.000000e+00	-9.765625e-04
5	0	25	1	1	1.000000e+00	-9.765625e-04
5	0	26	1	1	1.000000e+00	-9.765625e-04
5	0	27	1	1	1.000000e+00	-9.765625e-04
5	0	28	1	1	1.000000e+00	-9.765625e-04
5	0	29	1	1	1.000000e+00	-9.765625e-04
5	0	30	1	1	1.000000e+00	-9.765625e-04
5	0	31	1	1	1.000000e+00	-9.765625e-04
5	0	32	1	1	1.000000e+00	-9.765625e-04
5	0	33	1	1	1.000000e+00	-9.765625e-04
5	0	0	1	2	1.000000e+00	-9.765625e-04
5	0	1	1	2	1.000000e+00	-9.765625e-04
5	0	2	1	2	1.000000e+00	-9.765625e-04
5	0	3	1	2	1.000000e+00	-9.765625e-04
5	0	4	1	2	1.000000e+00	-9.765625e-04
5	0	5	1	2	1.000000e+00	-9.765625e-04
5	0	6	1	2	1.000000e+00	-9.765625e-04
5	0	7	1	2	1.000000e+00	-9.765625e-04
5	0	8	1	2	1.000000e+00	-9.765625e-04
5	0	9	1	2	1.000000e+00	-9.765625e-04
5	0	10	1	2	1.000000e+00	-9.765625e-04
5	0	11	1	2	1.000000e+00	-9.765625e-04
5	0	12	1	2	1.000000e+00	-9.765625e-04
5	0	13	1	2	1.000000e+00	-9.765625e-04
5	0	14	1	2	1.000000e+00	-9.765625e-04
5	0	15	1	2	1.000000e+00	-9.765625e-04
5	0	16	1	2	1.000000e+00	-9.765625e-04
5	0	17	1	2	1.000000e+00	-9.765625e-04
5	0	18	1	2	1.000000e+00	-9.765625e-04
5	0	19	1	2	1.000000e+00	-9.765625e-04
5	0	20	1	2	1.000000e+00	-9.765625e-04
5	0	21	1	2	1.000000e+00	-9.765625e-04
5	0	22	1	2	1.000000e+00	-9.765625e-04
5	0	23	1	2	1.000000e+00	-9.765625e-04
5	0	24	1	2	1.000000e+00	-9.765625e-04
5	0	25	1	2	1.000000e+00	-9.765625e-04
5	0	26	1	2	1.000000e+00	-9.765625e-04
5	0	27	1	2	1.000000e+00	-9.765625e-04
5	0	28	1	2	1.000000e+00	-9.765625e-04
5	0	29	1	2	1.000000e+00	-9.765625e-04
5	0	30	1	2	1.000000e+00	-9.765625e-04
5	0	31	1	2	1.000000e+00	-9.765625e-04
5	0	32	1	2	1.000000e+00	-9.765625e-04
5	0	33	1	2	1.000000e+00	-9.765625e-04
#KVC
6	0	0	0	0	123.08261253472584	9.405720e+00
6	0	1	0	0	98.91741449342733	9.293611e+00
6	0	2	0	0	101.03332287165476	9.794817e+00
6	0	3	0	0	117.34159971507482	8.935510e+00
6	0	4	0	0	114.89123555542334	9.405720e+00
6	0	5	0	0	126.40200963912605	9.293611e+00
6	0	6	0	0	101.8985074806091	9.794817e+00
6	0	7	0	0	120.5434240659675	8.935510e+00
6	0	0	0	1	139.782954086072	8.864464e+00
6	0	1	0	1	113.69444862322958	1.002469e+01
6	0	2	0	1	143.18605061908775	9.032530e+00
6	0	3	0	1	88.61926166528134	8.566897e+00
6	0	4	0	1	97.31450541599553	8.864464e+00
6	0	5	0	1	120.4918700900102	1.002469e+01
6	0	6	0	1	103.4136108420956	9.032530e+00
6	0	7	0	1	113.25933997509024	8.566897e+00
6	0	0	0	2	102.65982133520585	9.281763e+00
6	0	1	0	2	107.44653098493282	9.597398e+00
6	0	2	0	2	111.43709313414546	9.604148e+00
6	0	3	0	2	96.66230433939646	9.156487e+00
6	0	4	0	2	91.43319129456651	9.281763e+00
6	0	5	0	2	106.60103603201165	9.597398e+00
6	0	6	0	2	110.78121512353724	9.604148e+00
6	0	7	0	2	113.84800070102693	9.156487e+00
6	0	0	0	3	109.41722955275982	9.215651e+00
6	0	1	0	3	133.63975665272253	9.984777e+00
6	0	2	0	3	111.2238236954639	9.305942e+00
6	0	3	0	3	101.17676621255534	9.693401e+00
6	0	4	0	3	100.44296661276852	9.215651e+00
6	0	5	0	3	121.07481174117105	9.984777e+00
6	0	6	0	3	88.68561915854114	9.305942e+00
6	0	7	0	3	126.29537365565436	9.693401e+00
6	0	0	0	4	159.23013303270412	9.192747e+00
6	0	1	0	4	152.57417639136114	9.755004e+00
6	0	2	0	4	140.60486125957766	9.437462e+00
6	0	3	0	4	87.1954729800548	9.100621e+00
6	0	4	0	4	181.75502706596563	9.192747e+00
6	0	5	0	4	88.5153324760299	9.755004e+00
6	0	6	0	4	101.26401604181403	9.437462e+00
6	0	7	0	4	246.32841326419347	9.100621e+00
6	0	0	1	4	692296.9629493088	-0.0009765625
6	0	1	1	4	693055.6471329272	-0.0009765625
6	0	2	1	4	696660.1814667594	-0.0009765625
6	0	3	1	4	697244.1432095424	-0.0009765625
6	0	4	1	4	696960.2986051842	-0.0009765625
6	0	5	1	4	697229.596778548	-0.0009765625
6	0	6	1	4	695128.8857846246	-0.0009765625
6	0	7	1	4	693424.3840951396	-0.0009765625
#T1
7	0	0	0	0	261.26805570459135	363.888249196508
7	0	0	1	0	700853.6925531331	-0.0009765625
#CVC
8	0	0	0	0	0.000000e+00	1.000000e+00
8	0	1	0	0	0.000000e+00	1.000000e+00
8	0	2	0	0	0.000000e+00	1.000000e+00
8	0	3	0	0	0.000000e+00	1.000000e+00
8	0	4	0	0	0.000000e+00	1.000000e+00
8	0	5	0	0	0.000000e+00	1.000000e+00
8	0	6	0	0	0.000000e+00	1.000000e+00
8	0	7	0	0	0.000000e+00	1.000000e+00
8	0	0	0	1	0.000000e+00	1.000000e+00
8	0	1	0	1	0.000000e+00	1.000000e+00
8	0	2	0	1	0.000000e+00	1.000000e+00
8	0	3	0	1	0.000000e+00	1.000000e+00
8	0	4	0	1	0.000000e+00	1.000000e+00
8	0	5	0	1	0.000000e+00	1.000000e+00
8	0	6	0	1	0.000000e+00	1.000000e+00
8	0	7	0	1	0.000000e+00	1.000000e+00
8	0	0	1	0	1.000000e+00	-9.765625e-04
8	0	1	1	0	1.000000e+00	-9.765625e-04
8	0	2	1	0	1.000000e+00	-9.765625e-04
8	0	3	1	0	1.000000e+00	-9.765625e-04
8	0	4	1	0	1.000000e+00	-9.765625e-04
8	0	5	1	0	1.000000e+00	-9.765625e-04
8	0	6	1	0	1.000000e+00	-9.765625e-04
8	0	7	1	0	1.000000e+00	-9.765625e-04
8	0	0	1	1	1.000000e+00	-9.765625e-04
8	0	1	1	1	1.000000e+00	-9.765625e-04
8	0	2	1	1	1.000000e+00	-9.765625e-04
8	0	3	1	1	1.000000e+00	-9.765625e-04
8	0	4	1	1	1.000000e+00	-9.765625e-04
8	0	5	1	1	1.000000e+00	-9.765625e-04
8	0	6	1	1	1.000000e+00	-9.765625e-04
8	0	7	1	1	1.000000e+00	-9.765625e-04
#SAC3
9	0	0	0	0	0.000000e+00	1.000000e+00
9	0	0	1	0	1.000000e+00	-9.765625e-04
#SFV
10	0	0	1	0	1.000000e+00	-9.765625e-04
#COBO
11	0	0	1	0	1.575e+06	-9.765625e-04
11	0	1	1	0	1.575e+06	-9.765625e-04
11	0	2	1	0	1.575e+06	-9.765625e-04
11	0	3	1	0	1.575e+06	-9.765625e-04
11	0	4	1	0	1.575e+06	-9.765625e-04
11	0	5	1	0	1.575e+06	-9.765625e-04
11	0	6	1	0	1.575e+06	-9.765625e-04
11	0	7	1	0	1.575e+06	-9.765625e-04
