#CId	PlId	SegId	AorT	UorD	p0	p1
#BHT
1	0	0	0	0	0.0	9.006123485481217
1	0	1	0	0	0.0	8.388961523872089
1	0	2	0	0	0.0	9.655494960832346
1	0	3	0	0	0.0	8.701525829698715
1	0	4	0	0	0.0	9.175876690158148
1	0	5	0	0	0.0	8.89039270152526
1	0	6	0	0	0.0	9.460763264098057
1	0	7	0	0	0.0	7.5965403417083035
1	0	8	0	0	0.0	9.294430031522936
1	0	9	0	0	0.0	8.300732912100171
1	0	10	0	0	0.0	8.949568640150744
1	0	11	0	0	0.0	8.086721518519822
1	0	12	0	0	0.0	9.441142828901045
1	0	13	0	0	0.0	8.328034464322256
1	0	14	0	0	0.0	9.337124036911954
1	0	15	0	0	0.0	7.87137125035763
1	0	16	0	0	0.0	8.853859023947418
1	0	17	0	0	0.0	8.533561911919724
1	0	18	0	0	0.0	8.960116755647778
1	0	19	0	0	0.0	8.121001250777123
1	0	20	0	0	0.0	8.742669306531514
1	0	21	0	0	0.0	8.642280500195318
1	0	22	0	0	0.0	8.736698221661435
1	0	23	0	0	0.0	7.636873611958306
1	0	24	0	0	0.0	8.97076433126791
1	0	25	0	0	0.0	8.663666629739236
1	0	26	0	0	0.0	8.96320688157613
1	0	27	0	0	0.0	8.193430537315985
1	0	28	0	0	0.0	8.84010949645682
1	0	29	0	0	0.0	8.930784707479686
1	0	30	0	0	0.0	8.793841412460754
1	0	31	0	0	0.0	8.249001854682756
1	0	32	0	0	0.0	9.015805636139937
1	0	33	0	0	0.0	8.702617149113182
1	0	34	0	0	0.0	8.856866923813959
1	0	35	0	0	0.0	8.21876627784326
1	0	36	0	0	0.0	8.99469337466998
1	0	37	0	0	0.0	8.508448379834684
1	0	38	0	0	0.0	8.745908676236889
1	0	39	0	0	0.0	8.199129857605584
1	0	40	0	0	0.0	9.021981700099795
1	0	41	0	0	0.0	8.338137133948257
1	0	42	0	0	0.0	9.11499161102706
1	0	43	0	0	0.0	8.219901029629487
1	0	44	0	0	0.0	9.008831382091211
1	0	45	0	0	0.0	8.594897114872419
1	0	46	0	0	0.0	8.901377428641576
1	0	47	0	0	0.0	8.487899842631002
1	0	48	0	0	0.0	9.252873005172471
1	0	49	0	0	0.0	8.66379187740176
1	0	50	0	0	0.0	8.844426919328352
1	0	51	0	0	0.0	8.016477129800824
1	0	52	0	0	0.0	9.071056968647733
1	0	53	0	0	0.0	8.648768963361595
1	0	54	0	0	0.0	9.229946740815999
1	0	55	0	0	0.0	8.228402128465119
1	0	56	0	0	0.0	9.19730475428979
1	0	57	0	0	0.0	8.91445883455593
1	0	58	0	0	0.0	8.907330013155137
1	0	59	0	0	0.0	8.184565011040577
1	0	60	0	0	0.0	9.23239689197169
1	0	61	0	0	0.0	9.164906212986065
1	0	62	0	0	0.0	9.516226802128207
1	0	0	0	1	0.0	9.199687253269861
1	0	1	0	1	0.0	9.682461871531213
1	0	2	0	1	0.0	9.792532881723606
1	0	3	0	1	0.0	9.702240293403833
1	0	4	0	1	0.0	8.994312262526382
1	0	5	0	1	0.0	9.311431639259409
1	0	6	0	1	0.0	9.455953339620484
1	0	7	0	1	0.0	8.650091566691797
1	0	8	0	1	0.0	8.886829522206247
1	0	9	0	1	0.0	8.781329946009693
1	0	10	0	1	0.0	8.993878479221745
1	0	11	0	1	0.0	8.95108795442553
1	0	12	0	1	0.0	9.108834846393936
1	0	13	0	1	0.0	8.728712285450753
1	0	14	0	1	0.0	8.607048958286969
1	0	15	0	1	0.0	8.979652295196797
1	0	16	0	1	0.0	8.921859044698808
1	0	17	0	1	0.0	9.070953669098373
1	0	18	0	1	0.0	9.18874561872927
1	0	19	0	1	0.0	9.16898166426327
1	0	20	0	1	0.0	8.973652615691282
1	0	21	0	1	0.0	8.940491232611867
1	0	22	0	1	0.0	9.006825922640783
1	0	23	0	1	0.0	8.853063246530267
1	0	24	0	1	0.0	8.697104419167193
1	0	25	0	1	0.0	8.818901926052442
1	0	26	0	1	0.0	8.751100576723132
1	0	27	0	1	0.0	8.872864734192738
1	0	28	0	1	0.0	8.90438913494868
1	0	29	0	1	0.0	9.078419412235748
1	0	30	0	1	0.0	9.01889999814478
1	0	31	0	1	0.0	9.014117770849966
1	0	32	0	1	0.0	8.959192761472492
1	0	33	0	1	0.0	8.816066101687909
1	0	34	0	1	0.0	8.833674763221826
1	0	35	0	1	0.0	8.739373703731648
1	0	36	0	1	0.0	8.971157009245509
1	0	37	0	1	0.0	8.688528046357616
1	0	38	0	1	0.0	8.815163872173322
1	0	39	0	1	0.0	8.926454813220731
1	0	40	0	1	0.0	8.684859564228066
1	0	41	0	1	0.0	8.605385806626547
1	0	42	0	1	0.0	8.935737287181695
1	0	43	0	1	0.0	8.744264931943366
1	0	44	0	1	0.0	8.833238341768293
1	0	45	0	1	0.0	8.74292390442
1	0	46	0	1	0.0	8.878497615865843
1	0	47	0	1	0.0	9.120630556712522
1	0	48	0	1	0.0	9.159850172092886
1	0	49	0	1	0.0	9.18886504776448
1	0	50	0	1	0.0	8.790623626444654
1	0	51	0	1	0.0	8.506809168067543
1	0	52	0	1	0.0	8.69395474874307
1	0	53	0	1	0.0	8.67404930049733
1	0	54	0	1	0.0	9.19541244882258
1	0	55	0	1	0.0	9.094162200361723
1	0	56	0	1	0.0	8.267674669417147
1	0	57	0	1	0.0	8.960330256540159
1	0	58	0	1	0.0	8.57115361037653
1	0	59	0	1	0.0	9.009246765488813
1	0	60	0	1	0.0	8.796750821612862
1	0	61	0	1	0.0	9.118711939526117
1	0	62	0	1	0.0	9.010857173211344
1	0	0	1	0	1416012.7272727273	-0.0009765625
1	0	1	1	0	1414898.5714285714	-0.0009765625
1	0	2	1	0	1416799.6	-0.0009765625
1	0	3	1	0	1414980.3703703703	-0.0009765625
1	0	4	1	0	1414920.0	-0.0009765625
1	0	5	1	0	1415219.7142857143	-0.0009765625
1	0	6	1	0	1415638.9655172413	-0.0009765625
1	0	7	1	0	1416574.347826087	-0.0009765625
1	0	8	1	0	1415687.0588235294	-0.0009765625
1	0	9	1	0	1416104.1818181819	-0.0009765625
1	0	10	1	0	1415432.5	-0.0009765625
1	0	11	1	0	1415965.2173913044	-0.0009765625
1	0	12	1	0	1416194.5283018867	-0.0009765625
1	0	13	1	0	1415904.430379747	-0.0009765625
1	0	14	1	0	1415684.188034188	-0.0009765625
1	0	15	1	0	1416181.7654748876	-0.0009765625
1	0	16	1	0	1415809.6650925383	-0.0009765625
1	0	17	1	0	1416862.2070475908	-0.0009765625
1	0	18	1	0	1416461.204143797	-0.0009765625
1	0	19	1	0	1416736.2456526852	-0.0009765625
1	0	20	1	0	1417176.3449413066	-0.0009765625
1	0	21	1	0	1417301.448202069	-0.0009765625
1	0	22	1	0	1417452.3161315457	-0.0009765625
1	0	23	1	0	1416751.5275641296	-0.0009765625
1	0	24	1	0	1416954.1889164033	-0.0009765625
1	0	25	1	0	1417264.661679253	-0.0009765625
1	0	26	1	0	1417416.1186514094	-0.0009765625
1	0	27	1	0	1416853.6708071248	-0.0009765625
1	0	28	1	0	1417228.8827668868	-0.0009765625
1	0	29	1	0	1417310.127796805	-0.0009765625
1	0	30	1	0	1417477.5732159251	-0.0009765625
1	0	31	1	0	1415738.5091894427	-0.0009765625
1	0	32	1	0	1416196.5232230457	-0.0009765625
1	0	33	1	0	1416021.5283206364	-0.0009765625
1	0	34	1	0	1416558.7839911457	-0.0009765625
1	0	35	1	0	1416791.860600386	-0.0009765625
1	0	36	1	0	1416591.2082348173	-0.0009765625
1	0	37	1	0	1416994.9043706956	-0.0009765625
1	0	38	1	0	1416584.396463719	-0.0009765625
1	0	39	1	0	1416902.4668060122	-0.0009765625
1	0	40	1	0	1416183.0835260418	-0.0009765625
1	0	41	1	0	1416833.8526366309	-0.0009765625
1	0	42	1	0	1416494.9922924023	-0.0009765625
1	0	43	1	0	1417003.2968582525	-0.0009765625
1	0	44	1	0	1416288.7183001873	-0.0009765625
1	0	45	1	0	1417057.5956042847	-0.0009765625
1	0	46	1	0	1416256.2805839619	-0.0009765625
1	0	47	1	0	1416716.576865942	-0.0009765625
1	0	48	1	0	1416137.2501419098	-0.0009765625
1	0	49	1	0	1416957.714867347	-0.0009765625
1	0	50	1	0	1416211.3846737118	-0.0009765625
1	0	51	1	0	1416631.5014228197	-0.0009765625
1	0	52	1	0	1416445.9615222125	-0.0009765625
1	0	53	1	0	1417429.9270072994	-0.0009765625
1	0	54	1	0	1417042.3387096773	-0.0009765625
1	0	55	1	0	1417245.6910569107	-0.0009765625
1	0	56	1	0	1417023.665158371	-0.0009765625
1	0	57	1	0	1417785.2127659575	-0.0009765625
1	0	58	1	0	1416877.8494623655	-0.0009765625
1	0	59	1	0	1417341.0857142857	-0.0009765625
1	0	60	1	0	1417022.7848101265	-0.0009765625
1	0	61	1	0	1417248.2191780822	-0.0009765625
1	0	62	1	0	1417173.3870967743	-0.0009765625
1	0	0	1	1	1417839.5652173914	-0.0009765625
1	0	1	1	1	1418001.7647058824	-0.0009765625
1	0	2	1	1	1418016.4	-0.0009765625
1	0	3	1	1	1417273.5714285714	-0.0009765625
1	0	4	1	1	1416762.5	-0.0009765625
1	0	5	1	1	1417580.625	-0.0009765625
1	0	6	1	1	1417070.6896551724	-0.0009765625
1	0	7	1	1	1418016.1538461538	-0.0009765625
1	0	8	1	1	1417395.641025641	-0.0009765625
1	0	9	1	1	1417998.1967213114	-0.0009765625
1	0	10	1	1	1417214.6511627906	-0.0009765625
1	0	11	1	1	1417657.7551020407	-0.0009765625
1	0	12	1	1	1418114.8	-0.0009765625
1	0	13	1	1	1417657.7647058824	-0.0009765625
1	0	14	1	1	1416788.3050847459	-0.0009765625
1	0	15	1	1	1417958.7038641162	-0.0009765625
1	0	16	1	1	1417458.5402478778	-0.0009765625
1	0	17	1	1	1418612.645525492	-0.0009765625
1	0	18	1	1	1417288.2894362977	-0.0009765625
1	0	19	1	1	1418181.6983794011	-0.0009765625
1	0	20	1	1	1417395.5559461806	-0.0009765625
1	0	21	1	1	1418295.490692832	-0.0009765625
1	0	22	1	1	1417054.6823545874	-0.0009765625
1	0	23	1	1	1417726.2903060091	-0.0009765625
1	0	24	1	1	1417443.364937232	-0.0009765625
1	0	25	1	1	1418165.985757458	-0.0009765625
1	0	26	1	1	1417037.3569910738	-0.0009765625
1	0	27	1	1	1417618.7399770077	-0.0009765625
1	0	28	1	1	1417209.1830634556	-0.0009765625
1	0	29	1	1	1416928.0940036383	-0.0009765625
1	0	30	1	1	1416637.9463769386	-0.0009765625
1	0	31	1	1	1416359.581478508	-0.0009765625
1	0	32	1	1	1417952.1559011692	-0.0009765625
1	0	33	1	1	1417761.0792270794	-0.0009765625
1	0	34	1	1	1417483.2580059275	-0.0009765625
1	0	35	1	1	1417283.0802401805	-0.0009765625
1	0	36	1	1	1417673.850068226	-0.0009765625
1	0	37	1	1	1417611.3601430827	-0.0009765625
1	0	38	1	1	1417050.5581272817	-0.0009765625
1	0	39	1	1	1417289.982924444	-0.0009765625
1	0	40	1	1	1417537.7836478632	-0.0009765625
1	0	41	1	1	1417390.771223316	-0.0009765625
1	0	42	1	1	1417100.680559747	-0.0009765625
1	0	43	1	1	1416807.8822416367	-0.0009765625
1	0	44	1	1	1416193.7331740393	-0.0009765625
1	0	45	1	1	1416860.8444573914	-0.0009765625
1	0	46	1	1	1415656.0768959492	-0.0009765625
1	0	47	1	1	1416456.1028681414	-0.0009765625
1	0	48	1	1	1415832.0814043311	-0.0009765625
1	0	49	1	1	1416665.8161880898	-0.0009765625
1	0	50	1	1	1415345.841392184	-0.0009765625
1	0	51	1	1	1415873.1028483077	-0.0009765625
1	0	52	1	1	1415250.237335988	-0.0009765625
1	0	53	1	1	1416633.12267658	-0.0009765625
1	0	54	1	1	1415456.7768595042	-0.0009765625
1	0	55	1	1	1416134.0650406503	-0.0009765625
1	0	56	1	1	1416262.1076233184	-0.0009765625
1	0	57	1	1	1416947.2340425532	-0.0009765625
1	0	58	1	1	1415808.75	-0.0009765625
1	0	59	1	1	1416205.7225433525	-0.0009765625
1	0	60	1	1	1416722.327044025	-0.0009765625
1	0	61	1	1	1416123.7062937063	-0.0009765625
1	0	62	1	1	1416135.12	-0.0009765625
#BH2
3	0	0	0	0	118.52391052282206	214.41379310344828
3	0	1	0	0	147.0685538147085	279.6485148514852
3	0	2	0	0	101.89462216075657	254.26536312849163
3	0	3	0	0	135.5698238197347	293.9044764250308
3	0	4	0	0	126.5372050016795	249.0774530469995
3	0	5	0	0	129.1862089011309	276.6123884639876
3	0	6	0	0	128.64020567193552	214.2328912953854
3	0	7	0	0	123.03501223776	297.2343448237904
3	0	8	0	0	114.28548899527438	260.4868898188829
3	0	9	0	0	110.52603355717113	265.3897600139035
3	0	10	0	0	140.1649819927703	294.0607476635514
3	0	11	0	0	115.56530571516826	246.35714285714286
3	0	12	0	0	111.65457232773392	278.3863636363636
3	0	13	0	0	95.5001060715598	278.8478260869565
3	0	14	0	0	142.8781191985687	291.7142857142857
3	0	0	0	1	126.00157812367408	283.921686746988
3	0	1	0	1	107.41576155615977	255.75581395348837
3	0	2	0	1	118.43048603474286	272.6787709497207
3	0	3	0	1	90.45729143945817	256.44665356009
3	0	4	0	1	126.23463891043754	273.9495463838366
3	0	5	0	1	106.64161128968755	246.46733896449254
3	0	6	0	1	105.15638826150203	240.64500449447848
3	0	7	0	1	109.90660606452262	256.0741173266357
3	0	8	0	1	122.88915235453153	244.9707682837471
3	0	9	0	1	105.93579502815693	242.31668630859903
3	0	10	0	1	118.36711332804563	255.7134831460674
3	0	11	0	1	116.23916383902916	258.64102564102564
3	0	12	0	1	113.33219639934023	270.5
3	0	13	0	1	107.50745246255063	288.32758620689657
3	0	14	0	1	113.86138979634376	285.60526315789474
3	0	0	1	0	722110.8695652174	-0.0009765625
3	0	1	1	0	721931.4	-0.0009765625
3	0	2	1	0	722719.0823970038	-0.0009765625
3	0	3	1	0	722758.3322502284	-0.0009765625
3	0	4	1	0	723554.8748445469	-0.0009765625
3	0	5	1	0	724011.1664940657	-0.0009765625
3	0	6	1	0	722892.9415237298	-0.0009765625
3	0	7	1	0	722920.1165033043	-0.0009765625
3	0	8	1	0	723777.0441398427	-0.0009765625
3	0	9	1	0	723630.1164004274	-0.0009765625
3	0	10	1	0	722858.3883413017	-0.0009765625
3	0	11	1	0	722342.1673819743	-0.0009765625
3	0	12	1	0	722293.5393258428	-0.0009765625
3	0	13	1	0	721700.046728972	-0.0009765625
3	0	14	1	0	721809.5833333334	-0.0009765625
3	0	0	1	1	725228.7078651686	-0.0009765625
3	0	1	1	1	724580.2884615385	-0.0009765625
3	0	2	1	1	726253.1549815498	-0.0009765625
3	0	3	1	1	726038.1681622606	-0.0009765625
3	0	4	1	1	725747.021744187	-0.0009765625
3	0	5	1	1	726290.288117754	-0.0009765625
3	0	6	1	1	726264.2261324783	-0.0009765625
3	0	7	1	1	726437.2804226532	-0.0009765625
3	0	8	1	1	727108.6477957994	-0.0009765625
3	0	9	1	1	726631.6815718529	-0.0009765625
3	0	10	1	1	726678.4883786876	-0.0009765625
3	0	11	1	1	725142.974137931	-0.0009765625
3	0	12	1	1	725228.2954545454	-0.0009765625
3	0	13	1	1	724531.2962962963	-0.0009765625
3	0	14	1	1	724950.4054054054	-0.0009765625
3	0	0	1	2	-0.24215909090908996	1.0
3	0	1	1	2	-0.06414634146341383	1.0
3	0	2	1	2	0.24560000000000057	1.0
3	0	3	1	2	0.3286708392265685	1.0
3	0	4	1	2	-0.41853590218593	1.0
3	0	5	1	2	0.49668923432144496	1.0
3	0	6	1	2	-0.40218063666933357	1.0
3	0	7	1	2	0.25467534020673893	1.0
3	0	8	1	2	-0.29861963099265754	1.0
3	0	9	1	2	-0.10122489580446807	1.0
3	0	10	1	2	-0.10677777777777694	1.0
3	0	11	1	2	-0.29813953488372036	1.0
3	0	12	1	2	-0.8594444444444441	1.0
3	0	13	1	2	-0.11499999999999932	1.0
3	0	14	1	2	-0.3783333333333324	1.0
#BAC
4	0	0	0	0	100.54478758312526	11.208
4	0	1	0	0	86.09988055804685	10.463
4	0	2	0	0	85.02821305502121	9.015
4	0	3	0	0	74.5548903616752	10.424
4	0	4	0	0	205.70123726309149	10.278
4	0	0	1	0	1.000000e+00	-9.765625e-04
4	0	1	1	0	1.000000e+00	-9.765625e-04
4	0	2	1	0	1.000000e+00	-9.765625e-04
4	0	3	1	0	1.000000e+00	-9.765625e-04
4	0	4	1	0	711785.409114495	-0.0009765625
#HTOF
5	0	0	0	0	0.000000e+00	1.000000e+00
5	0	1	0	0	0.000000e+00	1.000000e+00
5	0	2	0	0	0.000000e+00	1.000000e+00
5	0	3	0	0	0.000000e+00	1.000000e+00
5	0	4	0	0	0.000000e+00	1.000000e+00
5	0	5	0	0	0.000000e+00	1.000000e+00
5	0	6	0	0	0.000000e+00	1.000000e+00
5	0	7	0	0	0.000000e+00	1.000000e+00
5	0	8	0	0	0.000000e+00	1.000000e+00
5	0	9	0	0	0.000000e+00	1.000000e+00
5	0	10	0	0	0.000000e+00	1.000000e+00
5	0	11	0	0	0.000000e+00	1.000000e+00
5	0	12	0	0	0.000000e+00	1.000000e+00
5	0	13	0	0	0.000000e+00	1.000000e+00
5	0	14	0	0	0.000000e+00	1.000000e+00
5	0	15	0	0	0.000000e+00	1.000000e+00
5	0	16	0	0	0.000000e+00	1.000000e+00
5	0	17	0	0	0.000000e+00	1.000000e+00
5	0	18	0	0	0.000000e+00	1.000000e+00
5	0	19	0	0	0.000000e+00	1.000000e+00
5	0	20	0	0	0.000000e+00	1.000000e+00
5	0	21	0	0	0.000000e+00	1.000000e+00
5	0	22	0	0	0.000000e+00	1.000000e+00
5	0	23	0	0	0.000000e+00	1.000000e+00
5	0	24	0	0	0.000000e+00	1.000000e+00
5	0	25	0	0	0.000000e+00	1.000000e+00
5	0	26	0	0	0.000000e+00	1.000000e+00
5	0	27	0	0	0.000000e+00	1.000000e+00
5	0	28	0	0	0.000000e+00	1.000000e+00
5	0	29	0	0	0.000000e+00	1.000000e+00
5	0	30	0	0	0.000000e+00	1.000000e+00
5	0	31	0	0	0.000000e+00	1.000000e+00
5	0	32	0	0	0.000000e+00	1.000000e+00
5	0	33	0	0	0.000000e+00	1.000000e+00
5	0	0	0	1	0.000000e+00	1.000000e+00
5	0	1	0	1	0.000000e+00	1.000000e+00
5	0	2	0	1	0.000000e+00	1.000000e+00
5	0	3	0	1	0.000000e+00	1.000000e+00
5	0	4	0	1	0.000000e+00	1.000000e+00
5	0	5	0	1	0.000000e+00	1.000000e+00
5	0	6	0	1	0.000000e+00	1.000000e+00
5	0	7	0	1	0.000000e+00	1.000000e+00
5	0	8	0	1	0.000000e+00	1.000000e+00
5	0	9	0	1	0.000000e+00	1.000000e+00
5	0	10	0	1	0.000000e+00	1.000000e+00
5	0	11	0	1	0.000000e+00	1.000000e+00
5	0	12	0	1	0.000000e+00	1.000000e+00
5	0	13	0	1	0.000000e+00	1.000000e+00
5	0	14	0	1	0.000000e+00	1.000000e+00
5	0	15	0	1	0.000000e+00	1.000000e+00
5	0	16	0	1	0.000000e+00	1.000000e+00
5	0	17	0	1	0.000000e+00	1.000000e+00
5	0	18	0	1	0.000000e+00	1.000000e+00
5	0	19	0	1	0.000000e+00	1.000000e+00
5	0	20	0	1	0.000000e+00	1.000000e+00
5	0	21	0	1	0.000000e+00	1.000000e+00
5	0	22	0	1	0.000000e+00	1.000000e+00
5	0	23	0	1	0.000000e+00	1.000000e+00
5	0	24	0	1	0.000000e+00	1.000000e+00
5	0	25	0	1	0.000000e+00	1.000000e+00
5	0	26	0	1	0.000000e+00	1.000000e+00
5	0	27	0	1	0.000000e+00	1.000000e+00
5	0	28	0	1	0.000000e+00	1.000000e+00
5	0	29	0	1	0.000000e+00	1.000000e+00
5	0	30	0	1	0.000000e+00	1.000000e+00
5	0	31	0	1	0.000000e+00	1.000000e+00
5	0	32	0	1	0.000000e+00	1.000000e+00
5	0	33	0	1	0.000000e+00	1.000000e+00
5	0	0	0	2	0.000000e+00	1.000000e+00
5	0	1	0	2	0.000000e+00	1.000000e+00
5	0	2	0	2	0.000000e+00	1.000000e+00
5	0	3	0	2	0.000000e+00	1.000000e+00
5	0	4	0	2	0.000000e+00	1.000000e+00
5	0	5	0	2	0.000000e+00	1.000000e+00
5	0	6	0	2	0.000000e+00	1.000000e+00
5	0	7	0	2	0.000000e+00	1.000000e+00
5	0	8	0	2	0.000000e+00	1.000000e+00
5	0	9	0	2	0.000000e+00	1.000000e+00
5	0	10	0	2	0.000000e+00	1.000000e+00
5	0	11	0	2	0.000000e+00	1.000000e+00
5	0	12	0	2	0.000000e+00	1.000000e+00
5	0	13	0	2	0.000000e+00	1.000000e+00
5	0	14	0	2	0.000000e+00	1.000000e+00
5	0	15	0	2	0.000000e+00	1.000000e+00
5	0	16	0	2	0.000000e+00	1.000000e+00
5	0	17	0	2	0.000000e+00	1.000000e+00
5	0	18	0	2	0.000000e+00	1.000000e+00
5	0	19	0	2	0.000000e+00	1.000000e+00
5	0	20	0	2	0.000000e+00	1.000000e+00
5	0	21	0	2	0.000000e+00	1.000000e+00
5	0	22	0	2	0.000000e+00	1.000000e+00
5	0	23	0	2	0.000000e+00	1.000000e+00
5	0	24	0	2	0.000000e+00	1.000000e+00
5	0	25	0	2	0.000000e+00	1.000000e+00
5	0	26	0	2	0.000000e+00	1.000000e+00
5	0	27	0	2	0.000000e+00	1.000000e+00
5	0	28	0	2	0.000000e+00	1.000000e+00
5	0	29	0	2	0.000000e+00	1.000000e+00
5	0	30	0	2	0.000000e+00	1.000000e+00
5	0	31	0	2	0.000000e+00	1.000000e+00
5	0	32	0	2	0.000000e+00	1.000000e+00
5	0	33	0	2	0.000000e+00	1.000000e+00
5	0	0	1	0	1.000000e+00	-9.765625e-04
5	0	1	1	0	1.000000e+00	-9.765625e-04
5	0	2	1	0	1.000000e+00	-9.765625e-04
5	0	3	1	0	1.000000e+00	-9.765625e-04
5	0	4	1	0	1.000000e+00	-9.765625e-04
5	0	5	1	0	1.000000e+00	-9.765625e-04
5	0	6	1	0	1.000000e+00	-9.765625e-04
5	0	7	1	0	1.000000e+00	-9.765625e-04
5	0	8	1	0	1.000000e+00	-9.765625e-04
5	0	9	1	0	1.000000e+00	-9.765625e-04
5	0	10	1	0	1.000000e+00	-9.765625e-04
5	0	11	1	0	1.000000e+00	-9.765625e-04
5	0	12	1	0	1.000000e+00	-9.765625e-04
5	0	13	1	0	1.000000e+00	-9.765625e-04
5	0	14	1	0	1.000000e+00	-9.765625e-04
5	0	15	1	0	1.000000e+00	-9.765625e-04
5	0	16	1	0	1.000000e+00	-9.765625e-04
5	0	17	1	0	1.000000e+00	-9.765625e-04
5	0	18	1	0	1.000000e+00	-9.765625e-04
5	0	19	1	0	1.000000e+00	-9.765625e-04
5	0	20	1	0	1.000000e+00	-9.765625e-04
5	0	21	1	0	1.000000e+00	-9.765625e-04
5	0	22	1	0	1.000000e+00	-9.765625e-04
5	0	23	1	0	1.000000e+00	-9.765625e-04
5	0	24	1	0	1.000000e+00	-9.765625e-04
5	0	25	1	0	1.000000e+00	-9.765625e-04
5	0	26	1	0	1.000000e+00	-9.765625e-04
5	0	27	1	0	1.000000e+00	-9.765625e-04
5	0	28	1	0	1.000000e+00	-9.765625e-04
5	0	29	1	0	1.000000e+00	-9.765625e-04
5	0	30	1	0	1.000000e+00	-9.765625e-04
5	0	31	1	0	1.000000e+00	-9.765625e-04
5	0	32	1	0	1.000000e+00	-9.765625e-04
5	0	33	1	0	1.000000e+00	-9.765625e-04
5	0	0	1	1	1.000000e+00	-9.765625e-04
5	0	1	1	1	1.000000e+00	-9.765625e-04
5	0	2	1	1	1.000000e+00	-9.765625e-04
5	0	3	1	1	1.000000e+00	-9.765625e-04
5	0	4	1	1	1.000000e+00	-9.765625e-04
5	0	5	1	1	1.000000e+00	-9.765625e-04
5	0	6	1	1	1.000000e+00	-9.765625e-04
5	0	7	1	1	1.000000e+00	-9.765625e-04
5	0	8	1	1	1.000000e+00	-9.765625e-04
5	0	9	1	1	1.000000e+00	-9.765625e-04
5	0	10	1	1	1.000000e+00	-9.765625e-04
5	0	11	1	1	1.000000e+00	-9.765625e-04
5	0	12	1	1	1.000000e+00	-9.765625e-04
5	0	13	1	1	1.000000e+00	-9.765625e-04
5	0	14	1	1	1.000000e+00	-9.765625e-04
5	0	15	1	1	1.000000e+00	-9.765625e-04
5	0	16	1	1	1.000000e+00	-9.765625e-04
5	0	17	1	1	1.000000e+00	-9.765625e-04
5	0	18	1	1	1.000000e+00	-9.765625e-04
5	0	19	1	1	1.000000e+00	-9.765625e-04
5	0	20	1	1	1.000000e+00	-9.765625e-04
5	0	21	1	1	1.000000e+00	-9.765625e-04
5	0	22	1	1	1.000000e+00	-9.765625e-04
5	0	23	1	1	1.000000e+00	-9.765625e-04
5	0	24	1	1	1.000000e+00	-9.765625e-04
5	0	25	1	1	1.000000e+00	-9.765625e-04
5	0	26	1	1	1.000000e+00	-9.765625e-04
5	0	27	1	1	1.000000e+00	-9.765625e-04
5	0	28	1	1	1.000000e+00	-9.765625e-04
5	0	29	1	1	1.000000e+00	-9.765625e-04
5	0	30	1	1	1.000000e+00	-9.765625e-04
5	0	31	1	1	1.000000e+00	-9.765625e-04
5	0	32	1	1	1.000000e+00	-9.765625e-04
5	0	33	1	1	1.000000e+00	-9.765625e-04
5	0	0	1	2	1.000000e+00	-9.765625e-04
5	0	1	1	2	1.000000e+00	-9.765625e-04
5	0	2	1	2	1.000000e+00	-9.765625e-04
5	0	3	1	2	1.000000e+00	-9.765625e-04
5	0	4	1	2	1.000000e+00	-9.765625e-04
5	0	5	1	2	1.000000e+00	-9.765625e-04
5	0	6	1	2	1.000000e+00	-9.765625e-04
5	0	7	1	2	1.000000e+00	-9.765625e-04
5	0	8	1	2	1.000000e+00	-9.765625e-04
5	0	9	1	2	1.000000e+00	-9.765625e-04
5	0	10	1	2	1.000000e+00	-9.765625e-04
5	0	11	1	2	1.000000e+00	-9.765625e-04
5	0	12	1	2	1.000000e+00	-9.765625e-04
5	0	13	1	2	1.000000e+00	-9.765625e-04
5	0	14	1	2	1.000000e+00	-9.765625e-04
5	0	15	1	2	1.000000e+00	-9.765625e-04
5	0	16	1	2	1.000000e+00	-9.765625e-04
5	0	17	1	2	1.000000e+00	-9.765625e-04
5	0	18	1	2	1.000000e+00	-9.765625e-04
5	0	19	1	2	1.000000e+00	-9.765625e-04
5	0	20	1	2	1.000000e+00	-9.765625e-04
5	0	21	1	2	1.000000e+00	-9.765625e-04
5	0	22	1	2	1.000000e+00	-9.765625e-04
5	0	23	1	2	1.000000e+00	-9.765625e-04
5	0	24	1	2	1.000000e+00	-9.765625e-04
5	0	25	1	2	1.000000e+00	-9.765625e-04
5	0	26	1	2	1.000000e+00	-9.765625e-04
5	0	27	1	2	1.000000e+00	-9.765625e-04
5	0	28	1	2	1.000000e+00	-9.765625e-04
5	0	29	1	2	1.000000e+00	-9.765625e-04
5	0	30	1	2	1.000000e+00	-9.765625e-04
5	0	31	1	2	1.000000e+00	-9.765625e-04
5	0	32	1	2	1.000000e+00	-9.765625e-04
5	0	33	1	2	1.000000e+00	-9.765625e-04
#KVC
6	0	0	0	0	123.23543182508257	9.405720e+00
6	0	1	0	0	99.65427722418175	9.293611e+00
6	0	2	0	0	101.99147354115794	9.794817e+00
6	0	3	0	0	118.04146418191499	8.935510e+00
6	0	4	0	0	115.5546878325867	9.405720e+00
6	0	5	0	0	126.91629472985423	9.293611e+00
6	0	6	0	0	102.29322913348926	9.794817e+00
6	0	7	0	0	120.6024748504257	8.935510e+00
6	0	0	0	1	140.31843045192886	8.864464e+00
6	0	1	0	1	113.96200241912656	1.002469e+01
6	0	2	0	1	143.6664678442704	9.032530e+00
6	0	3	0	1	89.13249542314868	8.566897e+00
6	0	4	0	1	97.80642209708924	8.864464e+00
6	0	5	0	1	120.08687702228205	1.002469e+01
6	0	6	0	1	104.11866418569909	9.032530e+00
6	0	7	0	1	113.33156116482864	8.566897e+00
6	0	0	0	2	102.97373261529873	9.281763e+00
6	0	1	0	2	108.22274342281968	9.597398e+00
6	0	2	0	2	111.94701699454568	9.604148e+00
6	0	3	0	2	97.40067589199937	9.156487e+00
6	0	4	0	2	91.58911606086151	9.281763e+00
6	0	5	0	2	106.71249599145762	9.597398e+00
6	0	6	0	2	111.10430019362319	9.604148e+00
6	0	7	0	2	114.12053961907759	9.156487e+00
6	0	0	0	3	109.7975261816436	9.215651e+00
6	0	1	0	3	134.37603092413315	9.984777e+00
6	0	2	0	3	112.08093005670545	9.305942e+00
6	0	3	0	3	101.57948383801596	9.693401e+00
6	0	4	0	3	100.8958917728945	9.215651e+00
6	0	5	0	3	122.42601946810773	9.984777e+00
6	0	6	0	3	88.67138622101822	9.305942e+00
6	0	7	0	3	125.95205604131137	9.693401e+00
6	0	0	0	4	169.0415677124939	9.192747e+00
6	0	1	0	4	160.21210287486232	9.755004e+00
6	0	2	0	4	132.32287238019478	9.437462e+00
6	0	3	0	4	134.86829767596467	9.100621e+00
6	0	4	0	4	183.38128315320162	9.192747e+00
6	0	5	0	4	88.60978602968392	9.755004e+00
6	0	6	0	4	101.33788044159282	9.437462e+00
6	0	7	0	4	254.86262397994065	9.100621e+00
6	0	0	1	4	692039.8097366415	-0.0009765625
6	0	1	1	4	693697.48207094	-0.0009765625
6	0	2	1	4	697039.6636507419	-0.0009765625
6	0	3	1	4	697681.9151360607	-0.0009765625
6	0	4	1	4	697328.704916286	-0.0009765625
6	0	5	1	4	697557.4365468106	-0.0009765625
6	0	6	1	4	695130.3424548355	-0.0009765625
6	0	7	1	4	693720.5811533066	-0.0009765625
#T1
7	0	0	0	0	262.25967437039935	368.94569073825016
7	0	0	1	0	701100.9093732642	-0.0009765625
#CVC
8	0	0	0	0	0.000000e+00	1.000000e+00
8	0	1	0	0	0.000000e+00	1.000000e+00
8	0	2	0	0	0.000000e+00	1.000000e+00
8	0	3	0	0	0.000000e+00	1.000000e+00
8	0	4	0	0	0.000000e+00	1.000000e+00
8	0	5	0	0	0.000000e+00	1.000000e+00
8	0	6	0	0	0.000000e+00	1.000000e+00
8	0	7	0	0	0.000000e+00	1.000000e+00
8	0	0	0	1	0.000000e+00	1.000000e+00
8	0	1	0	1	0.000000e+00	1.000000e+00
8	0	2	0	1	0.000000e+00	1.000000e+00
8	0	3	0	1	0.000000e+00	1.000000e+00
8	0	4	0	1	0.000000e+00	1.000000e+00
8	0	5	0	1	0.000000e+00	1.000000e+00
8	0	6	0	1	0.000000e+00	1.000000e+00
8	0	7	0	1	0.000000e+00	1.000000e+00
8	0	0	1	0	1.000000e+00	-9.765625e-04
8	0	1	1	0	1.000000e+00	-9.765625e-04
8	0	2	1	0	1.000000e+00	-9.765625e-04
8	0	3	1	0	1.000000e+00	-9.765625e-04
8	0	4	1	0	1.000000e+00	-9.765625e-04
8	0	5	1	0	1.000000e+00	-9.765625e-04
8	0	6	1	0	1.000000e+00	-9.765625e-04
8	0	7	1	0	1.000000e+00	-9.765625e-04
8	0	0	1	1	1.000000e+00	-9.765625e-04
8	0	1	1	1	1.000000e+00	-9.765625e-04
8	0	2	1	1	1.000000e+00	-9.765625e-04
8	0	3	1	1	1.000000e+00	-9.765625e-04
8	0	4	1	1	1.000000e+00	-9.765625e-04
8	0	5	1	1	1.000000e+00	-9.765625e-04
8	0	6	1	1	1.000000e+00	-9.765625e-04
8	0	7	1	1	1.000000e+00	-9.765625e-04
#SAC3
9	0	0	0	0	0.000000e+00	1.000000e+00
9	0	0	1	0	1.000000e+00	-9.765625e-04
#SFV
10	0	0	1	0	1.000000e+00	-9.765625e-04
#COBO
11	0	0	1	0	1.575e+06	-9.765625e-04
11	0	1	1	0	1.575e+06	-9.765625e-04
11	0	2	1	0	1.575e+06	-9.765625e-04
11	0	3	1	0	1.575e+06	-9.765625e-04
11	0	4	1	0	1.575e+06	-9.765625e-04
11	0	5	1	0	1.575e+06	-9.765625e-04
11	0	6	1	0	1.575e+06	-9.765625e-04
11	0	7	1	0	1.575e+06	-9.765625e-04
