#CId	PlId	SegId	UorD	Type	nParam	p0	p1	p2
#BHT
1	0	0	0	1	3	9.361030705424673	-0.7259507698425064	6.052776381909171
1	0	1	0	1	3	9.361030705424673	-0.7259507698425064	6.052776381909171
1	0	2	0	1	3	9.361030705424673	-0.7259507698425064	6.052776381909171
1	0	3	0	1	3	9.361030705424673	-0.7259507698425064	6.052776381909171
1	0	4	0	1	3	9.361030705424673	-0.7259507698425064	6.052776381909171
1	0	5	0	1	3	9.361030705424673	-0.7259507698425064	6.052776381909171
1	0	6	0	1	3	9.361030705424673	-0.7259507698425064	6.052776381909171
1	0	7	0	1	3	9.361030705424673	-0.7259507698425064	6.052776381909171
1	0	8	0	1	3	9.361030705424673	-0.7259507698425064	6.052776381909171
1	0	9	0	1	3	9.361030705424673	-0.7259507698425064	6.052776381909171
1	0	10	0	1	3	9.361030705424673	-0.7259507698425064	6.052776381909171
1	0	11	0	1	3	9.361030705424673	-0.7259507698425064	6.052776381909171
1	0	12	0	1	3	9.361030705424673	-0.7259507698425064	6.052776381909171
1	0	13	0	1	3	9.361030705424673	-0.7259507698425064	6.052776381909171
1	0	14	0	1	3	0.17581588410061427	0.6749999973789587	-0.4359720017582642
1	0	15	0	1	3	0.6568790107771831	0.47499999996834763	0.15868208911258774
1	0	16	0	1	3	13.422948405430862	-1.0215582090207467	8.684647411869667
1	0	17	0	1	3	3.3595941726975354	0.009895927211496236	2.6046611320129784
1	0	18	0	1	3	14.25869890078754	-1.3828755952156064	8.473093086238384
1	0	19	0	1	3	2.07798016871687	0.2938689872642444	1.7122375962817027
1	0	20	0	1	3	14.931206472635557	-1.5233952533773483	8.631695356375232
1	0	21	0	1	3	14.999999884297315	-1.4106372302607837	8.872195063503014
1	0	22	0	1	3	3.4872440004618284	-3.386472122672202	1.8898031342298975
1	0	23	0	1	3	7.753635333766632	-0.416028181554716	5.787190740655241
1	0	24	0	1	3	14.991230217445707	-1.3592680937355568	9.006097205643899
1	0	25	0	1	3	1.6260142056418354	0.5211159980316022	1.5840800920577487
1	0	26	0	1	3	14.992789556745796	-1.1345808784130562	9.488110491427992
1	0	27	0	1	3	6.819032511883582	-0.2908743976557657	5.255787235201231
1	0	28	0	1	3	7.700778780763666	-0.3529693054475178	5.880187261112907
1	0	29	0	1	3	7.593266442758389	-0.4285901935480432	5.581800105669413
1	0	30	0	1	3	14.99999999984596	-0.9835347337483995	9.904785220955851
1	0	31	0	1	3	8.314231227455565	-0.5502915467317768	5.97407527086603
1	0	32	0	1	3	1.6329431810057529	0.3179212319866842	1.2547408320813682
1	0	33	0	1	3	14.999999750512865	-1.0697656791314878	9.70574471898788
1	0	34	0	1	3	14.999999998327393	-1.1241498856548655	9.556578491950646
1	0	35	0	1	3	6.090913359115646	-0.19518422883930153	4.815896073186122
1	0	36	0	1	3	14.835718455060999	-1.1585952129886712	9.335126449004795
1	0	37	0	1	3	3.7296592649075206	0.21238039901012407	3.472114616079197
1	0	38	0	1	3	14.936373428297562	-1.337385343330098	9.063504234833461
1	0	39	0	1	3	4.837610770630181	-0.04783455599664954	3.9812655117238567
1	0	40	0	1	3	14.999999526188779	-1.2681427906705487	9.242506410577164
1	0	41	0	1	3	14.891019964548901	-1.3497348766833217	9.037616676144951
1	0	42	0	1	3	14.999999933649109	-1.2020959509069713	9.386974447626613
1	0	43	0	1	3	1.9101292486334618	0.3191364056762822	1.6113237002225542
1	0	44	0	1	3	14.879936362371598	-1.2557429501676474	9.204438563570298
1	0	45	0	1	3	14.85454870631432	-1.3959763016030515	8.897757766966453
1	0	46	0	1	3	14.999999413709102	-1.6292375127106284	8.581848069130181
1	0	47	0	1	3	3.0542285416699455	-0.03824561365398704	2.337311948155621
1	0	48	0	1	3	3.979394448935867	-0.14838212309408227	3.0394261048612377
1	0	49	0	1	3	14.994938126591936	-2.14822848335978	7.771584641011362
1	0	50	0	1	3	7.106222015634314	-0.7845625512798566	4.652657105183579
1	0	51	0	1	3	6.824187133819887	-0.016108399090515313	6.003929659795636
1	0	52	0	1	3	9.361030705424673	-0.7259507698425064	6.052776381909171
1	0	53	0	1	3	9.361030705424673	-0.7259507698425064	6.052776381909171
1	0	54	0	1	3	9.361030705424673	-0.7259507698425064	6.052776381909171
1	0	55	0	1	3	9.361030705424673	-0.7259507698425064	6.052776381909171
1	0	56	0	1	3	9.361030705424673	-0.7259507698425064	6.052776381909171
1	0	57	0	1	3	9.361030705424673	-0.7259507698425064	6.052776381909171
1	0	58	0	1	3	9.361030705424673	-0.7259507698425064	6.052776381909171
1	0	59	0	1	3	9.361030705424673	-0.7259507698425064	6.052776381909171
1	0	60	0	1	3	9.361030705424673	-0.7259507698425064	6.052776381909171
1	0	61	0	1	3	9.361030705424673	-0.7259507698425064	6.052776381909171
1	0	62	0	1	3	9.361030705424673	-0.7259507698425064	6.052776381909171
1	0	0	1	1	3	11.477356930168389	-0.7843957722863135	7.5344704160025255
1	0	1	1	1	3	11.477356930168389	-0.7843957722863135	7.5344704160025255
1	0	2	1	1	3	11.477356930168389	-0.7843957722863135	7.5344704160025255
1	0	3	1	1	3	11.477356930168389	-0.7843957722863135	7.5344704160025255
1	0	4	1	1	3	11.477356930168389	-0.7843957722863135	7.5344704160025255
1	0	5	1	1	3	11.477356930168389	-0.7843957722863135	7.5344704160025255
1	0	6	1	1	3	11.477356930168389	-0.7843957722863135	7.5344704160025255
1	0	7	1	1	3	11.477356930168389	-0.7843957722863135	7.5344704160025255
1	0	8	1	1	3	11.477356930168389	-0.7843957722863135	7.5344704160025255
1	0	9	1	1	3	11.477356930168389	-0.7843957722863135	7.5344704160025255
1	0	10	1	1	3	11.477356930168389	-0.7843957722863135	7.5344704160025255
1	0	11	1	1	3	11.477356930168389	-0.7843957722863135	7.5344704160025255
1	0	12	1	1	3	11.477356930168389	-0.7843957722863135	7.5344704160025255
1	0	13	1	1	3	11.477356930168389	-0.7843957722863135	7.5344704160025255
1	0	14	1	1	3	0.9302613682915318	0.45894950731694983	0.6295788101408555
1	0	15	1	1	3	3.95892161790611	-0.22532288072541906	2.870282348324627
1	0	16	1	1	3	14.999999757883574	-1.57075935919584	8.593222269462682
1	0	17	1	1	3	14.731785450687108	-0.8649134605026694	9.999999882383799
1	0	18	1	1	3	5.517737786293224	0.09023526540546722	5.006243931523855
1	0	19	1	1	3	8.548671292780577	-0.6123583231719083	5.965791155776794
1	0	20	1	1	3	14.99999999488484	-0.9919524313320407	9.870790112204832
1	0	21	1	1	3	14.995253195258053	-0.9294693477944005	9.999930766472998
1	0	22	1	1	3	2.5753990009956897	0.38584008596936936	2.4944549294131555
1	0	23	1	1	3	14.999999448681073	-1.005188069334042	9.837588232469088
1	0	24	1	1	3	14.994531147708818	-1.1448687597537268	9.481980377938992
1	0	25	1	1	3	14.400149077504915	-1.1573510917362446	9.007227828494802
1	0	26	1	1	3	14.999999949043527	-1.5974891624996697	8.545156599835497
1	0	27	1	1	3	14.998086850769306	-0.96852786715852	9.903763214017413
1	0	28	1	1	3	14.987560640095111	-1.1858335779738067	9.384337349612224
1	0	29	1	1	3	3.8552376600823233	0.1937549172577233	3.531371427558894
1	0	30	1	1	3	14.991851087896466	-1.145647467962534	9.47999899581713
1	0	31	1	1	3	14.99369449436682	-1.014606059242269	9.838924308280339
1	0	32	1	1	3	7.008486233148572	-0.2767316050553781	5.441606882462688
1	0	33	1	1	3	14.959343857048603	-1.2796189630353516	9.175129388033502
1	0	34	1	1	3	13.624795175485364	-1.1188908879467476	8.597368808700056
1	0	35	1	1	3	14.99999999998003	-1.0928509038998793	9.62532058130557
1	0	36	1	1	3	5.788725423733691	-0.352878899886111	4.230096068230118
1	0	37	1	1	3	14.979971158219106	-0.9522873399712699	9.999968373723307
1	0	38	1	1	3	11.672552969093903	-0.9154541243185381	7.704559596659696
1	0	39	1	1	3	14.850826694382247	-0.9138441640375357	9.999999953545757
1	0	40	1	1	3	7.165462012387189	-0.3866647798760692	5.344699686030568
1	0	41	1	1	3	14.99999999981846	-0.997968870376793	9.902490913215276
1	0	42	1	1	3	7.34541789746753	-0.37836221178770124	5.508624203774672
1	0	43	1	1	3	14.999999592421362	-1.097545835183225	9.632318238220321
1	0	44	1	1	3	14.999999601196182	-1.124219065056888	9.583357864697104
1	0	45	1	1	3	14.622246139285634	-0.9812125975825916	9.672104731916617
1	0	46	1	1	3	14.97057911876044	-1.1580671839639751	9.501019577127098
1	0	47	1	1	3	14.929481657903011	-1.1606023719972467	9.454721125807875
1	0	48	1	1	3	9.695118486059958	-1.1137423796120602	5.972172751105422
1	0	49	1	1	3	14.999999799961719	-1.5260465224474054	8.744371414880753
1	0	50	1	1	3	4.0846402896392515	-0.03617897986764085	3.3172417684001996
1	0	51	1	1	3	0.9627774192774553	0.34163642145607653	0.4620613405314036
1	0	52	1	1	3	11.477356930168389	-0.7843957722863135	7.5344704160025255
1	0	53	1	1	3	11.477356930168389	-0.7843957722863135	7.5344704160025255
1	0	54	1	1	3	11.477356930168389	-0.7843957722863135	7.5344704160025255
1	0	55	1	1	3	11.477356930168389	-0.7843957722863135	7.5344704160025255
1	0	56	1	1	3	11.477356930168389	-0.7843957722863135	7.5344704160025255
1	0	57	1	1	3	11.477356930168389	-0.7843957722863135	7.5344704160025255
1	0	58	1	1	3	11.477356930168389	-0.7843957722863135	7.5344704160025255
1	0	59	1	1	3	11.477356930168389	-0.7843957722863135	7.5344704160025255
1	0	60	1	1	3	11.477356930168389	-0.7843957722863135	7.5344704160025255
1	0	61	1	1	3	11.477356930168389	-0.7843957722863135	7.5344704160025255
1	0	62	1	1	3	11.477356930168389	-0.7843957722863135	7.5344704160025255
#BH2
3	0	0	0	1	3	3.4833270769018267	-0.8002464691259552	1.7328149904799153
3	0	1	0	1	3	3.4833270769018267	-0.8002464691259552	1.7328149904799153
3	0	2	0	1	3	5.619199747579669	-1.9503276998378136	2.584042051780713
3	0	3	0	1	3	2.245322402346003	-0.30116872471554323	1.1675650045784272
3	0	4	0	1	3	3.501650700657212	-0.7538707126573261	1.7915864646043937
3	0	5	0	1	3	2.8856891958756496	-0.550604330040442	1.4997136729306897
3	0	6	0	1	3	4.856677298176654	-1.1478488127475552	2.388182990431745
3	0	7	0	1	3	2.659418675337318	-0.47966444833432664	1.3594241812801648
3	0	8	0	1	3	3.327696845789975	-0.7086458962228761	1.6665186735588131
3	0	9	0	1	3	2.7709617494521317	-0.5098411284517583	1.4054868846743758
3	0	10	0	1	3	3.4833270769018267	-0.8002464691259552	1.7328149904799153
3	0	11	0	1	3	3.4833270769018267	-0.8002464691259552	1.7328149904799153
3	0	12	0	1	3	3.4833270769018267	-0.8002464691259552	1.7328149904799153
3	0	13	0	1	3	3.4833270769018267	-0.8002464691259552	1.7328149904799153
3	0	14	0	1	3	3.4833270769018267	-0.8002464691259552	1.7328149904799153
3	0	0	1	1	3	2.7637854175747427	-0.6884791945137312	1.3401153321350097
3	0	1	1	1	3	2.7637854175747427	-0.6884791945137312	1.3401153321350097
3	0	2	1	1	3	3.7371247775194036	-2.025658640469502	1.756841251383098
3	0	3	1	1	3	2.216528946261499	-0.3264963687360751	1.1271357613807802
3	0	4	1	1	3	2.6356157130867373	-0.5206830815981993	1.2905025972538344
3	0	5	1	1	3	4.267687354097428	-1.1357451750384056	2.111188852763769
3	0	6	1	1	3	2.1465393799265433	-0.3229972500186227	0.973385070328942
3	0	7	1	1	3	1.8436126560142225	-0.27774078302375926	0.8298627034911554
3	0	8	1	1	3	3.053495079965205	-0.5812363905297113	1.552829286015271
3	0	9	1	1	3	2.209679433726902	-0.3172758666955744	1.0791771344632264
3	0	10	1	1	3	2.7637854175747427	-0.6884791945137312	1.3401153321350097
3	0	11	1	1	3	2.7637854175747427	-0.6884791945137312	1.3401153321350097
3	0	12	1	1	3	2.7637854175747427	-0.6884791945137312	1.3401153321350097
3	0	13	1	1	3	2.7637854175747427	-0.6884791945137312	1.3401153321350097
3	0	14	1	1	3	2.7637854175747427	-0.6884791945137312	1.3401153321350097
#HTOF
5	0	0	0	1	3	0.000000e+00	0.000000e+00	0.000000e+00
5	0	1	0	1	3	0.000000e+00	0.000000e+00	0.000000e+00
5	0	2	0	1	3	0.000000e+00	0.000000e+00	0.000000e+00
5	0	3	0	1	3	0.000000e+00	0.000000e+00	0.000000e+00
5	0	4	0	1	3	0.000000e+00	0.000000e+00	0.000000e+00
5	0	5	0	1	3	0.000000e+00	0.000000e+00	0.000000e+00
5	0	6	0	1	3	0.000000e+00	0.000000e+00	0.000000e+00
5	0	7	0	1	3	0.000000e+00	0.000000e+00	0.000000e+00
5	0	8	0	1	3	0.000000e+00	0.000000e+00	0.000000e+00
5	0	9	0	1	3	0.000000e+00	0.000000e+00	0.000000e+00
5	0	10	0	1	3	0.000000e+00	0.000000e+00	0.000000e+00
5	0	11	0	1	3	0.000000e+00	0.000000e+00	0.000000e+00
5	0	12	0	1	3	0.000000e+00	0.000000e+00	0.000000e+00
5	0	13	0	1	3	0.000000e+00	0.000000e+00	0.000000e+00
5	0	14	0	1	3	0.000000e+00	0.000000e+00	0.000000e+00
5	0	15	0	1	3	0.000000e+00	0.000000e+00	0.000000e+00
5	0	16	0	1	3	0.000000e+00	0.000000e+00	0.000000e+00
5	0	17	0	1	3	0.000000e+00	0.000000e+00	0.000000e+00
5	0	18	0	1	3	0.000000e+00	0.000000e+00	0.000000e+00
5	0	19	0	1	3	0.000000e+00	0.000000e+00	0.000000e+00
5	0	20	0	1	3	0.000000e+00	0.000000e+00	0.000000e+00
5	0	21	0	1	3	0.000000e+00	0.000000e+00	0.000000e+00
5	0	22	0	1	3	0.000000e+00	0.000000e+00	0.000000e+00
5	0	23	0	1	3	0.000000e+00	0.000000e+00	0.000000e+00
5	0	24	0	1	3	0.000000e+00	0.000000e+00	0.000000e+00
5	0	25	0	1	3	0.000000e+00	0.000000e+00	0.000000e+00
5	0	26	0	1	3	0.000000e+00	0.000000e+00	0.000000e+00
5	0	27	0	1	3	0.000000e+00	0.000000e+00	0.000000e+00
5	0	28	0	1	3	0.000000e+00	0.000000e+00	0.000000e+00
5	0	29	0	1	3	0.000000e+00	0.000000e+00	0.000000e+00
5	0	30	0	1	3	0.000000e+00	0.000000e+00	0.000000e+00
5	0	31	0	1	3	0.000000e+00	0.000000e+00	0.000000e+00
5	0	32	0	1	3	0.000000e+00	0.000000e+00	0.000000e+00
5	0	33	0	1	3	0.000000e+00	0.000000e+00	0.000000e+00
5	0	0	1	1	3	0.000000e+00	0.000000e+00	0.000000e+00
5	0	1	1	1	3	0.000000e+00	0.000000e+00	0.000000e+00
5	0	2	1	1	3	0.000000e+00	0.000000e+00	0.000000e+00
5	0	3	1	1	3	0.000000e+00	0.000000e+00	0.000000e+00
5	0	4	1	1	3	0.000000e+00	0.000000e+00	0.000000e+00
5	0	5	1	1	3	0.000000e+00	0.000000e+00	0.000000e+00
5	0	6	1	1	3	0.000000e+00	0.000000e+00	0.000000e+00
5	0	7	1	1	3	0.000000e+00	0.000000e+00	0.000000e+00
5	0	8	1	1	3	0.000000e+00	0.000000e+00	0.000000e+00
5	0	9	1	1	3	0.000000e+00	0.000000e+00	0.000000e+00
5	0	10	1	1	3	0.000000e+00	0.000000e+00	0.000000e+00
5	0	11	1	1	3	0.000000e+00	0.000000e+00	0.000000e+00
5	0	12	1	1	3	0.000000e+00	0.000000e+00	0.000000e+00
5	0	13	1	1	3	0.000000e+00	0.000000e+00	0.000000e+00
5	0	14	1	1	3	0.000000e+00	0.000000e+00	0.000000e+00
5	0	15	1	1	3	0.000000e+00	0.000000e+00	0.000000e+00
5	0	16	1	1	3	0.000000e+00	0.000000e+00	0.000000e+00
5	0	17	1	1	3	0.000000e+00	0.000000e+00	0.000000e+00
5	0	18	1	1	3	0.000000e+00	0.000000e+00	0.000000e+00
5	0	19	1	1	3	0.000000e+00	0.000000e+00	0.000000e+00
5	0	20	1	1	3	0.000000e+00	0.000000e+00	0.000000e+00
5	0	21	1	1	3	0.000000e+00	0.000000e+00	0.000000e+00
5	0	22	1	1	3	0.000000e+00	0.000000e+00	0.000000e+00
5	0	23	1	1	3	0.000000e+00	0.000000e+00	0.000000e+00
5	0	24	1	1	3	0.000000e+00	0.000000e+00	0.000000e+00
5	0	25	1	1	3	0.000000e+00	0.000000e+00	0.000000e+00
5	0	26	1	1	3	0.000000e+00	0.000000e+00	0.000000e+00
5	0	27	1	1	3	0.000000e+00	0.000000e+00	0.000000e+00
5	0	28	1	1	3	0.000000e+00	0.000000e+00	0.000000e+00
5	0	29	1	1	3	0.000000e+00	0.000000e+00	0.000000e+00
5	0	30	1	1	3	0.000000e+00	0.000000e+00	0.000000e+00
5	0	31	1	1	3	0.000000e+00	0.000000e+00	0.000000e+00
5	0	32	1	1	3	0.000000e+00	0.000000e+00	0.000000e+00
5	0	33	1	1	3	0.000000e+00	0.000000e+00	0.000000e+00
#T1
7	0	0	0	1	3	3.316031055964406	-0.6654068231811952	1.9199197853593368
#CVC
8	0	0	0	1	3	0.000000e+00	0.000000e+00	0.000000e+00
8	0	1	0	1	3	0.000000e+00	0.000000e+00	0.000000e+00
8	0	2	0	1	3	0.000000e+00	0.000000e+00	0.000000e+00
8	0	3	0	1	3	0.000000e+00	0.000000e+00	0.000000e+00
8	0	4	0	1	3	0.000000e+00	0.000000e+00	0.000000e+00
8	0	5	0	1	3	0.000000e+00	0.000000e+00	0.000000e+00
8	0	6	0	1	3	0.000000e+00	0.000000e+00	0.000000e+00
8	0	7	0	1	3	0.000000e+00	0.000000e+00	0.000000e+00
8	0	0	1	1	3	0.000000e+00	0.000000e+00	0.000000e+00
8	0	1	1	1	3	0.000000e+00	0.000000e+00	0.000000e+00
8	0	2	1	1	3	0.000000e+00	0.000000e+00	0.000000e+00
8	0	3	1	1	3	0.000000e+00	0.000000e+00	0.000000e+00
8	0	4	1	1	3	0.000000e+00	0.000000e+00	0.000000e+00
8	0	5	1	1	3	0.000000e+00	0.000000e+00	0.000000e+00
8	0	6	1	1	3	0.000000e+00	0.000000e+00	0.000000e+00
8	0	7	1	1	3	0.000000e+00	0.000000e+00	0.000000e+00
#COBO
11	0	0	0	0	3	0.000000e+00	0.000000e+00	0.000000e+00
11	0	1	0	0	3	0.000000e+00	0.000000e+00	0.000000e+00
11	0	2	0	0	3	0.000000e+00	0.000000e+00	0.000000e+00
11	0	3	0	0	3	0.000000e+00	0.000000e+00	0.000000e+00
11	0	4	0	0	3	0.000000e+00	0.000000e+00	0.000000e+00
11	0	5	0	0	3	0.000000e+00	0.000000e+00	0.000000e+00
11	0	6	0	0	3	0.000000e+00	0.000000e+00	0.000000e+00
11	0	7	0	0	3	0.000000e+00	0.000000e+00	0.000000e+00
