#CId	PlId	SegId	UorD	Type	nParam	p0	p1	p2
#BHT
1	0	0	0	1	3	7.467231652544079	-0.43008256519937615	6.008504854599312
1	0	1	0	1	3	7.467231652544079	-0.43008256519937615	6.008504854599312
1	0	2	0	1	3	7.467231652544079	-0.43008256519937615	6.008504854599312
1	0	3	0	1	3	7.467231652544079	-0.43008256519937615	6.008504854599312
1	0	4	0	1	3	7.467231652544079	-0.43008256519937615	6.008504854599312
1	0	5	0	1	3	7.467231652544079	-0.43008256519937615	6.008504854599312
1	0	6	0	1	3	7.467231652544079	-0.43008256519937615	6.008504854599312
1	0	7	0	1	3	7.467231652544079	-0.43008256519937615	6.008504854599312
1	0	8	0	1	3	7.467231652544079	-0.43008256519937615	6.008504854599312
1	0	9	0	1	3	7.467231652544079	-0.43008256519937615	6.008504854599312
1	0	10	0	1	3	7.467231652544079	-0.43008256519937615	6.008504854599312
1	0	11	0	1	3	7.467231652544079	-0.43008256519937615	6.008504854599312
1	0	12	0	1	3	7.467231652544079	-0.43008256519937615	6.008504854599312
1	0	13	0	1	3	7.467231652544079	-0.43008256519937615	6.008504854599312
1	0	14	0	1	3	7.467231652544079	-0.43008256519937615	6.008504854599312
1	0	15	0	1	3	7.467231652544079	-0.43008256519937615	6.008504854599312
1	0	16	0	1	3	7.467231652544079	-0.43008256519937615	6.008504854599312
1	0	17	0	1	3	7.467231652544079	-0.43008256519937615	6.008504854599312
1	0	18	0	1	3	13.025598041112598	-0.8831649844734883	9.999999303478287
1	0	19	0	1	3	12.178049419374368	-0.6054713282953363	9.99999971777233
1	0	20	0	1	3	13.62141473430901	-1.0013910952250007	9.999999999858485
1	0	21	0	1	3	3.6860828808735238	-1.910849188091973	1.7922580144987377
1	0	22	0	1	3	5.414505460463472	-0.1732640704130688	5.043341390234774
1	0	23	0	1	3	9.833914805131066	-0.6678672525726475	7.617190079852119
1	0	24	0	1	3	4.79719469953367	-0.06957163298244406	4.605510255144094
1	0	25	0	1	3	3.519749486313442	0.17846731824599704	3.8627482477328687
1	0	26	0	1	3	4.417986113307585	-0.05539655802255439	4.272865462641423
1	0	27	0	1	3	1.9997823648846857	0.31591161565495085	2.4100537690439032
1	0	28	0	1	3	2.14851044157066	0.39040598028260654	2.724662792186708
1	0	29	0	1	3	1.6839030387769824	0.3819414225172544	2.111159033499646
1	0	30	0	1	3	4.319321158012369	-0.023278880971711047	4.2409968104372755
1	0	31	0	1	3	3.1044997948887696	0.1457369678094409	3.349397666686256
1	0	32	0	1	3	2.6130856446437685	0.2593961894288137	3.0192314037053105
1	0	33	0	1	3	8.319348156754382	-0.5491665616341921	6.713375708900267
1	0	34	0	1	3	14.614286609175549	-1.178442999341902	9.999999987998631
1	0	35	0	1	3	4.401164799159935	-0.033900310008112555	4.544740979490137
1	0	36	0	1	3	14.442752347040114	-1.1595556248107761	9.999999997424247
1	0	37	0	1	3	14.999999999933138	-1.4025638860737284	9.871071391621596
1	0	38	0	1	3	13.670714708166573	-0.989708990209027	9.99999993437844
1	0	39	0	1	3	7.467231652544079	-0.43008256519937615	6.008504854599312
1	0	40	0	1	3	7.467231652544079	-0.43008256519937615	6.008504854599312
1	0	41	0	1	3	7.467231652544079	-0.43008256519937615	6.008504854599312
1	0	42	0	1	3	7.467231652544079	-0.43008256519937615	6.008504854599312
1	0	43	0	1	3	7.467231652544079	-0.43008256519937615	6.008504854599312
1	0	44	0	1	3	7.467231652544079	-0.43008256519937615	6.008504854599312
1	0	45	0	1	3	7.467231652544079	-0.43008256519937615	6.008504854599312
1	0	46	0	1	3	7.467231652544079	-0.43008256519937615	6.008504854599312
1	0	47	0	1	3	7.467231652544079	-0.43008256519937615	6.008504854599312
1	0	48	0	1	3	7.467231652544079	-0.43008256519937615	6.008504854599312
1	0	49	0	1	3	7.467231652544079	-0.43008256519937615	6.008504854599312
1	0	50	0	1	3	7.467231652544079	-0.43008256519937615	6.008504854599312
1	0	51	0	1	3	7.467231652544079	-0.43008256519937615	6.008504854599312
1	0	52	0	1	3	7.467231652544079	-0.43008256519937615	6.008504854599312
1	0	53	0	1	3	7.467231652544079	-0.43008256519937615	6.008504854599312
1	0	54	0	1	3	7.467231652544079	-0.43008256519937615	6.008504854599312
1	0	55	0	1	3	7.467231652544079	-0.43008256519937615	6.008504854599312
1	0	56	0	1	3	7.467231652544079	-0.43008256519937615	6.008504854599312
1	0	57	0	1	3	7.467231652544079	-0.43008256519937615	6.008504854599312
1	0	58	0	1	3	7.467231652544079	-0.43008256519937615	6.008504854599312
1	0	59	0	1	3	7.467231652544079	-0.43008256519937615	6.008504854599312
1	0	60	0	1	3	7.467231652544079	-0.43008256519937615	6.008504854599312
1	0	61	0	1	3	7.467231652544079	-0.43008256519937615	6.008504854599312
1	0	62	0	1	3	7.467231652544079	-0.43008256519937615	6.008504854599312
1	0	0	1	1	3	7.166932996911911	-0.28949317959092136	5.920064606706552
1	0	1	1	1	3	7.166932996911911	-0.28949317959092136	5.920064606706552
1	0	2	1	1	3	7.166932996911911	-0.28949317959092136	5.920064606706552
1	0	3	1	1	3	7.166932996911911	-0.28949317959092136	5.920064606706552
1	0	4	1	1	3	7.166932996911911	-0.28949317959092136	5.920064606706552
1	0	5	1	1	3	7.166932996911911	-0.28949317959092136	5.920064606706552
1	0	6	1	1	3	7.166932996911911	-0.28949317959092136	5.920064606706552
1	0	7	1	1	3	7.166932996911911	-0.28949317959092136	5.920064606706552
1	0	8	1	1	3	7.166932996911911	-0.28949317959092136	5.920064606706552
1	0	9	1	1	3	7.166932996911911	-0.28949317959092136	5.920064606706552
1	0	10	1	1	3	7.166932996911911	-0.28949317959092136	5.920064606706552
1	0	11	1	1	3	7.166932996911911	-0.28949317959092136	5.920064606706552
1	0	12	1	1	3	7.166932996911911	-0.28949317959092136	5.920064606706552
1	0	13	1	1	3	7.166932996911911	-0.28949317959092136	5.920064606706552
1	0	14	1	1	3	7.166932996911911	-0.28949317959092136	5.920064606706552
1	0	15	1	1	3	7.166932996911911	-0.28949317959092136	5.920064606706552
1	0	16	1	1	3	7.166932996911911	-0.28949317959092136	5.920064606706552
1	0	17	1	1	3	7.166932996911911	-0.28949317959092136	5.920064606706552
1	0	18	1	1	3	13.771120689258424	-1.086257541179834	9.999999901591632
1	0	19	1	1	3	13.121804029073065	-0.8525696688010393	9.999998835147013
1	0	20	1	1	3	13.103597780967146	-0.811104609789087	9.99999997133213
1	0	21	1	1	3	13.682368120212203	-0.8952738859954481	9.999999998618561
1	0	22	1	1	3	6.773465207441231	-0.35186339527325483	5.86395979805135
1	0	23	1	1	3	11.910834449966726	-0.7855800972578839	8.917005151935632
1	0	24	1	1	3	6.2264471186155	-0.23574630402906482	5.574794663844692
1	0	25	1	1	3	3.4389003115890424	0.10309326187147061	3.6006135906307515
1	0	26	1	1	3	3.6184372255318147	0.10558894887671944	3.7941931192676
1	0	27	1	1	3	2.8275441357090196	0.14841978763421437	3.0398919602011922
1	0	28	1	1	3	4.979693733107825	-0.11827027603492013	4.691434463497654
1	0	29	1	1	3	2.842557710353566	0.19064880790395744	3.1317199836782885
1	0	30	1	1	3	3.1646306390596637	0.12456724808454922	3.3413133698217043
1	0	31	1	1	3	5.206720649764701	-0.051078028613944504	5.069154285599423
1	0	32	1	1	3	3.927330982964492	-0.09408724160108672	3.738757804347374
1	0	33	1	1	3	14.272550326972462	-1.2237412147678755	9.593190103771853
1	0	34	1	1	3	5.69701710850189	-0.25434892655709973	5.171392560748472
1	0	35	1	1	3	6.393005974219361	-0.39137906065005446	5.657272791176865
1	0	36	1	1	3	14.121330556122611	-1.0623565249322189	9.999999791743868
1	0	37	1	1	3	1.1131940208601658	0.5869819497025581	1.9680269183961983
1	0	38	1	1	3	0.31304216485923114	0.8749999999999947	1.1686376774353326
1	0	39	1	1	3	7.166932996911911	-0.28949317959092136	5.920064606706552
1	0	40	1	1	3	7.166932996911911	-0.28949317959092136	5.920064606706552
1	0	41	1	1	3	7.166932996911911	-0.28949317959092136	5.920064606706552
1	0	42	1	1	3	7.166932996911911	-0.28949317959092136	5.920064606706552
1	0	43	1	1	3	7.166932996911911	-0.28949317959092136	5.920064606706552
1	0	44	1	1	3	7.166932996911911	-0.28949317959092136	5.920064606706552
1	0	45	1	1	3	7.166932996911911	-0.28949317959092136	5.920064606706552
1	0	46	1	1	3	7.166932996911911	-0.28949317959092136	5.920064606706552
1	0	47	1	1	3	7.166932996911911	-0.28949317959092136	5.920064606706552
1	0	48	1	1	3	7.166932996911911	-0.28949317959092136	5.920064606706552
1	0	49	1	1	3	7.166932996911911	-0.28949317959092136	5.920064606706552
1	0	50	1	1	3	7.166932996911911	-0.28949317959092136	5.920064606706552
1	0	51	1	1	3	7.166932996911911	-0.28949317959092136	5.920064606706552
1	0	52	1	1	3	7.166932996911911	-0.28949317959092136	5.920064606706552
1	0	53	1	1	3	7.166932996911911	-0.28949317959092136	5.920064606706552
1	0	54	1	1	3	7.166932996911911	-0.28949317959092136	5.920064606706552
1	0	55	1	1	3	7.166932996911911	-0.28949317959092136	5.920064606706552
1	0	56	1	1	3	7.166932996911911	-0.28949317959092136	5.920064606706552
1	0	57	1	1	3	7.166932996911911	-0.28949317959092136	5.920064606706552
1	0	58	1	1	3	7.166932996911911	-0.28949317959092136	5.920064606706552
1	0	59	1	1	3	7.166932996911911	-0.28949317959092136	5.920064606706552
1	0	60	1	1	3	7.166932996911911	-0.28949317959092136	5.920064606706552
1	0	61	1	1	3	7.166932996911911	-0.28949317959092136	5.920064606706552
1	0	62	1	1	3	7.166932996911911	-0.28949317959092136	5.920064606706552
#BH2
3	0	0	0	1	3	2.3283415348572367	-0.25906538581929045	1.9167943903714921
3	0	1	0	1	3	2.3283415348572367	-0.25906538581929045	1.9167943903714921
3	0	2	0	1	3	2.3283415348572367	-0.25906538581929045	1.9167943903714921
3	0	3	0	1	3	2.3283415348572367	-0.25906538581929045	1.9167943903714921
3	0	4	0	1	3	2.1038990659825445	-0.19011813961908075	1.7749278549301826
3	0	5	0	1	3	2.052497275029181	-0.1864189405972123	1.7671388062056974
3	0	6	0	1	3	2.7144771420389615	-0.3270032476939262	2.1392297251488768
3	0	7	0	1	3	2.0988023943574317	-0.1834063108984001	1.8133986952928431
3	0	8	0	1	3	2.984771053720577	-0.5085697739410673	2.2631710465549957
3	0	9	0	1	3	2.1183020079397097	-0.19530983938458402	1.80302252439034
3	0	10	0	1	3	2.2256418049322524	-0.22263144860076256	1.85667208007751
3	0	11	0	1	3	2.3283415348572367	-0.25906538581929045	1.9167943903714921
3	0	12	0	1	3	2.3283415348572367	-0.25906538581929045	1.9167943903714921
3	0	13	0	1	3	2.3283415348572367	-0.25906538581929045	1.9167943903714921
3	0	14	0	1	3	2.3283415348572367	-0.25906538581929045	1.9167943903714921
3	0	0	1	1	3	2.8216545140002554	-0.4405986747441356	2.0795571041983036
3	0	1	1	1	3	2.8216545140002554	-0.4405986747441356	2.0795571041983036
3	0	2	1	1	3	2.8216545140002554	-0.4405986747441356	2.0795571041983036
3	0	3	1	1	3	2.8216545140002554	-0.4405986747441356	2.0795571041983036
3	0	4	1	1	3	2.1668395886063267	-0.23317660507044025	1.781561807891713
3	0	5	1	1	3	1.9906412558111344	-0.14663939441443397	1.7414434439434934
3	0	6	1	1	3	2.2473684996526155	-0.28923691917029704	1.7719927489105078
3	0	7	1	1	3	1.6288674669572596	-0.05262883645573524	1.4858738267309346
3	0	8	1	1	3	2.3716905910963715	-0.22993326885975574	1.9646571593123818
3	0	9	1	1	3	1.922357729665236	-0.08377773143656153	1.7189683722550013
3	0	10	1	1	3	7.423816466212843	-2.0487979678017254	4.092402370344093
3	0	11	1	1	3	2.8216545140002554	-0.4405986747441356	2.0795571041983036
3	0	12	1	1	3	2.8216545140002554	-0.4405986747441356	2.0795571041983036
3	0	13	1	1	3	2.8216545140002554	-0.4405986747441356	2.0795571041983036
3	0	14	1	1	3	2.8216545140002554	-0.4405986747441356	2.0795571041983036
#HTOF
5	0	0	0	1	3	0.000000e+00	0.000000e+00	0.000000e+00
5	0	1	0	1	3	0.000000e+00	0.000000e+00	0.000000e+00
5	0	2	0	1	3	0.000000e+00	0.000000e+00	0.000000e+00
5	0	3	0	1	3	0.000000e+00	0.000000e+00	0.000000e+00
5	0	4	0	1	3	0.000000e+00	0.000000e+00	0.000000e+00
5	0	5	0	1	3	0.000000e+00	0.000000e+00	0.000000e+00
5	0	6	0	1	3	0.000000e+00	0.000000e+00	0.000000e+00
5	0	7	0	1	3	0.000000e+00	0.000000e+00	0.000000e+00
5	0	8	0	1	3	0.000000e+00	0.000000e+00	0.000000e+00
5	0	9	0	1	3	0.000000e+00	0.000000e+00	0.000000e+00
5	0	10	0	1	3	0.000000e+00	0.000000e+00	0.000000e+00
5	0	11	0	1	3	0.000000e+00	0.000000e+00	0.000000e+00
5	0	12	0	1	3	0.000000e+00	0.000000e+00	0.000000e+00
5	0	13	0	1	3	0.000000e+00	0.000000e+00	0.000000e+00
5	0	14	0	1	3	0.000000e+00	0.000000e+00	0.000000e+00
5	0	15	0	1	3	0.000000e+00	0.000000e+00	0.000000e+00
5	0	16	0	1	3	0.000000e+00	0.000000e+00	0.000000e+00
5	0	17	0	1	3	0.000000e+00	0.000000e+00	0.000000e+00
5	0	18	0	1	3	0.000000e+00	0.000000e+00	0.000000e+00
5	0	19	0	1	3	0.000000e+00	0.000000e+00	0.000000e+00
5	0	20	0	1	3	0.000000e+00	0.000000e+00	0.000000e+00
5	0	21	0	1	3	0.000000e+00	0.000000e+00	0.000000e+00
5	0	22	0	1	3	0.000000e+00	0.000000e+00	0.000000e+00
5	0	23	0	1	3	0.000000e+00	0.000000e+00	0.000000e+00
5	0	24	0	1	3	0.000000e+00	0.000000e+00	0.000000e+00
5	0	25	0	1	3	0.000000e+00	0.000000e+00	0.000000e+00
5	0	26	0	1	3	0.000000e+00	0.000000e+00	0.000000e+00
5	0	27	0	1	3	0.000000e+00	0.000000e+00	0.000000e+00
5	0	28	0	1	3	0.000000e+00	0.000000e+00	0.000000e+00
5	0	29	0	1	3	0.000000e+00	0.000000e+00	0.000000e+00
5	0	30	0	1	3	0.000000e+00	0.000000e+00	0.000000e+00
5	0	31	0	1	3	0.000000e+00	0.000000e+00	0.000000e+00
5	0	32	0	1	3	0.000000e+00	0.000000e+00	0.000000e+00
5	0	33	0	1	3	0.000000e+00	0.000000e+00	0.000000e+00
5	0	0	1	1	3	0.000000e+00	0.000000e+00	0.000000e+00
5	0	1	1	1	3	0.000000e+00	0.000000e+00	0.000000e+00
5	0	2	1	1	3	0.000000e+00	0.000000e+00	0.000000e+00
5	0	3	1	1	3	0.000000e+00	0.000000e+00	0.000000e+00
5	0	4	1	1	3	0.000000e+00	0.000000e+00	0.000000e+00
5	0	5	1	1	3	0.000000e+00	0.000000e+00	0.000000e+00
5	0	6	1	1	3	0.000000e+00	0.000000e+00	0.000000e+00
5	0	7	1	1	3	0.000000e+00	0.000000e+00	0.000000e+00
5	0	8	1	1	3	0.000000e+00	0.000000e+00	0.000000e+00
5	0	9	1	1	3	0.000000e+00	0.000000e+00	0.000000e+00
5	0	10	1	1	3	0.000000e+00	0.000000e+00	0.000000e+00
5	0	11	1	1	3	0.000000e+00	0.000000e+00	0.000000e+00
5	0	12	1	1	3	0.000000e+00	0.000000e+00	0.000000e+00
5	0	13	1	1	3	0.000000e+00	0.000000e+00	0.000000e+00
5	0	14	1	1	3	0.000000e+00	0.000000e+00	0.000000e+00
5	0	15	1	1	3	0.000000e+00	0.000000e+00	0.000000e+00
5	0	16	1	1	3	0.000000e+00	0.000000e+00	0.000000e+00
5	0	17	1	1	3	0.000000e+00	0.000000e+00	0.000000e+00
5	0	18	1	1	3	0.000000e+00	0.000000e+00	0.000000e+00
5	0	19	1	1	3	0.000000e+00	0.000000e+00	0.000000e+00
5	0	20	1	1	3	0.000000e+00	0.000000e+00	0.000000e+00
5	0	21	1	1	3	0.000000e+00	0.000000e+00	0.000000e+00
5	0	22	1	1	3	0.000000e+00	0.000000e+00	0.000000e+00
5	0	23	1	1	3	0.000000e+00	0.000000e+00	0.000000e+00
5	0	24	1	1	3	0.000000e+00	0.000000e+00	0.000000e+00
5	0	25	1	1	3	0.000000e+00	0.000000e+00	0.000000e+00
5	0	26	1	1	3	0.000000e+00	0.000000e+00	0.000000e+00
5	0	27	1	1	3	0.000000e+00	0.000000e+00	0.000000e+00
5	0	28	1	1	3	0.000000e+00	0.000000e+00	0.000000e+00
5	0	29	1	1	3	0.000000e+00	0.000000e+00	0.000000e+00
5	0	30	1	1	3	0.000000e+00	0.000000e+00	0.000000e+00
5	0	31	1	1	3	0.000000e+00	0.000000e+00	0.000000e+00
5	0	32	1	1	3	0.000000e+00	0.000000e+00	0.000000e+00
5	0	33	1	1	3	0.000000e+00	0.000000e+00	0.000000e+00
#T1
7	0	0	0	1	3	3.75075	0.9242500000000001	1.75
#CVC
8	0	0	0	1	3	0.000000e+00	0.000000e+00	0.000000e+00
8	0	1	0	1	3	0.000000e+00	0.000000e+00	0.000000e+00
8	0	2	0	1	3	0.000000e+00	0.000000e+00	0.000000e+00
8	0	3	0	1	3	0.000000e+00	0.000000e+00	0.000000e+00
8	0	4	0	1	3	0.000000e+00	0.000000e+00	0.000000e+00
8	0	5	0	1	3	0.000000e+00	0.000000e+00	0.000000e+00
8	0	6	0	1	3	0.000000e+00	0.000000e+00	0.000000e+00
8	0	7	0	1	3	0.000000e+00	0.000000e+00	0.000000e+00
8	0	0	1	1	3	0.000000e+00	0.000000e+00	0.000000e+00
8	0	1	1	1	3	0.000000e+00	0.000000e+00	0.000000e+00
8	0	2	1	1	3	0.000000e+00	0.000000e+00	0.000000e+00
8	0	3	1	1	3	0.000000e+00	0.000000e+00	0.000000e+00
8	0	4	1	1	3	0.000000e+00	0.000000e+00	0.000000e+00
8	0	5	1	1	3	0.000000e+00	0.000000e+00	0.000000e+00
8	0	6	1	1	3	0.000000e+00	0.000000e+00	0.000000e+00
8	0	7	1	1	3	0.000000e+00	0.000000e+00	0.000000e+00
#COBO
11	0	0	0	0	3	0.000000e+00	0.000000e+00	0.000000e+00
11	0	1	0	0	3	0.000000e+00	0.000000e+00	0.000000e+00
11	0	2	0	0	3	0.000000e+00	0.000000e+00	0.000000e+00
11	0	3	0	0	3	0.000000e+00	0.000000e+00	0.000000e+00
11	0	4	0	0	3	0.000000e+00	0.000000e+00	0.000000e+00
11	0	5	0	0	3	0.000000e+00	0.000000e+00	0.000000e+00
11	0	6	0	0	3	0.000000e+00	0.000000e+00	0.000000e+00
11	0	7	0	0	3	0.000000e+00	0.000000e+00	0.000000e+00
