#CId	PlId	SegId	UorD	Type	nParam	p0	p1	p2
#BHT
1	0	0	0	1	3	12.74131405011944	-0.6608945289083952	9.999976301214225
1	0	1	0	1	3	12.808342060804913	-0.5750092526554482	9.9999999573376
1	0	2	0	1	3	10.602724443223233	-0.18095316196637867	9.999999987204149
1	0	3	0	1	3	13.618345932825669	-0.7957251751966279	9.999997934615182
1	0	4	0	1	3	13.08738798344124	-0.7055531623572469	9.99999815771344
1	0	5	0	1	3	13.37589946601174	-0.8215546622333862	9.9999998636377
1	0	6	0	1	3	14.999999624727197	-1.1829725994672216	9.97170291136926
1	0	7	0	1	3	14.999999978664047	-1.2700188374694759	9.587817644965156
1	0	8	0	1	3	13.701722093795675	-0.913025849891512	9.99999999988411
1	0	9	0	1	3	14.244033915795349	-1.0204950650568323	9.999999998110042
1	0	10	0	1	3	14.987573105537503	-1.1667825868281634	9.999999969667105
1	0	11	0	1	3	4.467860144605888	0.029144060874370936	4.51405079484131
1	0	12	0	1	3	14.576122356508769	-1.0658606049463732	9.999999579755025
1	0	13	0	1	3	14.744487670379497	-1.1072012244902294	9.999999648880372
1	0	14	0	1	3	14.362154195572012	-1.1287522232611087	9.999999629539925
1	0	15	0	1	3	14.787970927927022	-1.2029834068756262	9.999999993214633
1	0	16	0	1	3	13.18098956292987	-0.7871456052038681	9.99999998072277
1	0	17	0	1	3	2.4374790536029125	-0.06641983415805441	2.158771347573542
1	0	18	0	1	3	14.548266004111236	-1.1146604945317096	9.999998530293748
1	0	19	0	1	3	14.999999999909246	-1.2609595271974672	9.913404974054206
1	0	20	0	1	3	14.999999968856047	-1.2200624948685652	9.92810375335065
1	0	21	0	1	3	14.999999933383835	-1.2937495460873993	9.799084483681307
1	0	22	0	1	3	14.999999996346453	-1.2624009127584426	9.75278959791203
1	0	23	0	1	3	14.99999999417436	-1.4438654163558224	9.311017343889647
1	0	24	0	1	3	14.999999931930102	-1.3310163286111112	9.406475641997487
1	0	25	0	1	3	14.999999920851444	-1.23011562956785	9.473216396111214
1	0	26	0	1	3	12.183992515962661	-0.9349642879110212	8.1177719968604
1	0	27	0	1	3	1.881370735592657	0.3477484594149747	1.8365291883372201
1	0	28	0	1	3	2.660559427732081	0.2720884810055102	2.6522794770125095
1	0	29	0	1	3	1.6226793596283635	0.3992800829751513	1.64135315108622
1	0	30	0	1	3	14.992240294006029	-1.23744857371143	9.570491656906778
1	0	31	0	1	3	14.999999991655596	-1.3695808478861244	9.355895580215249
1	0	32	0	1	3	14.999999992672304	-1.4502341625206352	9.172402434505079
1	0	33	0	1	3	14.999999999661068	-1.3802535317955926	9.435743174084356
1	0	34	0	1	3	14.999999993748915	-1.419056103002747	9.351751433831542
1	0	35	0	1	3	14.99999999797773	-1.4993841613608647	9.151879029941059
1	0	36	0	1	3	14.99999983558768	-1.6870547553265203	8.780575025657166
1	0	37	0	1	3	14.523340223347875	-1.2667917895761738	9.397402889890916
1	0	38	0	1	3	8.229575031874022	-0.9208307927191495	5.655537988329378
1	0	39	0	1	3	14.999999821051455	-1.4494336250644242	9.310365335975407
1	0	40	0	1	3	3.4698702845725804	-0.2367701808908924	2.857049809606069
1	0	41	0	1	3	14.999999908252265	-1.3102402901189967	9.930122523746844
1	0	42	0	1	3	14.413495716441055	-1.0609727374705917	9.999999814545516
1	0	43	0	1	3	3.00556166796264	0.10650288181401013	2.8818852045583894
1	0	44	0	1	3	1.5521473029729485	0.18889565116592344	1.8381751866797318
1	0	45	0	1	3	0.8051886259808694	0.32499999937304125	0.8477667596268799
1	0	46	0	1	3	11.780819711567927	-0.4317585825737824	9.999999678410349
1	0	47	0	1	3	14.809680480857974	-1.1117201789895073	9.999999847627942
1	0	48	0	1	3	14.578772094899032	-0.9933975083136319	9.999999999267672
1	0	49	0	1	3	4.706441888947952	-0.2811562077042771	3.8008547949244136
1	0	50	0	1	3	11.805142587572035	-0.39169877706002243	9.999999893264837
1	0	51	0	1	3	12.89211822442776	-0.6433236771387962	9.999999343971309
1	0	52	0	1	3	14.869888579312018	-1.0352004488109534	9.9999981811604
1	0	53	0	1	3	4.605273887003674	-0.23889544839132082	3.9492893492522487
1	0	54	0	1	3	14.999999991937415	-1.2026133999119324	9.672886519964193
1	0	55	0	1	3	12.963419772981313	-0.653212734218032	9.999999971084144
1	0	56	0	1	3	14.967794417237604	-1.0983823942681932	9.999997979394838
1	0	57	0	1	3	13.536775580667586	-0.8204355390225944	9.999999967334318
1	0	58	0	1	3	13.738366521369944	-0.9206787829648837	9.999999968129352
1	0	59	0	1	3	13.582705126337812	-0.7089043073091332	9.999999979837531
1	0	60	0	1	3	14.291446591343778	-0.8465975643299339	9.999988397642545
1	0	61	0	1	3	7.907713952548729	-0.1931594313789482	7.1170490968809474
1	0	62	0	1	3	0.7952939791107868	0.5636228383142585	1.5386444171856413
1	0	0	1	1	3	3.206738524462013	0.22772790126138975	3.925371167519641
1	0	1	1	1	3	13.014164432190222	-0.8019467426978251	9.999999998689406
1	0	2	1	1	3	12.621024791239941	-0.6185009579987257	9.999999999739089
1	0	3	1	1	3	13.212159647381002	-0.7695415210534691	9.999999476874137
1	0	4	1	1	3	13.834674529951265	-0.8549466184799561	9.99999966694289
1	0	5	1	1	3	13.305737208418446	-0.7874815159521971	9.99999997631189
1	0	6	1	1	3	13.89976642730779	-1.0057631684597474	9.999999999931035
1	0	7	1	1	3	13.162095811167069	-0.7644312197649343	9.999999969069979
1	0	8	1	1	3	14.022989380276451	-0.9845181025158825	9.999999814297773
1	0	9	1	1	3	13.801142527288608	-0.8828042937369753	9.999999978951658
1	0	10	1	1	3	14.882387958566227	-1.423207810007752	9.199377846448117
1	0	11	1	1	3	14.128436791255655	-1.0069776579182026	9.99999999082482
1	0	12	1	1	3	14.9999999945389	-1.2662838185109173	9.95437561721766
1	0	13	1	1	3	12.919457003080222	-0.7492874732690389	9.999999999989239
1	0	14	1	1	3	13.54372408945261	-0.9283558478261735	9.999999999392376
1	0	15	1	1	3	14.195609573999128	-1.0813218356350287	9.999999964750721
1	0	16	1	1	3	14.999999999343778	-1.282650443931995	9.864595627215301
1	0	17	1	1	3	14.999999990881522	-1.4220005032699428	9.641204238180109
1	0	18	1	1	3	12.883659232070311	-0.6695174502127985	9.999999729293906
1	0	19	1	1	3	14.833335484238875	-1.2214647655478847	9.99999992938103
1	0	20	1	1	3	14.720341327268796	-1.186498465462022	9.999999997618039
1	0	21	1	1	3	14.999999999994237	-1.2473680541220276	9.98873069968517
1	0	22	1	1	3	14.99999985963049	-1.1641007141799449	9.97459608317518
1	0	23	1	1	3	14.999999999704379	-1.296824621831457	9.638042847909869
1	0	24	1	1	3	14.999999999926796	-1.3855492570332903	9.28944380547871
1	0	25	1	1	3	14.9999999998827	-1.249248840854138	9.413074309968335
1	0	26	1	1	3	13.276378735244041	-0.9697228774561024	8.817577746218253
1	0	27	1	1	3	2.078714557701806	0.30670689790219896	1.9760502244856029
1	0	28	1	1	3	2.547019797899026	0.2848726207870298	2.546802242389833
1	0	29	1	1	3	1.655623295191337	0.45859160228880924	1.8024181981458325
1	0	30	1	1	3	11.19410211100857	-0.9261977495494094	7.6090574202323165
1	0	31	1	1	3	14.99999999497127	-1.368866806763068	9.348718444071489
1	0	32	1	1	3	6.075694845209523	-0.4863584726173702	4.5541440014110695
1	0	33	1	1	3	14.999999992745614	-1.3914051103819305	9.396972761976734
1	0	34	1	1	3	14.99999999979424	-1.2926650617903097	9.550039660948958
1	0	35	1	1	3	14.99999996923308	-1.450045828332569	9.30870468733394
1	0	36	1	1	3	14.99999984242247	-1.5853464484098176	8.987470057542884
1	0	37	1	1	3	14.999999985682523	-1.3062505547752523	9.678787900528688
1	0	38	1	1	3	14.999999999051326	-1.2089092827107972	9.902364566629023
1	0	39	1	1	3	14.999999745924649	-1.780425101858326	8.653112034665366
1	0	40	1	1	3	7.657326097838556	-0.6653436529525427	5.696186910714907
1	0	41	1	1	3	14.99999997311654	-1.448788835176074	9.433386102046994
1	0	42	1	1	3	14.999995025747817	-1.294158482137894	9.575253688035518
1	0	43	1	1	3	14.497008139272097	-1.0043175942410438	9.99999999924508
1	0	44	1	1	3	12.968724336518342	-0.7418222564193799	9.999999954644009
1	0	45	1	1	3	4.765630209706482	-0.09691376327138013	4.672732230552983
1	0	46	1	1	3	13.831216357142544	-0.9360821620304574	9.99999998171424
1	0	47	1	1	3	14.999999462729818	-1.3467613657148085	9.438837763629394
1	0	48	1	1	3	13.897645700479272	-0.8219114609868834	9.999999961670238
1	0	49	1	1	3	14.530783032777062	-1.005316209465156	9.999999953628603
1	0	50	1	1	3	11.763751968257127	-0.4845419011252394	9.999999999716964
1	0	51	1	1	3	14.904461165561422	-1.2209573723473244	9.99999995484087
1	0	52	1	1	3	13.559209172887357	-0.7588281167567699	9.999999988066559
1	0	53	1	1	3	7.122952454284492	-0.8704384435053063	5.1953376035540675
1	0	54	1	1	3	3.890643674491858	-0.048201209817092305	3.3448088851155866
1	0	55	1	1	3	12.827452405931234	-0.6255427683604191	9.999999931186691
1	0	56	1	1	3	13.73299919298867	-0.7174525740480879	9.999999981554055
1	0	57	1	1	3	13.086412138760668	-0.6839039216530676	9.999999936096177
1	0	58	1	1	3	14.096151287696145	-0.9582506583425019	9.999999252298666
1	0	59	1	1	3	14.999999237553775	-1.1102545506356423	9.988905311008981
1	0	60	1	1	3	14.950136826763172	-1.0169094548312434	9.99998668580389
1	0	61	1	1	3	11.632082644125783	-0.23738954665082002	9.999999974641092
1	0	62	1	1	3	13.946226470418416	-0.9658846875138138	9.997613292236432
#BH2
3	0	0	0	1	3	1.0765331564942036	-0.1600163085070756	0.7644874703194646
3	0	1	0	1	3	0.8848670379195512	0.041775112579663265	0.7011394482502988
3	0	2	0	1	3	0.749248223369784	0.0475010185858018	0.6068685531276701
3	0	3	0	1	3	1.85472137394153	-0.23120703041816526	1.1188839573751137
3	0	4	0	1	3	2.3190655022977094	-0.40793243861614226	1.3615020101600082
3	0	5	0	1	3	1.9213596699951274	-0.21142039257656453	1.2417702863278075
3	0	6	0	1	3	2.389986723158092	-0.282624789340856	1.5488429246468849
3	0	7	0	1	3	1.7658102870607808	-0.17143095737096914	1.1780130928650712
3	0	8	0	1	3	1.8644730315426559	-0.18651210284650244	1.2408976220412553
3	0	9	0	1	3	1.7809020559614281	-0.143249382373833	1.1765969490237027
3	0	10	0	1	3	2.2311722029841126	-0.5478714862540004	0.9878154446515961
3	0	11	0	1	3	3.371024891762067	-1.1715568153051583	1.5268131839284993
3	0	12	0	1	3	1.265956850460395	-0.13837364428592291	0.5569912876164362
3	0	13	0	1	3	0.9995711820840972	-0.012913273246859092	0.39673110706683823
3	0	14	0	1	3	2.034683533212029	-0.4442151887993093	1.0931370261079532
3	0	0	1	1	3	0.7922547100192044	0.05625556180055735	0.5991074839369428
3	0	1	1	1	3	0.5934837874561689	0.14999975994714276	0.48917606470060604
3	0	2	1	1	3	0.849876515083231	0.04860622994430397	0.712703226313907
3	0	3	1	1	3	1.7550163134089751	-0.17113404671404542	1.071742150106584
3	0	4	1	1	3	1.9922215202972553	-0.25229547491634463	1.1696372631287164
3	0	5	1	1	3	1.9013359897173183	-0.15637735816891407	1.2628550153907012
3	0	6	1	1	3	1.9441665153403938	-0.2161955136185263	1.217229947507393
3	0	7	1	1	3	1.5089193513200319	-0.09613337836037417	1.0150854668127054
3	0	8	1	1	3	2.031570177923503	-0.17421439571656094	1.3697465289163202
3	0	9	1	1	3	1.7342358036807384	-0.08336486269966503	1.183634736318698
3	0	10	1	1	3	3.628353251264312	-1.1268884252314408	1.6795619883497261
3	0	11	1	1	3	1.3406349532343065	-0.12688425018776783	0.5357809334781793
3	0	12	1	1	3	1.1923971077834377	-0.03490822044045494	0.5599835487817377
3	0	13	1	1	3	1.3581806316000757	-0.1286415598614159	0.7062757759643568
3	0	14	1	1	3	1.5623641388626786	-0.21144292095249906	0.8466278285492725
#HTOF
5	0	0	0	1	3	3.4382478547605233	-0.0802880258142622	3.2578320522067643
5	0	1	0	1	3	0.001000011521440873	-4.999999985838224	1.4926086261317753
5	0	2	0	1	3	0.9039496635641684	0.1874929313880891	2.392532274115282
5	0	3	0	1	3	0.0010000062066768687	-4.99999887115633	1.4133174410839018
5	0	4	0	1	3	0.001000000323284828	0.18973174711331975	1.119277561445985
5	0	5	0	1	3	2.0283346270175633	0.26906495510288764	2.1881265709776008
5	0	6	0	1	3	1.2059050193336958	-0.2400148725839104	1.8121700347869547
5	0	7	0	1	3	0.9490068484928434	-0.14998875268424694	2.068433680888882
5	0	8	0	1	3	1.7616361823975792	-0.13475347718591557	3.0005223018834384
5	0	9	0	1	3	1.6201276677382133	-0.06755335785319527	3.2650967679707676
5	0	10	0	1	3	0.4414875891446078	0.1981354383560321	2.6687070264633244
5	0	11	0	1	3	0.7072264523544336	0.2879678125401952	3.4061153248936185
5	0	12	0	1	3	0.9515891292098801	0.28638787308724556	3.872864860431406
5	0	13	0	1	3	1.2272766154897878	0.14119222621381855	4.379700988772428
5	0	14	0	1	3	2.284441792465264	-0.31138328823171424	5.02515449803143
5	0	15	0	1	3	1.8458437966122698	0.027741106327574094	4.9113506627334615
5	0	16	0	1	3	1.6748265012921222	0.04208875940087786	4.958875305247731
5	0	17	0	1	3	1.2394269620493614	0.28817115404227156	4.698122439394579
5	0	18	0	1	3	1.434900482357475	0.2949430084168876	4.826500376218522
5	0	19	0	1	3	1.248439436253131	0.10804938275403053	4.167258215496495
5	0	20	0	1	3	2.9258282522769012	-0.13725213695979832	5.1824290542141025
5	0	21	0	1	3	3.398960292359207	-0.36336843308861333	5.544964103537243
5	0	22	0	1	3	1.6367166633347314	0.280413655749153	4.727345585453655
5	0	23	0	1	3	1.22214527514609	0.393339462928175	4.679294230926213
5	0	24	0	1	3	1.7165466982584972	0.20502185912659865	4.575852800716121
5	0	25	0	1	3	1.3520083655724184	0.22895748037523767	4.230549252368956
5	0	26	0	1	3	1.755165256834288	0.013174069787101672	4.405240412349568
5	0	27	0	1	3	1.1393581519503035	0.24081746924495473	3.869834886163917
5	0	28	0	1	3	0.8692192377133002	0.2852984745653835	3.392040160025669
5	0	29	0	1	3	0.775528994117	0.29564420751143317	3.0911298925925887
5	0	30	0	1	3	4.734729614492652	-4.6150780551596515	4.359889202477764
5	0	31	0	1	3	2.3794780187111657	-0.4359961511543702	3.7627187206810957
5	0	32	0	1	3	1.5503767144897411	-0.38084058059205894	2.752712588426471
5	0	33	0	1	3	0.4914389926636256	-0.44077711946849796	1.4090270469851185
5	0	0	1	1	3	1.2020239524475271	0.17325467694888186	1.6898364165657338
5	0	1	1	1	3	1.5680790294298317	0.18159555223511514	2.291987501432145
5	0	2	1	1	3	0.0010000000293129295	0.2999999999997387	1.6324889213894263
5	0	3	1	1	3	1.5476239203663245	0.17489634131080845	1.9740845244495397
5	0	4	1	1	3	0.001000000581910692	0.19999999734149387	1.4196726287615788
5	0	5	1	1	3	1.8640620197915871	0.28512261237453806	2.2511044364248685
5	0	6	1	1	3	0.5739732040829496	0.12111166929909345	2.032596763570877
5	0	7	1	1	3	1.154723643500435	0.15415276739929595	2.918912454047015
5	0	8	1	1	3	1.1480573508672154	0.1594336189943517	3.307868818565066
5	0	9	1	1	3	1.493551815687139	0.042888980952149325	3.7080058835050838
5	0	10	1	1	3	0.004994092861633016	0.19804539878266603	2.7557857735144253
5	0	11	1	1	3	0.16533437468850873	0.2770514033093532	3.024568768273715
5	0	12	1	1	3	0.8756195101376717	0.13525781667817682	3.8885349209307547
5	0	13	1	1	3	1.5013326677486032	0.11327914869515698	4.5381008799329425
5	0	14	1	1	3	1.1438402749923249	0.2356187298369692	4.3985469262085255
5	0	15	1	1	3	1.438421877817953	0.13885211775555373	4.647816375557814
5	0	16	1	1	3	1.250259845738323	0.16124380382705183	4.636198932949258
5	0	17	1	1	3	1.041831974334489	0.27798109865781306	4.439417868835908
5	0	18	1	1	3	1.3582243079176255	0.17411568658160093	4.642630873327153
5	0	19	1	1	3	1.1385985874359137	0.1999999999993145	4.256857640307202
5	0	20	1	1	3	1.580742187907891	0.15610617869473842	4.238853013055392
5	0	21	1	1	3	1.1085690370234746	0.24627314178358528	3.9591600106450877
5	0	22	1	1	3	1.2378287764621545	0.25063466703038095	4.3240037091684265
5	0	23	1	1	3	1.0561535301424405	0.3571769139829808	4.249641774121898
5	0	24	1	1	3	1.4582897997940483	0.10525547979028715	4.237239833888908
5	0	25	1	1	3	1.2658369179877944	0.2562372188063824	4.195952733197278
5	0	26	1	1	3	1.5289553069931792	0.031749604423939815	4.316420657628746
5	0	27	1	1	3	1.294929460745274	0.2598801523672325	4.029988747959157
5	0	28	1	1	3	1.0191870811089794	0.39120431039482106	3.624246564588158
5	0	29	1	1	3	0.6432625020262334	0.28860086523652306	3.0293806658714946
5	0	30	1	1	3	0.395407555013709	0.1258271779315896	2.855392244164698
5	0	31	1	1	3	1.6223408244090958	-0.03623949583884656	3.4162247521598594
5	0	32	1	1	3	1.521559328186903	0.006138384389265283	2.9783373903784205
5	0	33	1	1	3	0.8169365341506276	0.04901765231773236	2.20042456755242
#T1
7	0	0	0	1	3	13.457197481604783	-4.9999999995225	5.039235326750061
#CVC
8	0	0	0	1	3	0.000000e+00	0.000000e+00	0.000000e+00
8	0	1	0	1	3	0.000000e+00	0.000000e+00	0.000000e+00
8	0	2	0	1	3	0.000000e+00	0.000000e+00	0.000000e+00
8	0	3	0	1	3	0.000000e+00	0.000000e+00	0.000000e+00
8	0	4	0	1	3	0.000000e+00	0.000000e+00	0.000000e+00
8	0	5	0	1	3	0.000000e+00	0.000000e+00	0.000000e+00
8	0	6	0	1	3	0.000000e+00	0.000000e+00	0.000000e+00
8	0	7	0	1	3	0.000000e+00	0.000000e+00	0.000000e+00
8	0	0	1	1	3	0.000000e+00	0.000000e+00	0.000000e+00
8	0	1	1	1	3	0.000000e+00	0.000000e+00	0.000000e+00
8	0	2	1	1	3	0.000000e+00	0.000000e+00	0.000000e+00
8	0	3	1	1	3	0.000000e+00	0.000000e+00	0.000000e+00
8	0	4	1	1	3	0.000000e+00	0.000000e+00	0.000000e+00
8	0	5	1	1	3	0.000000e+00	0.000000e+00	0.000000e+00
8	0	6	1	1	3	0.000000e+00	0.000000e+00	0.000000e+00
8	0	7	1	1	3	0.000000e+00	0.000000e+00	0.000000e+00
#COBO
11	0	0	0	0	3	0.000000e+00	0.000000e+00	0.000000e+00
11	0	1	0	0	3	0.000000e+00	0.000000e+00	0.000000e+00
11	0	2	0	0	3	0.000000e+00	0.000000e+00	0.000000e+00
11	0	3	0	0	3	0.000000e+00	0.000000e+00	0.000000e+00
11	0	4	0	0	3	0.000000e+00	0.000000e+00	0.000000e+00
11	0	5	0	0	3	0.000000e+00	0.000000e+00	0.000000e+00
11	0	6	0	0	3	0.000000e+00	0.000000e+00	0.000000e+00
11	0	7	0	0	3	0.000000e+00	0.000000e+00	0.000000e+00
