#CId	PlId	SegId	UorD	Type	nParam	p0	p1	p2
#BHT
1	0	0	0	1	3	9.81187058030776	-0.7257081107344037	6.165690893323164
1	0	1	0	1	3	9.81187058030776	-0.7257081107344037	6.165690893323164
1	0	2	0	1	3	9.81187058030776	-0.7257081107344037	6.165690893323164
1	0	3	0	1	3	9.81187058030776	-0.7257081107344037	6.165690893323164
1	0	4	0	1	3	9.81187058030776	-0.7257081107344037	6.165690893323164
1	0	5	0	1	3	9.81187058030776	-0.7257081107344037	6.165690893323164
1	0	6	0	1	3	9.81187058030776	-0.7257081107344037	6.165690893323164
1	0	7	0	1	3	9.81187058030776	-0.7257081107344037	6.165690893323164
1	0	8	0	1	3	9.81187058030776	-0.7257081107344037	6.165690893323164
1	0	9	0	1	3	9.81187058030776	-0.7257081107344037	6.165690893323164
1	0	10	0	1	3	9.81187058030776	-0.7257081107344037	6.165690893323164
1	0	11	0	1	3	9.81187058030776	-0.7257081107344037	6.165690893323164
1	0	12	0	1	3	9.81187058030776	-0.7257081107344037	6.165690893323164
1	0	13	0	1	3	9.81187058030776	-0.7257081107344037	6.165690893323164
1	0	14	0	1	3	9.81187058030776	-0.7257081107344037	6.165690893323164
1	0	15	0	1	3	1.8574719898152021	0.3579157868358154	1.5978099863535777
1	0	16	0	1	3	2.3144702053626616	0.20974573899917193	1.7872923140373707
1	0	17	0	1	3	14.984118909662486	-1.3993232599305676	8.84295258492942
1	0	18	0	1	3	3.8507167211833147	0.04598553435246089	3.08381607055568
1	0	19	0	1	3	2.3337412012683334	0.25141198387260477	1.8574607822709028
1	0	20	0	1	3	14.83308566961588	-1.1734026717850625	9.192018694932099
1	0	21	0	1	3	3.6648636515313284	0.15983181396615542	3.1258199019297974
1	0	22	0	1	3	14.999999946851897	-1.2822933095723075	9.062158734747223
1	0	23	0	1	3	14.935442864001335	-1.127674217550422	9.408566093309043
1	0	24	0	1	3	2.9967361073522745	0.07350331388923159	2.245415720801398
1	0	25	0	1	3	14.887323581540327	-1.3188820591964174	8.928581792457186
1	0	26	0	1	3	8.09685922172209	-0.5864189401416633	5.553330839548047
1	0	27	0	1	3	7.69113989440669	-0.5410925052259818	5.327110156595625
1	0	28	0	1	3	1.820339453883519	0.5357943685836286	1.789423775185226
1	0	29	0	1	3	7.578309243162475	-0.5816964508567839	5.145679169370814
1	0	30	0	1	3	14.539960729613679	-1.5443796845510498	8.246848118217732
1	0	31	0	1	3	14.430682028859675	-1.209399641960684	8.855024021983729
1	0	32	0	1	3	5.693515767869215	-0.2865339123565134	4.155106631776517
1	0	33	0	1	3	14.994594467211153	-1.2696803449854204	9.098194630597376
1	0	34	0	1	3	14.999999556524008	-1.2657755285247418	9.09723630686829
1	0	35	0	1	3	14.920427650684156	-1.2631828763691062	9.05421079080783
1	0	36	0	1	3	14.184171722569328	-1.130570741356041	8.828751587703165
1	0	37	0	1	3	14.997769901151512	-1.2088997806906088	9.233940321265798
1	0	38	0	1	3	14.999999754799903	-1.3108655668312452	9.027869724461485
1	0	39	0	1	3	3.801216739038317	0.009138820188164587	2.9329634793410713
1	0	40	0	1	3	14.998332811695306	-1.5734517026367079	8.500406336284895
1	0	41	0	1	3	14.837821437462683	-1.477847933514154	8.622146214866255
1	0	42	0	1	3	14.999999972816118	-1.2999490211712539	9.021344737808825
1	0	43	0	1	3	8.467687551743522	-0.7641668836687279	5.517702874713871
1	0	44	0	1	3	4.844614120675764	-0.1590709351704218	3.6609329088617137
1	0	45	0	1	3	5.927204049773394	-0.38010007411871527	4.211344897957555
1	0	46	0	1	3	14.987217051670246	-1.5445240003875575	8.557203146132341
1	0	47	0	1	3	1.8199942733048562	0.18805911678071663	1.1785631249195823
1	0	48	0	1	3	3.387126792214575	-0.11146165035678024	2.3911115903649147
1	0	49	0	1	3	14.738515269734359	-1.4205266602631426	8.66084320435436
1	0	50	0	1	3	9.81187058030776	-0.7257081107344037	6.165690893323164
1	0	51	0	1	3	9.81187058030776	-0.7257081107344037	6.165690893323164
1	0	52	0	1	3	9.81187058030776	-0.7257081107344037	6.165690893323164
1	0	53	0	1	3	9.81187058030776	-0.7257081107344037	6.165690893323164
1	0	54	0	1	3	9.81187058030776	-0.7257081107344037	6.165690893323164
1	0	55	0	1	3	9.81187058030776	-0.7257081107344037	6.165690893323164
1	0	56	0	1	3	9.81187058030776	-0.7257081107344037	6.165690893323164
1	0	57	0	1	3	9.81187058030776	-0.7257081107344037	6.165690893323164
1	0	58	0	1	3	9.81187058030776	-0.7257081107344037	6.165690893323164
1	0	59	0	1	3	9.81187058030776	-0.7257081107344037	6.165690893323164
1	0	60	0	1	3	9.81187058030776	-0.7257081107344037	6.165690893323164
1	0	61	0	1	3	9.81187058030776	-0.7257081107344037	6.165690893323164
1	0	62	0	1	3	9.81187058030776	-0.7257081107344037	6.165690893323164
1	0	0	1	1	3	10.128901261502469	-0.6832817111568517	6.479605478666484
1	0	1	1	1	3	10.128901261502469	-0.6832817111568517	6.479605478666484
1	0	2	1	1	3	10.128901261502469	-0.6832817111568517	6.479605478666484
1	0	3	1	1	3	10.128901261502469	-0.6832817111568517	6.479605478666484
1	0	4	1	1	3	10.128901261502469	-0.6832817111568517	6.479605478666484
1	0	5	1	1	3	10.128901261502469	-0.6832817111568517	6.479605478666484
1	0	6	1	1	3	10.128901261502469	-0.6832817111568517	6.479605478666484
1	0	7	1	1	3	10.128901261502469	-0.6832817111568517	6.479605478666484
1	0	8	1	1	3	10.128901261502469	-0.6832817111568517	6.479605478666484
1	0	9	1	1	3	10.128901261502469	-0.6832817111568517	6.479605478666484
1	0	10	1	1	3	10.128901261502469	-0.6832817111568517	6.479605478666484
1	0	11	1	1	3	10.128901261502469	-0.6832817111568517	6.479605478666484
1	0	12	1	1	3	10.128901261502469	-0.6832817111568517	6.479605478666484
1	0	13	1	1	3	10.128901261502469	-0.6832817111568517	6.479605478666484
1	0	14	1	1	3	10.128901261502469	-0.6832817111568517	6.479605478666484
1	0	15	1	1	3	2.8649983185160712	0.13125892684948504	2.365923820796205
1	0	16	1	1	3	14.851368162540716	-1.3606601518777355	8.812527640044951
1	0	17	1	1	3	4.100958586760888	0.09693961376547833	3.4620679847545563
1	0	18	1	1	3	5.173115536000054	-0.12626787864080402	3.9859214186181626
1	0	19	1	1	3	1.98464143552676	0.46304916745848157	1.838818974591466
1	0	20	1	1	3	14.894278227117006	-1.6157863445541385	8.345605335336263
1	0	21	1	1	3	6.07467058360903	-0.2518165532342138	4.544451883954974
1	0	22	1	1	3	14.99869144032634	-1.2044392674154438	9.199475849944996
1	0	23	1	1	3	14.989221771322388	-0.9292028406409143	9.91361013310101
1	0	24	1	1	3	14.997778568690014	-1.2195716839819957	9.19416255307005
1	0	25	1	1	3	9.027434503317005	-0.5420593191864018	6.3842955083514905
1	0	26	1	1	3	3.387492065103375	0.06771522579616196	2.6199501982833935
1	0	27	1	1	3	1.1976135191960526	0.6122593488589088	1.0148550870374207
1	0	28	1	1	3	14.999999549937773	-1.051729763537271	9.567918641451323
1	0	29	1	1	3	14.999999966441608	-1.170177955903743	9.294271422706311
1	0	30	1	1	3	2.390838890461096	0.3606931321382607	2.097172829374327
1	0	31	1	1	3	14.924887672117073	-1.0839177136882276	9.452360399091532
1	0	32	1	1	3	5.383503417514908	-0.2469859688028091	3.9364278225626457
1	0	33	1	1	3	14.999999980996542	-1.2018358323015108	9.24218252881526
1	0	34	1	1	3	1.8473018062629405	0.5572317581050026	1.8716586099185397
1	0	35	1	1	3	14.999999974261096	-1.0717291763766639	9.560568248101788
1	0	36	1	1	3	14.9593922473647	-1.2804636415130002	9.017145879127435
1	0	37	1	1	3	14.999999999534625	-1.0792218794009174	9.559329905091175
1	0	38	1	1	3	8.0975085437057	-0.42446114742330376	5.909406954129178
1	0	39	1	1	3	2.247029104276193	0.17331484730991686	1.5831051415549964
1	0	40	1	1	3	14.958076536546828	-1.3571609273121719	8.87942587483096
1	0	41	1	1	3	14.947430349818472	-1.065752557545308	9.574615065378298
1	0	42	1	1	3	4.497357303649869	-0.09201846292919846	3.3947207702235955
1	0	43	1	1	3	14.999999995043849	-1.234636982764588	9.165276417748741
1	0	44	1	1	3	14.999999390375756	-1.2849389326535032	9.075953114500704
1	0	45	1	1	3	14.999999992627883	-1.6521774501801816	8.366262634810548
1	0	46	1	1	3	14.999999744522356	-1.23522352529003	9.181499733896754
1	0	47	1	1	3	14.98117794040855	-1.4771873269671825	8.641990801878991
1	0	48	1	1	3	5.733486445851754	-0.7071537007636719	3.5409371600325104
1	0	49	1	1	3	6.001292582841118	-0.4107449258865721	4.19229541021638
1	0	50	1	1	3	10.128901261502469	-0.6832817111568517	6.479605478666484
1	0	51	1	1	3	10.128901261502469	-0.6832817111568517	6.479605478666484
1	0	52	1	1	3	10.128901261502469	-0.6832817111568517	6.479605478666484
1	0	53	1	1	3	10.128901261502469	-0.6832817111568517	6.479605478666484
1	0	54	1	1	3	10.128901261502469	-0.6832817111568517	6.479605478666484
1	0	55	1	1	3	10.128901261502469	-0.6832817111568517	6.479605478666484
1	0	56	1	1	3	10.128901261502469	-0.6832817111568517	6.479605478666484
1	0	57	1	1	3	10.128901261502469	-0.6832817111568517	6.479605478666484
1	0	58	1	1	3	10.128901261502469	-0.6832817111568517	6.479605478666484
1	0	59	1	1	3	10.128901261502469	-0.6832817111568517	6.479605478666484
1	0	60	1	1	3	10.128901261502469	-0.6832817111568517	6.479605478666484
1	0	61	1	1	3	10.128901261502469	-0.6832817111568517	6.479605478666484
1	0	62	1	1	3	10.128901261502469	-0.6832817111568517	6.479605478666484
#BH2
3	0	0	0	1	3	4.003537066357492	-1.276589625988461	1.6695250264714823
3	0	1	0	1	3	4.003537066357492	-1.276589625988461	1.6695250264714823
3	0	2	0	1	3	9.187491996691277	-4.999999997753056	2.9257709257717224
3	0	3	0	1	3	2.45132320360692	-0.4743012636084698	1.1070972175457325
3	0	4	0	1	3	3.226058340964672	-0.7228117452629021	1.4915809618764482
3	0	5	0	1	3	2.7400445793367436	-0.5730946138888156	1.2492617119260019
3	0	6	0	1	3	3.921502188025773	-0.8547942826303494	1.8337394923184371
3	0	7	0	1	3	3.208320014929652	-0.7426678447958288	1.478381517265194
3	0	8	0	1	3	4.4073472584187625	-1.2190462390756114	1.9659448055199809
3	0	9	0	1	3	2.886208948886136	-0.6260010208926561	1.3044235795483412
3	0	10	0	1	3	4.003537066357492	-1.276589625988461	1.6695250264714823
3	0	11	0	1	3	4.003537066357492	-1.276589625988461	1.6695250264714823
3	0	12	0	1	3	4.003537066357492	-1.276589625988461	1.6695250264714823
3	0	13	0	1	3	4.003537066357492	-1.276589625988461	1.6695250264714823
3	0	14	0	1	3	4.003537066357492	-1.276589625988461	1.6695250264714823
3	0	0	1	1	3	3.470134851984365	-1.146467207224029	1.3852636799513147
3	0	1	1	1	3	3.470134851984365	-1.146467207224029	1.3852636799513147
3	0	2	1	1	3	8.429604474034477	-4.999999997373629	2.6962979340259197
3	0	3	1	1	3	1.9948198482578867	-0.2667079064365714	0.8624770374756157
3	0	4	1	1	3	4.352406350865084	-1.2664895937022784	1.911596834636697
3	0	5	1	1	3	2.1969978469899405	-0.32353548317570446	0.974940476619153
3	0	6	1	1	3	3.264760393271878	-0.8433068413666609	1.3872143959622574
3	0	7	1	1	3	2.18193733209548	-0.452026632678205	0.8844214835167925
3	0	8	1	1	3	3.3328783847629855	-0.7613832298109413	1.5290196420843296
3	0	9	1	1	3	2.0076741855971907	-0.2582879732482404	0.8361416352897528
3	0	10	1	1	3	3.470134851984365	-1.146467207224029	1.3852636799513147
3	0	11	1	1	3	3.470134851984365	-1.146467207224029	1.3852636799513147
3	0	12	1	1	3	3.470134851984365	-1.146467207224029	1.3852636799513147
3	0	13	1	1	3	3.470134851984365	-1.146467207224029	1.3852636799513147
3	0	14	1	1	3	3.470134851984365	-1.146467207224029	1.3852636799513147
#HTOF
5	0	0	0	1	3	0.000000e+00	0.000000e+00	0.000000e+00
5	0	1	0	1	3	0.000000e+00	0.000000e+00	0.000000e+00
5	0	2	0	1	3	0.000000e+00	0.000000e+00	0.000000e+00
5	0	3	0	1	3	0.000000e+00	0.000000e+00	0.000000e+00
5	0	4	0	1	3	0.000000e+00	0.000000e+00	0.000000e+00
5	0	5	0	1	3	0.000000e+00	0.000000e+00	0.000000e+00
5	0	6	0	1	3	0.000000e+00	0.000000e+00	0.000000e+00
5	0	7	0	1	3	0.000000e+00	0.000000e+00	0.000000e+00
5	0	8	0	1	3	0.000000e+00	0.000000e+00	0.000000e+00
5	0	9	0	1	3	0.000000e+00	0.000000e+00	0.000000e+00
5	0	10	0	1	3	0.000000e+00	0.000000e+00	0.000000e+00
5	0	11	0	1	3	0.000000e+00	0.000000e+00	0.000000e+00
5	0	12	0	1	3	0.000000e+00	0.000000e+00	0.000000e+00
5	0	13	0	1	3	0.000000e+00	0.000000e+00	0.000000e+00
5	0	14	0	1	3	0.000000e+00	0.000000e+00	0.000000e+00
5	0	15	0	1	3	0.000000e+00	0.000000e+00	0.000000e+00
5	0	16	0	1	3	0.000000e+00	0.000000e+00	0.000000e+00
5	0	17	0	1	3	0.000000e+00	0.000000e+00	0.000000e+00
5	0	18	0	1	3	0.000000e+00	0.000000e+00	0.000000e+00
5	0	19	0	1	3	0.000000e+00	0.000000e+00	0.000000e+00
5	0	20	0	1	3	0.000000e+00	0.000000e+00	0.000000e+00
5	0	21	0	1	3	0.000000e+00	0.000000e+00	0.000000e+00
5	0	22	0	1	3	0.000000e+00	0.000000e+00	0.000000e+00
5	0	23	0	1	3	0.000000e+00	0.000000e+00	0.000000e+00
5	0	24	0	1	3	0.000000e+00	0.000000e+00	0.000000e+00
5	0	25	0	1	3	0.000000e+00	0.000000e+00	0.000000e+00
5	0	26	0	1	3	0.000000e+00	0.000000e+00	0.000000e+00
5	0	27	0	1	3	0.000000e+00	0.000000e+00	0.000000e+00
5	0	28	0	1	3	0.000000e+00	0.000000e+00	0.000000e+00
5	0	29	0	1	3	0.000000e+00	0.000000e+00	0.000000e+00
5	0	30	0	1	3	0.000000e+00	0.000000e+00	0.000000e+00
5	0	31	0	1	3	0.000000e+00	0.000000e+00	0.000000e+00
5	0	32	0	1	3	0.000000e+00	0.000000e+00	0.000000e+00
5	0	33	0	1	3	0.000000e+00	0.000000e+00	0.000000e+00
5	0	0	1	1	3	0.000000e+00	0.000000e+00	0.000000e+00
5	0	1	1	1	3	0.000000e+00	0.000000e+00	0.000000e+00
5	0	2	1	1	3	0.000000e+00	0.000000e+00	0.000000e+00
5	0	3	1	1	3	0.000000e+00	0.000000e+00	0.000000e+00
5	0	4	1	1	3	0.000000e+00	0.000000e+00	0.000000e+00
5	0	5	1	1	3	0.000000e+00	0.000000e+00	0.000000e+00
5	0	6	1	1	3	0.000000e+00	0.000000e+00	0.000000e+00
5	0	7	1	1	3	0.000000e+00	0.000000e+00	0.000000e+00
5	0	8	1	1	3	0.000000e+00	0.000000e+00	0.000000e+00
5	0	9	1	1	3	0.000000e+00	0.000000e+00	0.000000e+00
5	0	10	1	1	3	0.000000e+00	0.000000e+00	0.000000e+00
5	0	11	1	1	3	0.000000e+00	0.000000e+00	0.000000e+00
5	0	12	1	1	3	0.000000e+00	0.000000e+00	0.000000e+00
5	0	13	1	1	3	0.000000e+00	0.000000e+00	0.000000e+00
5	0	14	1	1	3	0.000000e+00	0.000000e+00	0.000000e+00
5	0	15	1	1	3	0.000000e+00	0.000000e+00	0.000000e+00
5	0	16	1	1	3	0.000000e+00	0.000000e+00	0.000000e+00
5	0	17	1	1	3	0.000000e+00	0.000000e+00	0.000000e+00
5	0	18	1	1	3	0.000000e+00	0.000000e+00	0.000000e+00
5	0	19	1	1	3	0.000000e+00	0.000000e+00	0.000000e+00
5	0	20	1	1	3	0.000000e+00	0.000000e+00	0.000000e+00
5	0	21	1	1	3	0.000000e+00	0.000000e+00	0.000000e+00
5	0	22	1	1	3	0.000000e+00	0.000000e+00	0.000000e+00
5	0	23	1	1	3	0.000000e+00	0.000000e+00	0.000000e+00
5	0	24	1	1	3	0.000000e+00	0.000000e+00	0.000000e+00
5	0	25	1	1	3	0.000000e+00	0.000000e+00	0.000000e+00
5	0	26	1	1	3	0.000000e+00	0.000000e+00	0.000000e+00
5	0	27	1	1	3	0.000000e+00	0.000000e+00	0.000000e+00
5	0	28	1	1	3	0.000000e+00	0.000000e+00	0.000000e+00
5	0	29	1	1	3	0.000000e+00	0.000000e+00	0.000000e+00
5	0	30	1	1	3	0.000000e+00	0.000000e+00	0.000000e+00
5	0	31	1	1	3	0.000000e+00	0.000000e+00	0.000000e+00
5	0	32	1	1	3	0.000000e+00	0.000000e+00	0.000000e+00
5	0	33	1	1	3	0.000000e+00	0.000000e+00	0.000000e+00
#T1
7	0	0	0	1	3	5.78341247726273	-1.5718619702218515	2.8492635164483078
#CVC
8	0	0	0	1	3	0.000000e+00	0.000000e+00	0.000000e+00
8	0	1	0	1	3	0.000000e+00	0.000000e+00	0.000000e+00
8	0	2	0	1	3	0.000000e+00	0.000000e+00	0.000000e+00
8	0	3	0	1	3	0.000000e+00	0.000000e+00	0.000000e+00
8	0	4	0	1	3	0.000000e+00	0.000000e+00	0.000000e+00
8	0	5	0	1	3	0.000000e+00	0.000000e+00	0.000000e+00
8	0	6	0	1	3	0.000000e+00	0.000000e+00	0.000000e+00
8	0	7	0	1	3	0.000000e+00	0.000000e+00	0.000000e+00
8	0	0	1	1	3	0.000000e+00	0.000000e+00	0.000000e+00
8	0	1	1	1	3	0.000000e+00	0.000000e+00	0.000000e+00
8	0	2	1	1	3	0.000000e+00	0.000000e+00	0.000000e+00
8	0	3	1	1	3	0.000000e+00	0.000000e+00	0.000000e+00
8	0	4	1	1	3	0.000000e+00	0.000000e+00	0.000000e+00
8	0	5	1	1	3	0.000000e+00	0.000000e+00	0.000000e+00
8	0	6	1	1	3	0.000000e+00	0.000000e+00	0.000000e+00
8	0	7	1	1	3	0.000000e+00	0.000000e+00	0.000000e+00
#COBO
11	0	0	0	0	3	0.000000e+00	0.000000e+00	0.000000e+00
11	0	1	0	0	3	0.000000e+00	0.000000e+00	0.000000e+00
11	0	2	0	0	3	0.000000e+00	0.000000e+00	0.000000e+00
11	0	3	0	0	3	0.000000e+00	0.000000e+00	0.000000e+00
11	0	4	0	0	3	0.000000e+00	0.000000e+00	0.000000e+00
11	0	5	0	0	3	0.000000e+00	0.000000e+00	0.000000e+00
11	0	6	0	0	3	0.000000e+00	0.000000e+00	0.000000e+00
11	0	7	0	0	3	0.000000e+00	0.000000e+00	0.000000e+00
