#CId	PlId	SegId	UorD	Type	nParam	p0	p1	p2
#BHT
1	0	0	0	1	3	9.318878135100825	-0.6039521727270379	6.742660463559295
1	0	1	0	1	3	9.318878135100825	-0.6039521727270379	6.742660463559295
1	0	2	0	1	3	9.318878135100825	-0.6039521727270379	6.742660463559295
1	0	3	0	1	3	9.318878135100825	-0.6039521727270379	6.742660463559295
1	0	4	0	1	3	9.318878135100825	-0.6039521727270379	6.742660463559295
1	0	5	0	1	3	9.318878135100825	-0.6039521727270379	6.742660463559295
1	0	6	0	1	3	9.318878135100825	-0.6039521727270379	6.742660463559295
1	0	7	0	1	3	9.318878135100825	-0.6039521727270379	6.742660463559295
1	0	8	0	1	3	9.318878135100825	-0.6039521727270379	6.742660463559295
1	0	9	0	1	3	9.318878135100825	-0.6039521727270379	6.742660463559295
1	0	10	0	1	3	9.318878135100825	-0.6039521727270379	6.742660463559295
1	0	11	0	1	3	9.318878135100825	-0.6039521727270379	6.742660463559295
1	0	12	0	1	3	9.318878135100825	-0.6039521727270379	6.742660463559295
1	0	13	0	1	3	9.318878135100825	-0.6039521727270379	6.742660463559295
1	0	14	0	1	3	9.318878135100825	-0.6039521727270379	6.742660463559295
1	0	15	0	1	3	14.99999984823018	-1.6694004753251934	9.233876015119405
1	0	16	0	1	3	14.001447209982238	-0.9236233553919604	9.999999895369417
1	0	17	0	1	3	14.49212849210755	-1.0223429111574682	9.999998605254902
1	0	18	0	1	3	3.697907310470786	0.0395537428056576	3.6113088295641234
1	0	19	0	1	3	2.803171680079125	0.19866652872926682	2.958556861781232
1	0	20	0	1	3	3.302417170794671	0.07806601666247026	3.272216300868206
1	0	21	0	1	3	4.76957905671186	0.12221321100491078	4.871977422268671
1	0	22	0	1	3	3.1594001777693728	0.12679830026963756	3.201239700949433
1	0	23	0	1	3	14.99220003820281	-1.2004243172327254	9.944965509113155
1	0	24	0	1	3	14.999999471422495	-1.2430468231085006	9.815744288524826
1	0	25	0	1	3	14.106684652218195	-0.9103598477695565	9.999999027184506
1	0	26	0	1	3	9.77396303008998	-0.748606506557425	7.184616453905436
1	0	27	0	1	3	6.125066091111366	-0.3271782112231927	5.127193492818243
1	0	28	0	1	3	2.369095621312925	0.49400281114746747	3.1149903432051715
1	0	29	0	1	3	9.005378326066413	-0.7055775978842291	6.670792521326909
1	0	30	0	1	3	14.999999265534145	-1.2295951829166434	9.822625545815686
1	0	31	0	1	3	1.607531456971779	0.30048448426002583	1.7165560477988118
1	0	32	0	1	3	6.204283814479056	-0.27558830560791403	5.281291689597999
1	0	33	0	1	3	14.895159890141318	-1.2764914536830774	9.71160473503419
1	0	34	0	1	3	13.741800585102041	-1.072812999961183	9.37789457969833
1	0	35	0	1	3	10.095177010143965	-0.7250587339061605	7.487949937582082
1	0	36	0	1	3	14.829627927587751	-1.110061149619756	9.999999822728462
1	0	37	0	1	3	14.549383572351445	-1.0385307168595275	9.999999134241222
1	0	38	0	1	3	3.5825864089543447	0.11428714610315183	3.624980831489223
1	0	39	0	1	3	7.403688234053669	-0.42451470026625593	6.022989203817978
1	0	40	0	1	3	9.420061204181644	-0.7276112138875783	6.998182422969365
1	0	41	0	1	3	2.7104992432618555	0.17082635080716813	2.8446173890936977
1	0	42	0	1	3	14.999998847676261	-1.3357067431241223	9.624793846264891
1	0	43	0	1	3	1.981595126245412	0.29259136563791266	2.185591521180899
1	0	44	0	1	3	14.80326863196827	-1.110502687918414	9.999999502311676
1	0	45	0	1	3	14.999479275286305	-1.211247247727202	9.91185096966144
1	0	46	0	1	3	14.89705527307066	-1.3895020459848402	9.497943588883214
1	0	47	0	1	3	2.0185069653264383	0.17340393098568718	2.0720372505580276
1	0	48	0	1	3	7.05133450680183	-0.5607929837442613	5.482086986491056
1	0	49	0	1	3	3.0901374601157063	0.015664138217789336	2.9805350669068464
1	0	50	0	1	3	14.999999987805799	-1.6302600339473248	9.084771348755895
1	0	51	0	1	3	9.318878135100825	-0.6039521727270379	6.742660463559295
1	0	52	0	1	3	9.318878135100825	-0.6039521727270379	6.742660463559295
1	0	53	0	1	3	9.318878135100825	-0.6039521727270379	6.742660463559295
1	0	54	0	1	3	9.318878135100825	-0.6039521727270379	6.742660463559295
1	0	55	0	1	3	9.318878135100825	-0.6039521727270379	6.742660463559295
1	0	56	0	1	3	9.318878135100825	-0.6039521727270379	6.742660463559295
1	0	57	0	1	3	9.318878135100825	-0.6039521727270379	6.742660463559295
1	0	58	0	1	3	9.318878135100825	-0.6039521727270379	6.742660463559295
1	0	59	0	1	3	9.318878135100825	-0.6039521727270379	6.742660463559295
1	0	60	0	1	3	9.318878135100825	-0.6039521727270379	6.742660463559295
1	0	61	0	1	3	9.318878135100825	-0.6039521727270379	6.742660463559295
1	0	62	0	1	3	9.318878135100825	-0.6039521727270379	6.742660463559295
1	0	0	1	1	3	10.214227677052492	-0.7114460573145639	7.387206385816963
1	0	1	1	1	3	10.214227677052492	-0.7114460573145639	7.387206385816963
1	0	2	1	1	3	10.214227677052492	-0.7114460573145639	7.387206385816963
1	0	3	1	1	3	10.214227677052492	-0.7114460573145639	7.387206385816963
1	0	4	1	1	3	10.214227677052492	-0.7114460573145639	7.387206385816963
1	0	5	1	1	3	10.214227677052492	-0.7114460573145639	7.387206385816963
1	0	6	1	1	3	10.214227677052492	-0.7114460573145639	7.387206385816963
1	0	7	1	1	3	10.214227677052492	-0.7114460573145639	7.387206385816963
1	0	8	1	1	3	10.214227677052492	-0.7114460573145639	7.387206385816963
1	0	9	1	1	3	10.214227677052492	-0.7114460573145639	7.387206385816963
1	0	10	1	1	3	10.214227677052492	-0.7114460573145639	7.387206385816963
1	0	11	1	1	3	10.214227677052492	-0.7114460573145639	7.387206385816963
1	0	12	1	1	3	10.214227677052492	-0.7114460573145639	7.387206385816963
1	0	13	1	1	3	10.214227677052492	-0.7114460573145639	7.387206385816963
1	0	14	1	1	3	10.214227677052492	-0.7114460573145639	7.387206385816963
1	0	15	1	1	3	12.454460322573121	-0.5661996613469826	9.999913877047344
1	0	16	1	1	3	13.718764553298328	-0.867873449734005	9.99999997656376
1	0	17	1	1	3	14.986619688737731	-1.425797757651619	9.451769404452932
1	0	18	1	1	3	14.465413690287122	-1.2748529059431055	9.419911619266836
1	0	19	1	1	3	13.813234555760626	-0.8594962089141882	9.999999999082142
1	0	20	1	1	3	14.989509550547623	-1.580140304201326	9.189739325049544
1	0	21	1	1	3	14.270344785277564	-0.9544154389539496	9.9999999255799
1	0	22	1	1	3	2.627775278475968	0.1269294472369369	2.646327262175084
1	0	23	1	1	3	14.953390067362701	-1.325178586808112	9.637368022012566
1	0	24	1	1	3	6.006814509322827	-0.17980794711735726	5.357373962462593
1	0	25	1	1	3	14.999997636214088	-1.2715848797590694	9.744905514077065
1	0	26	1	1	3	6.8325696511324585	-0.3731130755958265	5.624315825656269
1	0	27	1	1	3	3.8739772106208576	-0.02429339371104078	3.6435454475096822
1	0	28	1	1	3	14.015773879020918	-0.8886082536983082	9.99999298338964
1	0	29	1	1	3	3.910568810778047	-0.030025676884922525	3.647720823013821
1	0	30	1	1	3	6.483452195073989	-0.42096411101087217	5.225004039986101
1	0	31	1	1	3	9.55159034959058	-0.8241044623323708	6.872928205421573
1	0	32	1	1	3	3.8265621228401656	0.1494561492362836	3.9182910606562746
1	0	33	1	1	3	8.565274937273573	-0.28456412751021976	7.386301803698807
1	0	34	1	1	3	3.404086094874128	0.06226960811903126	3.3297902748892367
1	0	35	1	1	3	14.999999933203009	-1.5292136653047401	9.264592847774301
1	0	36	1	1	3	9.407982352547629	-0.6548260676091795	7.107009641148792
1	0	37	1	1	3	14.952054762417358	-1.1585164926651674	9.999999987211034
1	0	38	1	1	3	4.781501461541495	-0.10250426411599367	4.349892635485337
1	0	39	1	1	3	5.279583076712703	-0.23136782423274038	4.59384866877455
1	0	40	1	1	3	7.053408330943512	-0.3625302183791792	5.866216520315538
1	0	41	1	1	3	14.976487976047583	-1.1765572797852535	9.99999999080513
1	0	42	1	1	3	4.710390455623373	-0.11991084218311077	4.2859020006313076
1	0	43	1	1	3	14.725281521356854	-1.4529082002940767	9.223318946779997
1	0	44	1	1	3	14.999999981392179	-1.2262728211263108	9.869337607342077
1	0	45	1	1	3	14.874212378344177	-1.1373347875582693	9.999999444687335
1	0	46	1	1	3	7.351970053459561	-0.34649280118130577	6.18926104115053
1	0	47	1	1	3	6.3521563760745074	-0.3456466321718228	5.300221917884105
1	0	48	1	1	3	8.90273582660923	-0.7947520866345021	6.479000697971829
1	0	49	1	1	3	12.678995446681357	-1.2418666020932263	8.315629499347063
1	0	50	1	1	3	13.915256551872726	-0.918992441408399	9.999999090110574
1	0	51	1	1	3	10.214227677052492	-0.7114460573145639	7.387206385816963
1	0	52	1	1	3	10.214227677052492	-0.7114460573145639	7.387206385816963
1	0	53	1	1	3	10.214227677052492	-0.7114460573145639	7.387206385816963
1	0	54	1	1	3	10.214227677052492	-0.7114460573145639	7.387206385816963
1	0	55	1	1	3	10.214227677052492	-0.7114460573145639	7.387206385816963
1	0	56	1	1	3	10.214227677052492	-0.7114460573145639	7.387206385816963
1	0	57	1	1	3	10.214227677052492	-0.7114460573145639	7.387206385816963
1	0	58	1	1	3	10.214227677052492	-0.7114460573145639	7.387206385816963
1	0	59	1	1	3	10.214227677052492	-0.7114460573145639	7.387206385816963
1	0	60	1	1	3	10.214227677052492	-0.7114460573145639	7.387206385816963
1	0	61	1	1	3	10.214227677052492	-0.7114460573145639	7.387206385816963
1	0	62	1	1	3	10.214227677052492	-0.7114460573145639	7.387206385816963
#BH2
3	0	0	0	1	3	2.482211040165414	-0.3359211976708246	1.7957981725504084
3	0	1	0	1	3	2.482211040165414	-0.3359211976708246	1.7957981725504084
3	0	2	0	1	3	5.791582350926108	-1.360280475009647	3.710870810498852
3	0	3	0	1	3	2.0792282289555617	-0.21939609218515255	1.6002524941124996
3	0	4	0	1	3	2.163302658754688	-0.2181095819694283	1.620042565610503
3	0	5	0	1	3	2.1068254841862477	-0.19766509101445173	1.6297120799551865
3	0	6	0	1	3	2.447918183580302	-0.21743326102755045	1.8088360682065563
3	0	7	0	1	3	2.0190960731838166	-0.1692938472750214	1.561281639782659
3	0	8	0	1	3	2.6091148880144464	-0.4244792716454935	1.8295187261644803
3	0	9	0	1	3	2.0258135259033354	-0.1776303905591412	1.550039811301092
3	0	10	0	1	3	1.0970179679842196	-0.039002768351535266	0.8516293573218476
3	0	11	0	1	3	2.482211040165414	-0.3359211976708246	1.7957981725504084
3	0	12	0	1	3	2.482211040165414	-0.3359211976708246	1.7957981725504084
3	0	13	0	1	3	2.482211040165414	-0.3359211976708246	1.7957981725504084
3	0	14	0	1	3	2.482211040165414	-0.3359211976708246	1.7957981725504084
3	0	0	1	1	3	2.528747685405752	-0.4445018431639851	1.7220572274818358
3	0	1	1	1	3	2.528747685405752	-0.4445018431639851	1.7220572274818358
3	0	2	1	1	3	7.848920561825151	-2.6909665355726147	4.133644302057825
3	0	3	1	1	3	1.8710758456496277	-0.16150899559285392	1.4556795699773772
3	0	4	1	1	3	1.9363440275055845	-0.16654050245837038	1.4608616530740792
3	0	5	1	1	3	1.9466737424623017	-0.14556413483535113	1.5251714324045516
3	0	6	1	1	3	2.0046312949360066	-0.19832689300613104	1.4486859564445704
3	0	7	1	1	3	1.6401706762024906	-0.09559594176539488	1.2775389652697244
3	0	8	1	1	3	2.1475769278327173	-0.1830318225547387	1.6135369140777134
3	0	9	1	1	3	1.7419347326651329	-0.06475369829593092	1.374295567752149
3	0	10	1	1	3	1.621401359572752	-0.29422806439448035	1.2091006862785307
3	0	11	1	1	3	2.528747685405752	-0.4445018431639851	1.7220572274818358
3	0	12	1	1	3	2.528747685405752	-0.4445018431639851	1.7220572274818358
3	0	13	1	1	3	2.528747685405752	-0.4445018431639851	1.7220572274818358
3	0	14	1	1	3	2.528747685405752	-0.4445018431639851	1.7220572274818358
#HTOF
5	0	0	0	1	3	0.000000e+00	0.000000e+00	0.000000e+00
5	0	1	0	1	3	0.000000e+00	0.000000e+00	0.000000e+00
5	0	2	0	1	3	0.000000e+00	0.000000e+00	0.000000e+00
5	0	3	0	1	3	0.000000e+00	0.000000e+00	0.000000e+00
5	0	4	0	1	3	0.000000e+00	0.000000e+00	0.000000e+00
5	0	5	0	1	3	0.000000e+00	0.000000e+00	0.000000e+00
5	0	6	0	1	3	0.000000e+00	0.000000e+00	0.000000e+00
5	0	7	0	1	3	0.000000e+00	0.000000e+00	0.000000e+00
5	0	8	0	1	3	0.000000e+00	0.000000e+00	0.000000e+00
5	0	9	0	1	3	0.000000e+00	0.000000e+00	0.000000e+00
5	0	10	0	1	3	0.000000e+00	0.000000e+00	0.000000e+00
5	0	11	0	1	3	0.000000e+00	0.000000e+00	0.000000e+00
5	0	12	0	1	3	0.000000e+00	0.000000e+00	0.000000e+00
5	0	13	0	1	3	0.000000e+00	0.000000e+00	0.000000e+00
5	0	14	0	1	3	0.000000e+00	0.000000e+00	0.000000e+00
5	0	15	0	1	3	0.000000e+00	0.000000e+00	0.000000e+00
5	0	16	0	1	3	0.000000e+00	0.000000e+00	0.000000e+00
5	0	17	0	1	3	0.000000e+00	0.000000e+00	0.000000e+00
5	0	18	0	1	3	0.000000e+00	0.000000e+00	0.000000e+00
5	0	19	0	1	3	0.000000e+00	0.000000e+00	0.000000e+00
5	0	20	0	1	3	0.000000e+00	0.000000e+00	0.000000e+00
5	0	21	0	1	3	0.000000e+00	0.000000e+00	0.000000e+00
5	0	22	0	1	3	0.000000e+00	0.000000e+00	0.000000e+00
5	0	23	0	1	3	0.000000e+00	0.000000e+00	0.000000e+00
5	0	24	0	1	3	0.000000e+00	0.000000e+00	0.000000e+00
5	0	25	0	1	3	0.000000e+00	0.000000e+00	0.000000e+00
5	0	26	0	1	3	0.000000e+00	0.000000e+00	0.000000e+00
5	0	27	0	1	3	0.000000e+00	0.000000e+00	0.000000e+00
5	0	28	0	1	3	0.000000e+00	0.000000e+00	0.000000e+00
5	0	29	0	1	3	0.000000e+00	0.000000e+00	0.000000e+00
5	0	30	0	1	3	0.000000e+00	0.000000e+00	0.000000e+00
5	0	31	0	1	3	0.000000e+00	0.000000e+00	0.000000e+00
5	0	32	0	1	3	0.000000e+00	0.000000e+00	0.000000e+00
5	0	33	0	1	3	0.000000e+00	0.000000e+00	0.000000e+00
5	0	0	1	1	3	0.000000e+00	0.000000e+00	0.000000e+00
5	0	1	1	1	3	0.000000e+00	0.000000e+00	0.000000e+00
5	0	2	1	1	3	0.000000e+00	0.000000e+00	0.000000e+00
5	0	3	1	1	3	0.000000e+00	0.000000e+00	0.000000e+00
5	0	4	1	1	3	0.000000e+00	0.000000e+00	0.000000e+00
5	0	5	1	1	3	0.000000e+00	0.000000e+00	0.000000e+00
5	0	6	1	1	3	0.000000e+00	0.000000e+00	0.000000e+00
5	0	7	1	1	3	0.000000e+00	0.000000e+00	0.000000e+00
5	0	8	1	1	3	0.000000e+00	0.000000e+00	0.000000e+00
5	0	9	1	1	3	0.000000e+00	0.000000e+00	0.000000e+00
5	0	10	1	1	3	0.000000e+00	0.000000e+00	0.000000e+00
5	0	11	1	1	3	0.000000e+00	0.000000e+00	0.000000e+00
5	0	12	1	1	3	0.000000e+00	0.000000e+00	0.000000e+00
5	0	13	1	1	3	0.000000e+00	0.000000e+00	0.000000e+00
5	0	14	1	1	3	0.000000e+00	0.000000e+00	0.000000e+00
5	0	15	1	1	3	0.000000e+00	0.000000e+00	0.000000e+00
5	0	16	1	1	3	0.000000e+00	0.000000e+00	0.000000e+00
5	0	17	1	1	3	0.000000e+00	0.000000e+00	0.000000e+00
5	0	18	1	1	3	0.000000e+00	0.000000e+00	0.000000e+00
5	0	19	1	1	3	0.000000e+00	0.000000e+00	0.000000e+00
5	0	20	1	1	3	0.000000e+00	0.000000e+00	0.000000e+00
5	0	21	1	1	3	0.000000e+00	0.000000e+00	0.000000e+00
5	0	22	1	1	3	0.000000e+00	0.000000e+00	0.000000e+00
5	0	23	1	1	3	0.000000e+00	0.000000e+00	0.000000e+00
5	0	24	1	1	3	0.000000e+00	0.000000e+00	0.000000e+00
5	0	25	1	1	3	0.000000e+00	0.000000e+00	0.000000e+00
5	0	26	1	1	3	0.000000e+00	0.000000e+00	0.000000e+00
5	0	27	1	1	3	0.000000e+00	0.000000e+00	0.000000e+00
5	0	28	1	1	3	0.000000e+00	0.000000e+00	0.000000e+00
5	0	29	1	1	3	0.000000e+00	0.000000e+00	0.000000e+00
5	0	30	1	1	3	0.000000e+00	0.000000e+00	0.000000e+00
5	0	31	1	1	3	0.000000e+00	0.000000e+00	0.000000e+00
5	0	32	1	1	3	0.000000e+00	0.000000e+00	0.000000e+00
5	0	33	1	1	3	0.000000e+00	0.000000e+00	0.000000e+00
#T1
7	0	0	0	1	3	3.733305533710434	-0.7575371485252598	2.624219640393992
#CVC
8	0	0	0	1	3	0.000000e+00	0.000000e+00	0.000000e+00
8	0	1	0	1	3	0.000000e+00	0.000000e+00	0.000000e+00
8	0	2	0	1	3	0.000000e+00	0.000000e+00	0.000000e+00
8	0	3	0	1	3	0.000000e+00	0.000000e+00	0.000000e+00
8	0	4	0	1	3	0.000000e+00	0.000000e+00	0.000000e+00
8	0	5	0	1	3	0.000000e+00	0.000000e+00	0.000000e+00
8	0	6	0	1	3	0.000000e+00	0.000000e+00	0.000000e+00
8	0	7	0	1	3	0.000000e+00	0.000000e+00	0.000000e+00
8	0	0	1	1	3	0.000000e+00	0.000000e+00	0.000000e+00
8	0	1	1	1	3	0.000000e+00	0.000000e+00	0.000000e+00
8	0	2	1	1	3	0.000000e+00	0.000000e+00	0.000000e+00
8	0	3	1	1	3	0.000000e+00	0.000000e+00	0.000000e+00
8	0	4	1	1	3	0.000000e+00	0.000000e+00	0.000000e+00
8	0	5	1	1	3	0.000000e+00	0.000000e+00	0.000000e+00
8	0	6	1	1	3	0.000000e+00	0.000000e+00	0.000000e+00
8	0	7	1	1	3	0.000000e+00	0.000000e+00	0.000000e+00
#COBO
11	0	0	0	0	3	0.000000e+00	0.000000e+00	0.000000e+00
11	0	1	0	0	3	0.000000e+00	0.000000e+00	0.000000e+00
11	0	2	0	0	3	0.000000e+00	0.000000e+00	0.000000e+00
11	0	3	0	0	3	0.000000e+00	0.000000e+00	0.000000e+00
11	0	4	0	0	3	0.000000e+00	0.000000e+00	0.000000e+00
11	0	5	0	0	3	0.000000e+00	0.000000e+00	0.000000e+00
11	0	6	0	0	3	0.000000e+00	0.000000e+00	0.000000e+00
11	0	7	0	0	3	0.000000e+00	0.000000e+00	0.000000e+00
