#CId	PlId	SegId	UorD	Type	nParam	p0	p1	p2
#BHT
1	0	0	0	1	3	14.035190922673856	-0.8062629533706973	9.99999341629056
1	0	1	0	1	3	14.998584723278936	-2.062030910588446	8.336976593408219
1	0	2	0	1	3	0.0010021450583397973	-4.6074972280742585	-0.383612189560801
1	0	3	0	1	3	0.0010309999926747923	-4.984615300666079	-0.29210754776445014
1	0	4	0	1	3	10.861678495009834	-0.016875293987030027	9.999991831232302
1	0	5	0	1	3	8.192552736858705	-4.976006048525862	2.9700892118557185
1	0	6	0	1	3	14.999945589413658	-1.974319187223463	8.098874325386292
1	0	7	0	1	3	10.223202006853409	0.09019757274736584	9.999999962841278
1	0	8	0	1	3	11.601180057803969	-4.975218536499964	4.1874339768624935
1	0	9	0	1	3	14.404923297098858	-4.7598111486415124	5.5466702052436005
1	0	10	0	1	3	0.0010003038080456316	-4.999823948252814	-0.6256898699425699
1	0	11	0	1	3	0.2943698217804182	0.6749999696519984	0.02043463346593355
1	0	12	0	1	3	1.8882169313767692	0.6249999994815907	2.7260958438869305
1	0	13	0	1	3	14.999928830303652	-3.574433236846618	6.61829799106313
1	0	14	0	1	3	0.0010024437824139104	-4.992217212875178	-0.32978993339531737
1	0	15	0	1	3	0.7023000671595129	0.7094426001258327	0.9803261378312378
1	0	16	0	1	3	2.419279554514074	0.18434584785974817	2.3474643797950443
1	0	17	0	1	3	14.999996904178467	-1.3600310556404116	9.423082980719816
1	0	18	0	1	3	8.389677066210485	-0.4099983367573099	6.759092550231091
1	0	19	0	1	3	1.5971441362683707	0.3249999990675816	1.5985982105713417
1	0	20	0	1	3	1.9717955446772837	0.35782280022172586	2.0984282007854693
1	0	21	0	1	3	2.763771014650922	0.11855944304988242	2.5934974705215463
1	0	22	0	1	3	2.413184824541163	0.20989286697592036	2.358036637322397
1	0	23	0	1	3	2.9781619646781023	0.15829085308279645	2.8741380716452225
1	0	24	0	1	3	14.999999753342257	-1.5254958204542914	9.075900680676359
1	0	25	0	1	3	1.0814753832188218	0.6008253953453817	1.3439201754084573
1	0	26	0	1	3	1.502440725555017	0.5270616134379376	1.7824712717607691
1	0	27	0	1	3	2.9048734002744974	0.11090682157798604	2.7240370705853465
1	0	28	0	1	3	14.999999194277857	-1.196844174451308	9.739194136000151
1	0	29	0	1	3	14.999999842161854	-1.3716426805278612	9.370259257374663
1	0	30	0	1	3	12.183291229670175	-1.247939979017696	7.748683057572054
1	0	31	0	1	3	1.0498779940461886	0.4452502843645618	1.0424690060499815
1	0	32	0	1	3	4.608317391697281	-0.1466253682429386	3.939600707788765
1	0	33	0	1	3	14.99999986540071	-2.0083411610749073	8.307560520902653
1	0	34	0	1	3	14.999999642889971	-1.3642342380875498	9.41408766000811
1	0	35	0	1	3	1.5287421663711016	0.3697905614626542	1.5591274386425722
1	0	36	0	1	3	8.550766010584761	-0.5187146333533406	6.5413958460919845
1	0	37	0	1	3	3.175076408137697	0.07210968450856292	2.971664012066215
1	0	38	0	1	3	14.978135665663528	-1.7867119528537962	8.664958907219422
1	0	39	0	1	3	5.17172354596975	-0.1923590461583098	4.369506438181388
1	0	40	0	1	3	10.710166359420652	-1.1184865151539998	7.038427392301843
1	0	41	0	1	3	14.999999127397832	-1.4223968058392096	9.346645235474423
1	0	42	0	1	3	14.999999986452591	-1.3979037052331464	9.329697357418112
1	0	43	0	1	3	1.7365178019200196	0.3006870245464146	1.7443981775733226
1	0	44	0	1	3	11.545166956634494	-1.064610918824613	7.696336625847755
1	0	45	0	1	3	2.3669974791008115	0.2732684722127825	2.4367386229438783
1	0	46	0	1	3	14.1811267742813	-1.6616822464362673	8.374921129234751
1	0	47	0	1	3	2.749900044902848	0.10864626752161222	2.5869822697550533
1	0	48	0	1	3	2.9991540004163224	0.0017682835533872066	2.6733910437529556
1	0	49	0	1	3	14.999998322448825	-1.8565158067720309	8.515847963101539
1	0	50	0	1	3	2.8274992070317704	-0.0014381288796894154	2.3826788237707937
1	0	51	0	1	3	14.999992621516181	-1.7104896025147944	8.555723202255262
1	0	52	0	1	3	1.2464228438192841	0.18060106000852816	0.6864221887285904
1	0	53	0	1	3	14.999999241608274	-1.9574323905292217	8.033677464508257
1	0	54	0	1	3	0.0010003111358558795	-4.999599534158259	-0.5413380808887631
1	0	55	0	1	3	14.995105892602508	-1.132367779197486	9.597367238226985
1	0	56	0	1	3	1.0106980974650752	0.3832317168118955	0.719604694902872
1	0	57	0	1	3	0.2808464656585615	0.3749999999980105	-0.34100309395935513
1	0	58	0	1	3	1.2122941801163734	0.3210878611007084	0.8468527991649126
1	0	59	0	1	3	1.0142726760633591	0.4749999936291758	0.7263521423789232
1	0	60	0	1	3	0.2880905897780599	0.6871162589966922	-0.18788655920857567
1	0	61	0	1	3	0.10961186900668371	0.6749999999896188	-0.5111067917455836
1	0	62	0	1	3	14.999996179573401	-2.761303765587832	7.195905692703938
1	0	0	1	1	3	0.0010063457428883336	-4.998155100454528	-0.8307681252363995
1	0	1	1	1	3	14.999357925838499	-2.687538593268115	7.973178604697759
1	0	2	1	1	3	0.0010000283905946953	-4.997543183281413	-0.4671014160532363
1	0	3	1	1	3	0.6663514748454773	0.8749999999829594	1.527655055186247
1	0	4	1	1	3	9.584428432134509	0.16124182149805577	9.999999990198827
1	0	5	1	1	3	14.997423598740005	-1.8017184873500942	8.690203930012519
1	0	6	1	1	3	0.001005337622756381	-4.997901427238535	-0.17831415301447784
1	0	7	1	1	3	0.36033847675312514	0.6107492887257235	0.05215703932881821
1	0	8	1	1	3	14.999946476697144	-1.2856005520627098	9.702965140743633
1	0	9	1	1	3	13.751484257978035	-0.7254178737192145	9.999999944921477
1	0	10	1	1	3	14.077825226921554	-0.8077595225308638	9.999942426435394
1	0	11	1	1	3	0.0010120023371057655	-4.971023859975992	-0.5923667945666391
1	0	12	1	1	3	1.6730095631517308	0.671810745202464	2.4593631701153345
1	0	13	1	1	3	0.0010007340909786932	-4.99965668230676	-0.06043231000993021
1	0	14	1	1	3	14.999995019505423	-1.3523450462059667	9.548805656839946
1	0	15	1	1	3	1.6179057504947187	0.27002284848485125	1.5711435822199342
1	0	16	1	1	3	1.6198803592917368	0.492085974666125	1.9658527781487272
1	0	17	1	1	3	14.999999803505114	-1.3228154341041503	9.48502625829662
1	0	18	1	1	3	1.0837654248827753	0.5982338331983978	1.362419271775087
1	0	19	1	1	3	1.1221424568569363	0.5719699441537749	1.3709126095532715
1	0	20	1	1	3	8.297824778558486	-0.6172052297843873	6.14652559055038
1	0	21	1	1	3	4.297950324423995	-0.049757773868066124	3.8287958630969223
1	0	22	1	1	3	14.987932928719555	-1.116972645254919	9.913922856180903
1	0	23	1	1	3	6.727807468606875	-0.42694018374973997	5.230365810441784
1	0	24	1	1	3	4.267758464569949	-0.1139963560102899	3.6439670533926574
1	0	25	1	1	3	0.8205916631458746	0.6303676365759454	0.9910538039347454
1	0	26	1	1	3	14.391324866867025	-1.0343476737442425	9.691573188370192
1	0	27	1	1	3	2.116333636147654	0.23306228850568278	2.0548994375966814
1	0	28	1	1	3	5.228317745634217	-0.2766594208103781	4.229895551780998
1	0	29	1	1	3	2.7245129866614084	0.1073306074291196	2.506347575096564
1	0	30	1	1	3	0.42731268566731806	0.772115259314833	0.5465603729175141
1	0	31	1	1	3	4.915201867906735	-0.02860775628055645	4.473830581843112
1	0	32	1	1	3	1.3998362400049058	0.5509890585374428	1.714151289868914
1	0	33	1	1	3	7.030460706088892	-0.47746930656950415	5.441500892118922
1	0	34	1	1	3	3.9719412335435154	-0.10566545237046387	3.4090148910580007
1	0	35	1	1	3	2.9062374481759687	0.3269184748988456	3.14188299179085
1	0	36	1	1	3	3.1051677028707556	0.12865794410057152	2.946650115520916
1	0	37	1	1	3	14.98812272752246	-1.1050287814767445	9.999999963223985
1	0	38	1	1	3	2.7957688030441217	0.15217127272638553	2.662909479393614
1	0	39	1	1	3	2.750857253530167	0.10365278909480757	2.538610214498439
1	0	40	1	1	3	2.0983903499277288	0.2475598890348767	2.0693363404835887
1	0	41	1	1	3	3.2039440440057416	0.2566155996664099	3.3360262847773603
1	0	42	1	1	3	4.698413139452737	-0.16262740085440264	4.0083600689829595
1	0	43	1	1	3	11.89647024464742	-1.0345784729015168	8.003467941327568
1	0	44	1	1	3	4.882082220663057	-0.0945877825336181	4.282400107971261
1	0	45	1	1	3	14.980680717074119	-1.3166277916054243	9.504093211693702
1	0	46	1	1	3	3.021375019759523	0.07763797365115988	2.7901156443294575
1	0	47	1	1	3	4.7452968385862615	-0.15570439042332396	4.04975753791008
1	0	48	1	1	3	2.908796976114175	0.02564951474081667	2.5817762881220183
1	0	49	1	1	3	3.3124626311839775	0.13901827791852028	3.1733150246129034
1	0	50	1	1	3	0.9242276701901776	0.4249999999838021	0.7775255046999299
1	0	51	1	1	3	14.99999993310222	-1.077408892723422	9.915310998659317
1	0	52	1	1	3	0.9143910363011079	0.28097132209359277	0.28612027361433756
1	0	53	1	1	3	13.210735047190699	-0.601760616255083	9.999999999441613
1	0	54	1	1	3	14.999998443541635	-1.0725905228022046	9.770057504000969
1	0	55	1	1	3	1.3966104039851572	0.26831480589634626	0.9470630681268917
1	0	56	1	1	3	9.781469491936386	-0.9581608077924626	6.403458226861169
1	0	57	1	1	3	0.4595288323134818	0.39361753437594427	-0.07968387626200313
1	0	58	1	1	3	14.999999017912561	-1.1338373485937674	9.6980979972488
1	0	59	1	1	3	0.001000077767539246	-4.999596973052246	-0.5633002334547361
1	0	60	1	1	3	0.0695834738279658	0.6749999996589757	-0.6299672438695736
1	0	61	1	1	3	1.2530311594226204	0.4749999999994916	0.9044466932939366
1	0	62	1	1	3	4.670947224925969	-0.8100010825373074	2.8065274245418763
#BH2
3	0	0	0	1	3	8.900612018544868	-4.999999751789157	3.4230251006130903
3	0	1	0	1	3	0.1253512102840186	0.42499999998432614	-0.3872811708526879
3	0	2	0	1	3	2.6922671704853496	-0.3504427131231358	1.9632602907306502
3	0	3	0	1	3	2.0872156558620722	-0.29359768033090106	1.4284765908515382
3	0	4	0	1	3	2.8076017240074096	-0.5221342920933836	1.795041563040888
3	0	5	0	1	3	2.588649595097007	-0.4276056195859397	1.7353530591823132
3	0	6	0	1	3	5.531531293745974	-1.33349959719889	3.0489645341225264
3	0	7	0	1	3	2.408413423642744	-0.32063876209166065	1.6512169643888268
3	0	8	0	1	3	3.344128526805352	-0.7037355408528061	2.057519697868486
3	0	9	0	1	3	2.549689100665221	-0.3938999634675051	1.7060899591075769
3	0	10	0	1	3	1.2444140910184425	-0.4233410567407372	0.5026999722971324
3	0	11	0	1	3	1.3185478203336887	-4.999999896313723	-0.03473511577062571
3	0	12	0	1	3	0.00923037357096676	0.47499999992048636	-0.7039352069301918
3	0	13	0	1	3	0.0010000334636515063	-4.9998088186125	-0.4825684213410646
3	0	14	0	1	3	0.0010005628988642406	-4.998210996350157	-0.4800272744929188
3	0	0	1	1	3	10.076980935853816	-2.037061035595981	5.706530545396123
3	0	1	1	1	3	11.286306162157524	-2.1329425914586704	6.048434702161902
3	0	2	1	1	3	11.349838767387515	-4.999999588870166	4.314480215981913
3	0	3	1	1	3	2.371001385374277	-0.4275041946127418	1.5830907363923234
3	0	4	1	1	3	2.462653624224657	-0.4240063617949623	1.5905388446567321
3	0	5	1	1	3	1.9855758094894511	-0.1725487886162691	1.4033976083783557
3	0	6	1	1	3	2.9847444363034343	-0.7132554434847496	1.7541387107482667
3	0	7	1	1	3	1.9239956919380536	-0.22146584939414105	1.306356766527259
3	0	8	1	1	3	3.1986831692073263	-0.6482024933528248	1.9973974589494907
3	0	9	1	1	3	3.8113973238262613	-0.9831672320949805	2.260858501035486
3	0	10	1	1	3	1.2059878864259326	-0.7336549345981229	0.30829724723733243
3	0	11	1	1	3	0.022147635654641593	0.5749999968182395	-0.6316838939193302
3	0	12	1	1	3	2.3916071345727046	-0.7706011702749826	1.1840668323683161
3	0	13	1	1	3	0.405562502155504	0.1452794015287191	0.11467454143455358
3	0	14	1	1	3	13.663249463735326	-4.999999954742591	5.18922713001596
#HTOF
5	0	0	0	1	3	1.121606343010758	0.1909682155178105	1.8964352658742767
5	0	1	0	1	3	0.0010000013196954636	-4.994268602143415	1.4086719937725753
5	0	2	0	1	3	0.6649855715963217	0.12350326059473815	1.3779620306378701
5	0	3	0	1	3	0.0010000054424167085	0.29335704414616615	-1.6162947138184292
5	0	4	0	1	3	1.244450286577359	0.12231532085145957	1.7568259808451474
5	0	5	0	1	3	1.3568522405774484	0.33632679137856236	2.191547365135463
5	0	6	0	1	3	0.6459749655687432	0.10274720094330014	0.9902421484677939
5	0	7	0	1	3	1.0479242193642542	0.1999999999563542	2.19246838903749
5	0	8	0	1	3	6.82980377938577	-4.999999782851002	4.847967841502111
5	0	9	0	1	3	3.325378232119651	-4.999998344265158	4.077722523810019
5	0	10	0	1	3	0.3091809824418724	-0.12698918114714353	3.1618801047319702
5	0	11	0	1	3	0.11488054647866786	0.1999999999770008	3.556861590430872
5	0	12	0	1	3	0.4882503416615948	0.19999999999418172	4.236243978048984
5	0	13	0	1	3	0.8656024978101045	0.19999999991967865	4.849701180075612
5	0	14	0	1	3	0.15588095778948877	0.19999999999997442	3.8195126026063915
5	0	15	0	1	3	0.3881933003260065	0.12643338932696047	4.125575750139502
5	0	16	0	1	3	0.3265699300518669	0.08428161534178802	4.173662392893367
5	0	17	0	1	3	1.022612537347435	6.336530487338621e-05	4.8265648810418185
5	0	18	0	1	3	0.738317817507187	0.1990658966528578	4.669893315876389
5	0	19	0	1	3	0.9773253305522862	0.17070577987704905	4.716609796498283
5	0	20	0	1	3	1.3939375308106061	0.14283623260218103	5.16607248512592
5	0	21	0	1	3	1.7487210460532991	-0.21536311037530886	4.663098768752088
5	0	22	0	1	3	2.203462108479279	0.021513318703487272	5.250653113406261
5	0	23	0	1	3	1.6293099333638048	0.20566018285942977	5.208405586706115
5	0	24	0	1	3	1.1126811314221392	0.2844556570642549	4.666198569434296
5	0	25	0	1	3	0.3859303898967835	0.29999999996898286	3.9369417201918715
5	0	26	0	1	3	0.06695672182073328	-0.17190490481987908	3.5539595356001694
5	0	27	0	1	3	0.049108846085293686	0.09442903589398899	3.360186922151353
5	0	28	0	1	3	0.17188182195045057	0.19999999993910134	3.333296508272855
5	0	29	0	1	3	0.0010000347280915234	0.199999999862694	2.8293900013837097
5	0	30	0	1	3	0.0010000022026011343	-0.21372841857342273	3.0885523650141495
5	0	31	0	1	3	0.4172393293795036	-0.5308917865491702	2.5972055559204743
5	0	32	0	1	3	0.1491075248134643	0.13855125804203894	1.8241323501524631
5	0	33	0	1	3	0.19746257418371024	0.14228845517698208	1.1271517113724139
5	0	0	1	1	3	0.8549262802227147	0.19082837102291528	1.939599564248061
5	0	1	1	1	3	2.490969666519799	0.13696585778462467	2.736112217886312
5	0	2	1	1	3	0.3412904951305885	0.39885739584519087	1.927242149114742
5	0	3	1	1	3	1.0132824488131753	0.11272235384101581	-1.5222362368480762
5	0	4	1	1	3	0.7559658070217972	0.3999999999530601	2.3309628407769365
5	0	5	1	1	3	0.6134263962726896	0.39489185861014686	1.5806588745883277
5	0	6	1	1	3	0.6944738154860286	0.158240740224028	1.7281270085422964
5	0	7	1	1	3	0.4182770808357186	0.010310221784971318	2.16755185721449
5	0	8	1	1	3	0.4810091486161048	0.19999999998647322	3.310679926892781
5	0	9	1	1	3	1.1315065913177202	0.1999999998298465	4.315977281151496
5	0	10	1	1	3	0.08398868274736364	0.19999997346792142	3.708960045328817
5	0	11	1	1	3	0.31785687740140567	0.19999999997765894	4.1105821092053505
5	0	12	1	1	3	0.47667794156385884	0.1999999996325883	4.491443420528028
5	0	13	1	1	3	0.5475665977013412	0.1999999999999531	4.732813550558551
5	0	14	1	1	3	0.19338947120557137	0.1999999999791644	4.032958247135907
5	0	15	1	1	3	0.3785802651698266	0.13111251049971973	4.246623299562352
5	0	16	1	1	3	0.7177900510787782	-0.021949186909892227	4.537043426076227
5	0	17	1	1	3	1.0112074409301122	-0.022525353787677282	4.954681868772963
5	0	18	1	1	3	0.9831406531053304	0.19522847775876606	4.997250517206523
5	0	19	1	1	3	1.2628893544107316	0.1705382593719289	4.975813555738412
5	0	20	1	1	3	1.948813255791468	0.1284915679101779	5.379825497156126
5	0	21	1	1	3	0.8619731467022111	0.18069781298286092	4.175468625816224
5	0	22	1	1	3	1.2051319874961963	0.1612803622690846	4.51238455329996
5	0	23	1	1	3	1.8328403949243044	0.13143917398659877	5.351279921022124
5	0	24	1	1	3	0.6895268920444526	0.29691151918638337	4.104583977181388
5	0	25	1	1	3	0.40955534667607885	0.2999999999788958	3.8982606864700586
5	0	26	1	1	3	0.5458458425322215	-0.22904315986518053	4.0173102631436
5	0	27	1	1	3	0.23029276958889108	-0.09554399716705486	3.6073758282778146
5	0	28	1	1	3	0.15710464937020088	0.19999999998761364	3.2890833205409242
5	0	29	1	1	3	0.08469987961095428	0.19069704906853246	3.0657231430600698
5	0	30	1	1	3	0.00100000158509962	0.19999999920646339	3.1649165485282236
5	0	31	1	1	3	0.031100874817737992	0.11017163771733518	2.5224763563328785
5	0	32	1	1	3	0.8239153466937581	-4.999982423457896	2.058962164091846
5	0	33	1	1	3	0.45705036900899865	0.07828450231786555	1.597324878166392
#T1
7	0	0	0	1	3	3.0601316740133884	-0.21834821578523922	2.483276183418753
#CVC
8	0	0	0	1	3	0.000000e+00	0.000000e+00	0.000000e+00
8	0	1	0	1	3	0.000000e+00	0.000000e+00	0.000000e+00
8	0	2	0	1	3	0.000000e+00	0.000000e+00	0.000000e+00
8	0	3	0	1	3	0.000000e+00	0.000000e+00	0.000000e+00
8	0	4	0	1	3	0.000000e+00	0.000000e+00	0.000000e+00
8	0	5	0	1	3	0.000000e+00	0.000000e+00	0.000000e+00
8	0	6	0	1	3	0.000000e+00	0.000000e+00	0.000000e+00
8	0	7	0	1	3	0.000000e+00	0.000000e+00	0.000000e+00
8	0	0	1	1	3	0.000000e+00	0.000000e+00	0.000000e+00
8	0	1	1	1	3	0.000000e+00	0.000000e+00	0.000000e+00
8	0	2	1	1	3	0.000000e+00	0.000000e+00	0.000000e+00
8	0	3	1	1	3	0.000000e+00	0.000000e+00	0.000000e+00
8	0	4	1	1	3	0.000000e+00	0.000000e+00	0.000000e+00
8	0	5	1	1	3	0.000000e+00	0.000000e+00	0.000000e+00
8	0	6	1	1	3	0.000000e+00	0.000000e+00	0.000000e+00
8	0	7	1	1	3	0.000000e+00	0.000000e+00	0.000000e+00
#COBO
11	0	0	0	0	3	0.000000e+00	0.000000e+00	0.000000e+00
11	0	1	0	0	3	0.000000e+00	0.000000e+00	0.000000e+00
11	0	2	0	0	3	0.000000e+00	0.000000e+00	0.000000e+00
11	0	3	0	0	3	0.000000e+00	0.000000e+00	0.000000e+00
11	0	4	0	0	3	0.000000e+00	0.000000e+00	0.000000e+00
11	0	5	0	0	3	0.000000e+00	0.000000e+00	0.000000e+00
11	0	6	0	0	3	0.000000e+00	0.000000e+00	0.000000e+00
11	0	7	0	0	3	0.000000e+00	0.000000e+00	0.000000e+00
