#CId	PlId	SegId	UorD	Type	nParam	p0	p1	p2
#BHT
1	0	0	0	1	3	7.320010274514942	-0.42942257704438996	5.726782846721089
1	0	1	0	1	3	7.320010274514942	-0.42942257704438996	5.726782846721089
1	0	2	0	1	3	7.320010274514942	-0.42942257704438996	5.726782846721089
1	0	3	0	1	3	7.320010274514942	-0.42942257704438996	5.726782846721089
1	0	4	0	1	3	7.320010274514942	-0.42942257704438996	5.726782846721089
1	0	5	0	1	3	7.320010274514942	-0.42942257704438996	5.726782846721089
1	0	6	0	1	3	7.320010274514942	-0.42942257704438996	5.726782846721089
1	0	7	0	1	3	7.320010274514942	-0.42942257704438996	5.726782846721089
1	0	8	0	1	3	7.320010274514942	-0.42942257704438996	5.726782846721089
1	0	9	0	1	3	7.320010274514942	-0.42942257704438996	5.726782846721089
1	0	10	0	1	3	7.320010274514942	-0.42942257704438996	5.726782846721089
1	0	11	0	1	3	7.320010274514942	-0.42942257704438996	5.726782846721089
1	0	12	0	1	3	7.320010274514942	-0.42942257704438996	5.726782846721089
1	0	13	0	1	3	7.320010274514942	-0.42942257704438996	5.726782846721089
1	0	14	0	1	3	7.320010274514942	-0.42942257704438996	5.726782846721089
1	0	15	0	1	3	5.549315009020546	-0.05936909864268358	5.439161934948421
1	0	16	0	1	3	14.993028296473748	-1.268879200793176	9.999997925315009
1	0	17	0	1	3	14.18640551290661	-1.3007408669752358	9.37711921356502
1	0	18	0	1	3	5.799172356081048	-0.2943266720961022	5.104670469639494
1	0	19	0	1	3	1.902663671295309	0.3526694357987301	2.382634764731073
1	0	20	0	1	3	1.704998995456589	0.5130892423482329	2.4380575311704886
1	0	21	0	1	3	1.9750561604224968	0.4308248537824806	2.5943128358927505
1	0	22	0	1	3	4.60587271595074	-0.03125765708058115	4.540823347568569
1	0	23	0	1	3	4.879889753660897	-0.025769144087078644	4.840409803811493
1	0	24	0	1	3	2.7732997829643216	0.37454466573411516	3.4858020481936736
1	0	25	0	1	3	1.0909439783172588	0.6554495915400285	1.858887117735148
1	0	26	0	1	3	14.976461760872331	-1.3463048467101997	9.759041365061913
1	0	27	0	1	3	1.5897728080927105	0.38965263800741035	2.0429893664920957
1	0	28	0	1	3	2.8653990692240185	0.22757622914034403	3.2384716219587713
1	0	29	0	1	3	6.81782817805287	-0.31488355727495954	5.909422982132632
1	0	30	0	1	3	9.937134211026391	-0.6462273113630115	7.7301375263750405
1	0	31	0	1	3	4.1531121054334	-0.0015196237697558956	4.158975688281299
1	0	32	0	1	3	11.567475767975118	-0.9518369089719405	8.248434409036001
1	0	33	0	1	3	11.281960987132836	-0.6158379980214761	8.87140007122834
1	0	34	0	1	3	14.916648338430107	-1.3127257831816195	9.798869690860478
1	0	35	0	1	3	4.546335630348241	-0.028291351717091295	4.460444612197067
1	0	36	0	1	3	3.7545599465990973	0.07574912759023267	3.8744557715689183
1	0	37	0	1	3	10.277114004778284	-0.6668554555209978	7.940511123739505
1	0	38	0	1	3	14.999999908397692	-1.2672508675961258	9.973002841552855
1	0	39	0	1	3	2.3442540316973166	0.32692076440860074	2.8451163426149257
1	0	40	0	1	3	14.776689213724765	-1.1864032819113426	9.999999999999806
1	0	41	0	1	3	14.664532007265546	-1.1684356873446262	9.999999876610595
1	0	42	0	1	3	3.4319748455057177	-2.992832299675233	1.9328244052544439
1	0	43	0	1	3	1.9148164147286437	0.3351652906032312	2.350216085155342
1	0	44	0	1	3	14.848453658607522	-1.2098932170335517	9.994695636981723
1	0	45	0	1	3	11.945898666173703	-1.0688097433605122	8.309804333989668
1	0	46	0	1	3	14.999999972038971	-1.4274701825837068	9.643655780839659
1	0	47	0	1	3	1.4118828453990138	0.31860527468668476	1.7156855440842538
1	0	48	0	1	3	2.2911015593986184	0.14489296510309124	2.493529439158774
1	0	49	0	1	3	3.4842692445266876	-0.0685813316196171	3.3895681400096436
1	0	50	0	1	3	6.262048474558742	-0.3498507650105962	5.421052834204296
1	0	51	0	1	3	7.320010274514942	-0.42942257704438996	5.726782846721089
1	0	52	0	1	3	7.320010274514942	-0.42942257704438996	5.726782846721089
1	0	53	0	1	3	7.320010274514942	-0.42942257704438996	5.726782846721089
1	0	54	0	1	3	7.320010274514942	-0.42942257704438996	5.726782846721089
1	0	55	0	1	3	7.320010274514942	-0.42942257704438996	5.726782846721089
1	0	56	0	1	3	7.320010274514942	-0.42942257704438996	5.726782846721089
1	0	57	0	1	3	7.320010274514942	-0.42942257704438996	5.726782846721089
1	0	58	0	1	3	7.320010274514942	-0.42942257704438996	5.726782846721089
1	0	59	0	1	3	7.320010274514942	-0.42942257704438996	5.726782846721089
1	0	60	0	1	3	7.320010274514942	-0.42942257704438996	5.726782846721089
1	0	61	0	1	3	7.320010274514942	-0.42942257704438996	5.726782846721089
1	0	62	0	1	3	7.320010274514942	-0.42942257704438996	5.726782846721089
1	0	0	1	1	3	6.297573489327613	-0.21637272734566548	5.166437221733744
1	0	1	1	1	3	6.297573489327613	-0.21637272734566548	5.166437221733744
1	0	2	1	1	3	6.297573489327613	-0.21637272734566548	5.166437221733744
1	0	3	1	1	3	6.297573489327613	-0.21637272734566548	5.166437221733744
1	0	4	1	1	3	6.297573489327613	-0.21637272734566548	5.166437221733744
1	0	5	1	1	3	6.297573489327613	-0.21637272734566548	5.166437221733744
1	0	6	1	1	3	6.297573489327613	-0.21637272734566548	5.166437221733744
1	0	7	1	1	3	6.297573489327613	-0.21637272734566548	5.166437221733744
1	0	8	1	1	3	6.297573489327613	-0.21637272734566548	5.166437221733744
1	0	9	1	1	3	6.297573489327613	-0.21637272734566548	5.166437221733744
1	0	10	1	1	3	6.297573489327613	-0.21637272734566548	5.166437221733744
1	0	11	1	1	3	6.297573489327613	-0.21637272734566548	5.166437221733744
1	0	12	1	1	3	6.297573489327613	-0.21637272734566548	5.166437221733744
1	0	13	1	1	3	6.297573489327613	-0.21637272734566548	5.166437221733744
1	0	14	1	1	3	6.297573489327613	-0.21637272734566548	5.166437221733744
1	0	15	1	1	3	2.0753608516245596	0.2110730140688899	2.4555230370297636
1	0	16	1	1	3	14.999612271115355	-1.2768189605701377	9.997522138774318
1	0	17	1	1	3	14.914606780980197	-1.3450550577904465	9.776912879833805
1	0	18	1	1	3	1.6665010200695745	0.4719377676662866	2.316178906768106
1	0	19	1	1	3	0.9210591631528716	0.656119106010209	1.608465655522267
1	0	20	1	1	3	14.99999980252027	-1.275616149060029	9.946519889929439
1	0	21	1	1	3	5.036331179631039	-0.03207438480815039	4.946321082173301
1	0	22	1	1	3	3.2025603125110504	0.09913581717802966	3.3798776839780924
1	0	23	1	1	3	9.743164322271701	-0.6658658273595517	7.568317322476821
1	0	24	1	1	3	5.130109184172222	-0.09914117178673187	4.887295880604908
1	0	25	1	1	3	0.8325130720844011	0.6264062350314994	1.3603269938905322
1	0	26	1	1	3	4.237171279156531	-0.04468856219794137	4.13334780375695
1	0	27	1	1	3	2.5688958652858562	0.2105367791254027	2.878493295953216
1	0	28	1	1	3	6.087789445395024	-0.21374276885999688	5.511135960495285
1	0	29	1	1	3	1.1997593044492922	0.5768004301478369	1.8401988471494928
1	0	30	1	1	3	6.4342486876690375	-0.35695650177668004	5.5134555950714015
1	0	31	1	1	3	1.632554639958053	0.5182875220996612	2.353821846282435
1	0	32	1	1	3	2.0796278222113402	0.3338641571105505	2.5227974673879916
1	0	33	1	1	3	10.002202943893286	-0.5553026771123895	8.003464945955018
1	0	34	1	1	3	1.6564588842049663	0.32937395317625384	2.0018075997488207
1	0	35	1	1	3	14.25515062785751	-1.032495577198933	9.999999695847185
1	0	36	1	1	3	1.2510122449285108	0.5179400728241603	1.781120123572331
1	0	37	1	1	3	6.796149598217457	-0.3483207668196533	5.8543195720876655
1	0	38	1	1	3	11.320604674562249	-1.0516878701284078	7.892167994211677
1	0	39	1	1	3	5.9319238802483785	-0.1935768147554624	5.419127130851794
1	0	40	1	1	3	7.940361733682612	-0.5324693706162202	6.411785957656885
1	0	41	1	1	3	14.37601765468262	-1.07854561797555	9.999999923375514
1	0	42	1	1	3	3.0858494896768347	0.11853803434006416	3.26899419819439
1	0	43	1	1	3	6.778433699565168	-0.2915675035315477	5.9498644818283015
1	0	44	1	1	3	14.949076010044019	-1.327393749859072	9.799336645804992
1	0	45	1	1	3	8.647480084336118	-0.5040434170631025	7.042598111385656
1	0	46	1	1	3	7.569861031581984	-0.43299387086177266	6.321447629608775
1	0	47	1	1	3	7.976347384420647	-0.5076859902039068	6.474432571718687
1	0	48	1	1	3	3.1392531981897704	-0.011016763043246058	3.117360487081707
1	0	49	1	1	3	2.8220344018177728	0.11394287057048125	2.986548858656712
1	0	50	1	1	3	0.45256306962577497	0.6036854295856466	0.6708517677505521
1	0	51	1	1	3	6.297573489327613	-0.21637272734566548	5.166437221733744
1	0	52	1	1	3	6.297573489327613	-0.21637272734566548	5.166437221733744
1	0	53	1	1	3	6.297573489327613	-0.21637272734566548	5.166437221733744
1	0	54	1	1	3	6.297573489327613	-0.21637272734566548	5.166437221733744
1	0	55	1	1	3	6.297573489327613	-0.21637272734566548	5.166437221733744
1	0	56	1	1	3	6.297573489327613	-0.21637272734566548	5.166437221733744
1	0	57	1	1	3	6.297573489327613	-0.21637272734566548	5.166437221733744
1	0	58	1	1	3	6.297573489327613	-0.21637272734566548	5.166437221733744
1	0	59	1	1	3	6.297573489327613	-0.21637272734566548	5.166437221733744
1	0	60	1	1	3	6.297573489327613	-0.21637272734566548	5.166437221733744
1	0	61	1	1	3	6.297573489327613	-0.21637272734566548	5.166437221733744
1	0	62	1	1	3	6.297573489327613	-0.21637272734566548	5.166437221733744
#BH2
3	0	0	0	1	3	2.1473913365002533	-0.298296579345723	1.7161326120327074
3	0	1	0	1	3	2.1473913365002533	-0.298296579345723	1.7161326120327074
3	0	2	0	1	3	3.422933953782488	-1.1639904020866472	2.317235236534404
3	0	3	0	1	3	1.858344255257595	-0.14704512055847552	1.6486141937360856
3	0	4	0	1	3	2.0681627543361345	-0.19748859746675507	1.7521295293898187
3	0	5	0	1	3	2.119014947172999	-0.23843189679249654	1.7866858219035784
3	0	6	0	1	3	3.060232069657076	-0.4551701993485917	2.3046763790255556
3	0	7	0	1	3	2.1699533648850786	-0.22134212779528362	1.8043984063145144
3	0	8	0	1	3	1.8645755985354693	-0.13020063351510824	1.5987115365041498
3	0	9	0	1	3	2.10408618649754	-0.22275711025816491	1.737908953241548
3	0	10	0	1	3	0.6592188983778994	0.09175687371001562	0.49483345164471193
3	0	11	0	1	3	2.1473913365002533	-0.298296579345723	1.7161326120327074
3	0	12	0	1	3	2.1473913365002533	-0.298296579345723	1.7161326120327074
3	0	13	0	1	3	2.1473913365002533	-0.298296579345723	1.7161326120327074
3	0	14	0	1	3	2.1473913365002533	-0.298296579345723	1.7161326120327074
3	0	0	1	1	3	2.107075601982792	-0.2935879700384257	1.7199884985237912
3	0	1	1	1	3	2.107075601982792	-0.2935879700384257	1.7199884985237912
3	0	2	1	1	3	3.3079255875979943	-1.0172373218930995	2.3705894473918425
3	0	3	1	1	3	1.777245387690822	-0.14412381444572908	1.5780465074712584
3	0	4	1	1	3	1.7514293790756008	-0.10878755369395243	1.527363746234062
3	0	5	1	1	3	1.6994787942921892	-0.0692350085523934	1.536052473783112
3	0	6	1	1	3	2.5071730161083363	-0.4652302185550141	1.8601763992724125
3	0	7	1	1	3	1.3709058556842826	-0.022695246540590297	1.290952435127891
3	0	8	1	1	3	1.867267335137064	-0.07718489238169557	1.6371240411130685
3	0	9	1	1	3	2.0936074220111194	-0.21404099413195965	1.739531915017435
3	0	10	1	1	3	2.5886476402477183	-0.5237566801513971	1.9400595213030387
3	0	11	1	1	3	2.107075601982792	-0.2935879700384257	1.7199884985237912
3	0	12	1	1	3	2.107075601982792	-0.2935879700384257	1.7199884985237912
3	0	13	1	1	3	2.107075601982792	-0.2935879700384257	1.7199884985237912
3	0	14	1	1	3	2.107075601982792	-0.2935879700384257	1.7199884985237912
#HTOF
5	0	0	0	1	3	0.000000e+00	0.000000e+00	0.000000e+00
5	0	1	0	1	3	0.000000e+00	0.000000e+00	0.000000e+00
5	0	2	0	1	3	0.000000e+00	0.000000e+00	0.000000e+00
5	0	3	0	1	3	0.000000e+00	0.000000e+00	0.000000e+00
5	0	4	0	1	3	0.000000e+00	0.000000e+00	0.000000e+00
5	0	5	0	1	3	0.000000e+00	0.000000e+00	0.000000e+00
5	0	6	0	1	3	0.000000e+00	0.000000e+00	0.000000e+00
5	0	7	0	1	3	0.000000e+00	0.000000e+00	0.000000e+00
5	0	8	0	1	3	0.000000e+00	0.000000e+00	0.000000e+00
5	0	9	0	1	3	0.000000e+00	0.000000e+00	0.000000e+00
5	0	10	0	1	3	0.000000e+00	0.000000e+00	0.000000e+00
5	0	11	0	1	3	0.000000e+00	0.000000e+00	0.000000e+00
5	0	12	0	1	3	0.000000e+00	0.000000e+00	0.000000e+00
5	0	13	0	1	3	0.000000e+00	0.000000e+00	0.000000e+00
5	0	14	0	1	3	0.000000e+00	0.000000e+00	0.000000e+00
5	0	15	0	1	3	0.000000e+00	0.000000e+00	0.000000e+00
5	0	16	0	1	3	0.000000e+00	0.000000e+00	0.000000e+00
5	0	17	0	1	3	0.000000e+00	0.000000e+00	0.000000e+00
5	0	18	0	1	3	0.000000e+00	0.000000e+00	0.000000e+00
5	0	19	0	1	3	0.000000e+00	0.000000e+00	0.000000e+00
5	0	20	0	1	3	0.000000e+00	0.000000e+00	0.000000e+00
5	0	21	0	1	3	0.000000e+00	0.000000e+00	0.000000e+00
5	0	22	0	1	3	0.000000e+00	0.000000e+00	0.000000e+00
5	0	23	0	1	3	0.000000e+00	0.000000e+00	0.000000e+00
5	0	24	0	1	3	0.000000e+00	0.000000e+00	0.000000e+00
5	0	25	0	1	3	0.000000e+00	0.000000e+00	0.000000e+00
5	0	26	0	1	3	0.000000e+00	0.000000e+00	0.000000e+00
5	0	27	0	1	3	0.000000e+00	0.000000e+00	0.000000e+00
5	0	28	0	1	3	0.000000e+00	0.000000e+00	0.000000e+00
5	0	29	0	1	3	0.000000e+00	0.000000e+00	0.000000e+00
5	0	30	0	1	3	0.000000e+00	0.000000e+00	0.000000e+00
5	0	31	0	1	3	0.000000e+00	0.000000e+00	0.000000e+00
5	0	32	0	1	3	0.000000e+00	0.000000e+00	0.000000e+00
5	0	33	0	1	3	0.000000e+00	0.000000e+00	0.000000e+00
5	0	0	1	1	3	0.000000e+00	0.000000e+00	0.000000e+00
5	0	1	1	1	3	0.000000e+00	0.000000e+00	0.000000e+00
5	0	2	1	1	3	0.000000e+00	0.000000e+00	0.000000e+00
5	0	3	1	1	3	0.000000e+00	0.000000e+00	0.000000e+00
5	0	4	1	1	3	0.000000e+00	0.000000e+00	0.000000e+00
5	0	5	1	1	3	0.000000e+00	0.000000e+00	0.000000e+00
5	0	6	1	1	3	0.000000e+00	0.000000e+00	0.000000e+00
5	0	7	1	1	3	0.000000e+00	0.000000e+00	0.000000e+00
5	0	8	1	1	3	0.000000e+00	0.000000e+00	0.000000e+00
5	0	9	1	1	3	0.000000e+00	0.000000e+00	0.000000e+00
5	0	10	1	1	3	0.000000e+00	0.000000e+00	0.000000e+00
5	0	11	1	1	3	0.000000e+00	0.000000e+00	0.000000e+00
5	0	12	1	1	3	0.000000e+00	0.000000e+00	0.000000e+00
5	0	13	1	1	3	0.000000e+00	0.000000e+00	0.000000e+00
5	0	14	1	1	3	0.000000e+00	0.000000e+00	0.000000e+00
5	0	15	1	1	3	0.000000e+00	0.000000e+00	0.000000e+00
5	0	16	1	1	3	0.000000e+00	0.000000e+00	0.000000e+00
5	0	17	1	1	3	0.000000e+00	0.000000e+00	0.000000e+00
5	0	18	1	1	3	0.000000e+00	0.000000e+00	0.000000e+00
5	0	19	1	1	3	0.000000e+00	0.000000e+00	0.000000e+00
5	0	20	1	1	3	0.000000e+00	0.000000e+00	0.000000e+00
5	0	21	1	1	3	0.000000e+00	0.000000e+00	0.000000e+00
5	0	22	1	1	3	0.000000e+00	0.000000e+00	0.000000e+00
5	0	23	1	1	3	0.000000e+00	0.000000e+00	0.000000e+00
5	0	24	1	1	3	0.000000e+00	0.000000e+00	0.000000e+00
5	0	25	1	1	3	0.000000e+00	0.000000e+00	0.000000e+00
5	0	26	1	1	3	0.000000e+00	0.000000e+00	0.000000e+00
5	0	27	1	1	3	0.000000e+00	0.000000e+00	0.000000e+00
5	0	28	1	1	3	0.000000e+00	0.000000e+00	0.000000e+00
5	0	29	1	1	3	0.000000e+00	0.000000e+00	0.000000e+00
5	0	30	1	1	3	0.000000e+00	0.000000e+00	0.000000e+00
5	0	31	1	1	3	0.000000e+00	0.000000e+00	0.000000e+00
5	0	32	1	1	3	0.000000e+00	0.000000e+00	0.000000e+00
5	0	33	1	1	3	0.000000e+00	0.000000e+00	0.000000e+00
#T1
7	0	0	0	1	3	2.4168748896999666	-0.375480120723382	1.9185200135818001
#CVC
8	0	0	0	1	3	0.000000e+00	0.000000e+00	0.000000e+00
8	0	1	0	1	3	0.000000e+00	0.000000e+00	0.000000e+00
8	0	2	0	1	3	0.000000e+00	0.000000e+00	0.000000e+00
8	0	3	0	1	3	0.000000e+00	0.000000e+00	0.000000e+00
8	0	4	0	1	3	0.000000e+00	0.000000e+00	0.000000e+00
8	0	5	0	1	3	0.000000e+00	0.000000e+00	0.000000e+00
8	0	6	0	1	3	0.000000e+00	0.000000e+00	0.000000e+00
8	0	7	0	1	3	0.000000e+00	0.000000e+00	0.000000e+00
8	0	0	1	1	3	0.000000e+00	0.000000e+00	0.000000e+00
8	0	1	1	1	3	0.000000e+00	0.000000e+00	0.000000e+00
8	0	2	1	1	3	0.000000e+00	0.000000e+00	0.000000e+00
8	0	3	1	1	3	0.000000e+00	0.000000e+00	0.000000e+00
8	0	4	1	1	3	0.000000e+00	0.000000e+00	0.000000e+00
8	0	5	1	1	3	0.000000e+00	0.000000e+00	0.000000e+00
8	0	6	1	1	3	0.000000e+00	0.000000e+00	0.000000e+00
8	0	7	1	1	3	0.000000e+00	0.000000e+00	0.000000e+00
#COBO
11	0	0	0	0	3	0.000000e+00	0.000000e+00	0.000000e+00
11	0	1	0	0	3	0.000000e+00	0.000000e+00	0.000000e+00
11	0	2	0	0	3	0.000000e+00	0.000000e+00	0.000000e+00
11	0	3	0	0	3	0.000000e+00	0.000000e+00	0.000000e+00
11	0	4	0	0	3	0.000000e+00	0.000000e+00	0.000000e+00
11	0	5	0	0	3	0.000000e+00	0.000000e+00	0.000000e+00
11	0	6	0	0	3	0.000000e+00	0.000000e+00	0.000000e+00
11	0	7	0	0	3	0.000000e+00	0.000000e+00	0.000000e+00
