#CId	PlId	SegId	UorD	Type	nParam	p0	p1	p2
#BHT
1	0	0	0	1	3	13.761255337146162	-0.735972980436272	9.999998880538483
1	0	1	0	1	3	3.526838636998484	-0.32704956950158426	2.02322993281598
1	0	2	0	1	3	13.038746113840432	-0.7010610083923074	9.99999988277739
1	0	3	0	1	3	14.99999948183265	-1.2478867511260554	9.474380839978002
1	0	4	0	1	3	1.0838730789059574	0.40581216083235727	0.7519189299312459
1	0	5	0	1	3	14.999996447724063	-1.062516565218239	9.914912293959963
1	0	6	0	1	3	4.966172326914387	-0.11258975727378306	4.630550645279817
1	0	7	0	1	3	14.999999107509316	-1.2375706764968686	9.123279962565105
1	0	8	0	1	3	13.363356038700974	-0.6954072758307221	9.999999999678455
1	0	9	0	1	3	14.9999997867712	-1.4170184689555514	9.181380904449718
1	0	10	0	1	3	2.3528810999381204	0.1317915935439009	2.154010862960784
1	0	11	0	1	3	14.47161733253412	-0.8948716390120861	9.999999763982517
1	0	12	0	1	3	10.401555990541242	-0.5770973208855734	7.7706035684900066
1	0	13	0	1	3	14.999942019741809	-1.1677268195964579	9.560337960798025
1	0	14	0	1	3	14.907664416307123	-1.0257306628580611	9.999999799125716
1	0	15	0	1	3	14.999999926646657	-1.3991588196011646	9.27224853160607
1	0	16	0	1	3	14.999999869557126	-1.1235304360002947	9.921072520031936
1	0	17	0	1	3	14.999999899987248	-1.382688518378672	9.298966867403557
1	0	18	0	1	3	11.31512560042091	-0.838237689309361	7.974355388918227
1	0	19	0	1	3	14.999999999590273	-1.1626888428410154	9.702149440798637
1	0	20	0	1	3	14.999999981760084	-1.1329413300498157	9.815720552441412
1	0	21	0	1	3	14.999999994827327	-1.258310724507452	9.402245813269774
1	0	22	0	1	3	7.760588536726816	-0.5040733007642109	5.689430445275867
1	0	23	0	1	3	14.999999999988876	-1.2444173873338462	9.310798157686033
1	0	24	0	1	3	11.522102905324726	-0.894146446176185	7.534950287680406
1	0	25	0	1	3	14.999999999600405	-1.0656947505436398	9.487704727856718
1	0	26	0	1	3	7.679064993017955	-0.41670535699017375	5.397907755672779
1	0	27	0	1	3	2.1691013794256593	0.3117216322665328	1.6476477803390033
1	0	28	0	1	3	2.6477033639247476	0.30363610721335466	2.208680398073487
1	0	29	0	1	3	2.3552092180526327	0.2811745596819639	1.7814064830322112
1	0	30	0	1	3	14.999999998998595	-1.2354457069541778	9.164875845496104
1	0	31	0	1	3	14.999999999878042	-1.386487331669036	8.918062315054984
1	0	32	0	1	3	14.999999999999801	-1.314645056034153	8.992710187590545
1	0	33	0	1	3	14.999999999850212	-1.5818011311579805	8.492125063928253
1	0	34	0	1	3	14.999999999144384	-1.4307022770992481	8.796672847757456
1	0	35	0	1	3	14.99999999567926	-1.4811325973140765	8.677799050083067
1	0	36	0	1	3	14.999999999744112	-1.2803930149197473	9.099816402510477
1	0	37	0	1	3	14.999999872079767	-1.66183803966601	8.385314210626301
1	0	38	0	1	3	14.99999999988451	-1.3886865907144261	8.876959466924966
1	0	39	0	1	3	14.999999064710947	-1.65459204761382	8.372095243311142
1	0	40	0	1	3	14.99999986402297	-1.0870094583347671	9.729021614759677
1	0	41	0	1	3	4.057144555819098	-0.333616828495912	2.8213455422537095
1	0	42	0	1	3	14.99999921481565	-1.14141213483293	9.73665575000558
1	0	43	0	1	3	14.837842727119078	-0.9184080893451858	9.999997027705927
1	0	44	0	1	3	12.541651091090046	-0.5361020588268648	9.99999999523697
1	0	45	0	1	3	14.375197811031914	-0.8704594839393254	9.99999852253692
1	0	46	0	1	3	14.999999929033823	-1.3692688075032948	8.50586104807939
1	0	47	0	1	3	14.99999761504497	-1.27572882488501	9.40191697879663
1	0	48	0	1	3	11.732750929344466	-0.30159327030883354	9.999999998211734
1	0	49	0	1	3	2.8134926607343314	-0.019846838695302793	2.264371283129422
1	0	50	0	1	3	14.101764501329296	-0.8880654642189869	9.999999661090747
1	0	51	0	1	3	12.709827440781853	-0.3398699021124916	9.999999932860712
1	0	52	0	1	3	0.0010007448247838307	-4.9982183851759965	-0.9501336002552683
1	0	53	0	1	3	14.26388405398257	-0.8294692527660157	9.99999904505662
1	0	54	0	1	3	4.995390926170805	-0.10651253175254372	3.760996920673387
1	0	55	0	1	3	0.4545279764546125	0.4749999817260928	0.5101771920725107
1	0	56	0	1	3	13.036595981677234	-0.6622925993403479	9.999999994609482
1	0	57	0	1	3	11.935484478564963	-0.30084425267822823	9.999999998628443
1	0	58	0	1	3	14.999992647170288	-1.031200330700338	9.981999577487151
1	0	59	0	1	3	3.4939962451964086	0.18386334776626523	3.0685454290355985
1	0	60	0	1	3	0.6586434577411968	0.6249999998097806	0.8002618883284156
1	0	61	0	1	3	0.7930179287036507	0.3118702972200662	0.3667975292794363
1	0	62	0	1	3	14.999999729425966	-1.1895915561509605	9.38938323437749
1	0	0	1	1	3	11.430312924930272	-0.20782844729571792	9.999999998636984
1	0	1	1	1	3	14.999858570209708	-1.3695108615867704	9.137104451206785
1	0	2	1	1	3	12.318093750959601	-0.48174362562456885	9.999999997625054
1	0	3	1	1	3	14.9999995492562	-1.2360072174007444	9.433386911594306
1	0	4	1	1	3	14.999994025423417	-1.1351625770309268	9.620477624382314
1	0	5	1	1	3	4.391294715906061	0.09270433281007584	4.305893520797059
1	0	6	1	1	3	13.802124905092253	-0.9322485203151478	9.999999946024442
1	0	7	1	1	3	14.879214696944292	-1.0272215734567558	9.999999999998142
1	0	8	1	1	3	9.614704098073876	-0.4639708945732517	7.662656906448554
1	0	9	1	1	3	13.056334575029013	-0.7032896248706368	9.999999999999387
1	0	10	1	1	3	14.999980236686806	-1.2375929260696683	9.657178723207428
1	0	11	1	1	3	14.13742748857728	-0.9164467765210054	9.999999966519036
1	0	12	1	1	3	14.999999830607631	-1.0195813739390722	9.930247632612039
1	0	13	1	1	3	14.999999276577785	-1.183484451741288	9.583957571684433
1	0	14	1	1	3	14.999994842458033	-1.124524202653264	9.810545061744374
1	0	15	1	1	3	14.999999991820808	-1.3153735289009072	9.384669768830232
1	0	16	1	1	3	14.999999991679065	-1.7696480229058937	8.618387052761191
1	0	17	1	1	3	14.999999999330187	-1.3903682468230056	9.211231372078865
1	0	18	1	1	3	14.999999929140976	-1.1785998524384231	9.725589948909393
1	0	19	1	1	3	14.999999929626085	-1.5601506366993698	8.784840890897126
1	0	20	1	1	3	14.999999666093109	-1.4341235098503269	9.052283373583206
1	0	21	1	1	3	14.999999999347382	-1.261548638611285	9.380164558222193
1	0	22	1	1	3	14.999999083421486	-1.2762944862686307	9.245951046489717
1	0	23	1	1	3	14.999999552884285	-1.2952629080892297	9.21277102705344
1	0	24	1	1	3	14.999999994082888	-1.2574043101653292	9.143537591651924
1	0	25	1	1	3	14.999999955730233	-1.1036854800112432	9.37473685145
1	0	26	1	1	3	9.533463376836924	-0.5879097288540018	6.516073357351681
1	0	27	1	1	3	2.3600430173782794	0.27689458449449855	1.7865340142285335
1	0	28	1	1	3	3.4562407841731417	0.11155758239698077	2.659683809184135
1	0	29	1	1	3	1.763052113462436	0.4733925992781476	1.4385077024408877
1	0	30	1	1	3	14.720469217631752	-1.216725734011359	9.016890665519739
1	0	31	1	1	3	14.999999924003035	-1.223093114555689	9.247861017270532
1	0	32	1	1	3	11.998575754144925	-1.2349491624920481	7.139832767337362
1	0	33	1	1	3	14.999999998852788	-1.6292627598317142	8.404155447930538
1	0	34	1	1	3	14.999999987918255	-1.6073750681302537	8.402012895217183
1	0	35	1	1	3	14.999999453644842	-1.3467082141943711	8.997322190236787
1	0	36	1	1	3	13.342809221985663	-1.160986518866749	8.210686014433781
1	0	37	1	1	3	14.999999943378523	-1.3854824926941656	8.977206229695437
1	0	38	1	1	3	3.6542666895836997	-0.5202280833142545	1.8586503829059802
1	0	39	1	1	3	14.99999999991702	-1.4287138643546355	8.799242777867008
1	0	40	1	1	3	14.999998275008839	-1.143595729260897	9.473105528360753
1	0	41	1	1	3	5.162859087543106	-0.2583995696584527	3.9949549801550672
1	0	42	1	1	3	14.242351268590358	-0.8709338248490965	9.99999999868216
1	0	43	1	1	3	14.999999777886996	-1.0419140451105	9.919922790930876
1	0	44	1	1	3	12.834320412745882	-0.5812017434502339	9.999999999970091
1	0	45	1	1	3	14.999997487682153	-1.0967398772054429	9.958404524080533
1	0	46	1	1	3	1.6361445380078983	0.248880844865341	1.0329771457497574
1	0	47	1	1	3	13.747568728876947	-0.6394347361287762	9.999925754056537
1	0	48	1	1	3	3.1780545794000115	0.09920235489653972	2.699925212446077
1	0	49	1	1	3	14.267075433838071	-0.8343564019511058	9.999999987296448
1	0	50	1	1	3	14.990721031925341	-1.021683052147707	9.999999728876258
1	0	51	1	1	3	2.3078115170037483	0.38946427370439274	2.18323375172399
1	0	52	1	1	3	14.999999528841316	-1.0680113748452826	9.498321037024143
1	0	53	1	1	3	14.99998510341642	-1.4100625073463187	9.01485522166449
1	0	54	1	1	3	13.469795726648474	-0.9431831544517344	8.57837331565832
1	0	55	1	1	3	12.209740897572583	-0.4966824389876523	9.999999986418999
1	0	56	1	1	3	14.999999641976665	-1.5046938753555104	8.906207675932754
1	0	57	1	1	3	7.654463429879301	-0.22371715560621208	6.34887374069093
1	0	58	1	1	3	14.639406412206881	-0.7784952371513238	9.999999148969039
1	0	59	1	1	3	12.594277289179148	-0.41262977804969125	9.999999999860975
1	0	60	1	1	3	14.99999645647266	-1.6141548535155574	8.963632200081756
1	0	61	1	1	3	0.1406895810852122	0.6535810837596454	-0.5183534187049794
1	0	62	1	1	3	0.4251346832223215	0.6749999999853715	-0.07633049382995005
#BH2
3	0	0	0	1	3	3.3309596792161034	-1.0281683797459573	1.261603852529308
3	0	1	0	1	3	2.3266033661490875	-0.40137045995051324	1.0409241364601187
3	0	2	0	1	3	1.6222634885889649	-0.31348992226474337	0.4557903687552065
3	0	3	0	1	3	4.424239114944408	-1.375771473971915	1.744812893679696
3	0	4	0	1	3	5.790035466003583	-1.6924068936758534	2.3531434330652328
3	0	5	0	1	3	5.849446922663228	-1.6924409572675718	2.385787919163274
3	0	6	0	1	3	5.577168105958678	-1.4301249368300377	2.3403610343434966
3	0	7	0	1	3	3.0104464679019407	-0.6884781495110728	1.256975229625335
3	0	8	0	1	3	3.072558635746042	-0.7312366309860181	1.290574989581439
3	0	9	0	1	3	2.1897959881506197	-0.37879741488681784	0.8640270474750893
3	0	10	0	1	3	14.362870309021064	-4.999999999843259	4.900297530081234
3	0	11	0	1	3	13.067962388663329	-4.999999999833131	4.440102946002242
3	0	12	0	1	3	2.959102395574059	-0.6569659544324802	1.3705807798630802
3	0	13	0	1	3	2.083566522192818	-0.4580303578759022	0.8149649070757505
3	0	14	0	1	3	3.026221467934118	-0.6544794529500546	1.3617619188887313
3	0	0	1	1	3	3.483226109398159	-0.9996517209534739	1.3228567663976962
3	0	1	1	1	3	2.73990215259934	-0.5325065916113738	1.2267060959153846
3	0	2	1	1	3	2.5673666120259635	-0.6736934994928472	1.0300600186731979
3	0	3	1	1	3	3.311497375683408	-0.8897500619118173	1.2925774137990294
3	0	4	1	1	3	5.82004867070814	-1.846945744737842	2.2615055694520443
3	0	5	1	1	3	5.136827261807666	-1.4862194925024954	2.0587863820492616
3	0	6	1	1	3	4.821878862683208	-1.4380674031136667	1.8754212824381726
3	0	7	1	1	3	2.7337328177491416	-0.6476510552536556	1.0881787456691354
3	0	8	1	1	3	2.87177131427344	-0.5466208106309729	1.2417829906368025
3	0	9	1	1	3	2.2751778283630446	-0.36523198471883056	0.9385240435784716
3	0	10	1	1	3	14.035431697604762	-4.999999999580143	4.797200773726243
3	0	11	1	1	3	7.842013602709519	-2.729317525864973	3.1378623473478235
3	0	12	1	1	3	2.8364354321434324	-0.6614524266042183	1.3769028697762997
3	0	13	1	1	3	2.226321632676985	-0.4428558444659991	0.9398182026308246
3	0	14	1	1	3	2.021831888748893	-0.3397441702710431	0.814622625010134
#HTOF
5	0	0	0	1	3	0.000000e+00	0.000000e+00	0.000000e+00
5	0	1	0	1	3	0.000000e+00	0.000000e+00	0.000000e+00
5	0	2	0	1	3	0.000000e+00	0.000000e+00	0.000000e+00
5	0	3	0	1	3	0.000000e+00	0.000000e+00	0.000000e+00
5	0	4	0	1	3	0.000000e+00	0.000000e+00	0.000000e+00
5	0	5	0	1	3	0.000000e+00	0.000000e+00	0.000000e+00
5	0	6	0	1	3	0.000000e+00	0.000000e+00	0.000000e+00
5	0	7	0	1	3	0.000000e+00	0.000000e+00	0.000000e+00
5	0	8	0	1	3	0.000000e+00	0.000000e+00	0.000000e+00
5	0	9	0	1	3	0.000000e+00	0.000000e+00	0.000000e+00
5	0	10	0	1	3	0.000000e+00	0.000000e+00	0.000000e+00
5	0	11	0	1	3	0.000000e+00	0.000000e+00	0.000000e+00
5	0	12	0	1	3	0.000000e+00	0.000000e+00	0.000000e+00
5	0	13	0	1	3	0.000000e+00	0.000000e+00	0.000000e+00
5	0	14	0	1	3	0.000000e+00	0.000000e+00	0.000000e+00
5	0	15	0	1	3	0.000000e+00	0.000000e+00	0.000000e+00
5	0	16	0	1	3	0.000000e+00	0.000000e+00	0.000000e+00
5	0	17	0	1	3	0.000000e+00	0.000000e+00	0.000000e+00
5	0	18	0	1	3	0.000000e+00	0.000000e+00	0.000000e+00
5	0	19	0	1	3	0.000000e+00	0.000000e+00	0.000000e+00
5	0	20	0	1	3	0.000000e+00	0.000000e+00	0.000000e+00
5	0	21	0	1	3	0.000000e+00	0.000000e+00	0.000000e+00
5	0	22	0	1	3	0.000000e+00	0.000000e+00	0.000000e+00
5	0	23	0	1	3	0.000000e+00	0.000000e+00	0.000000e+00
5	0	24	0	1	3	0.000000e+00	0.000000e+00	0.000000e+00
5	0	25	0	1	3	0.000000e+00	0.000000e+00	0.000000e+00
5	0	26	0	1	3	0.000000e+00	0.000000e+00	0.000000e+00
5	0	27	0	1	3	0.000000e+00	0.000000e+00	0.000000e+00
5	0	28	0	1	3	0.000000e+00	0.000000e+00	0.000000e+00
5	0	29	0	1	3	0.000000e+00	0.000000e+00	0.000000e+00
5	0	30	0	1	3	0.000000e+00	0.000000e+00	0.000000e+00
5	0	31	0	1	3	0.000000e+00	0.000000e+00	0.000000e+00
5	0	32	0	1	3	0.000000e+00	0.000000e+00	0.000000e+00
5	0	33	0	1	3	0.000000e+00	0.000000e+00	0.000000e+00
5	0	0	1	1	3	0.000000e+00	0.000000e+00	0.000000e+00
5	0	1	1	1	3	0.000000e+00	0.000000e+00	0.000000e+00
5	0	2	1	1	3	0.000000e+00	0.000000e+00	0.000000e+00
5	0	3	1	1	3	0.000000e+00	0.000000e+00	0.000000e+00
5	0	4	1	1	3	0.000000e+00	0.000000e+00	0.000000e+00
5	0	5	1	1	3	0.000000e+00	0.000000e+00	0.000000e+00
5	0	6	1	1	3	0.000000e+00	0.000000e+00	0.000000e+00
5	0	7	1	1	3	0.000000e+00	0.000000e+00	0.000000e+00
5	0	8	1	1	3	0.000000e+00	0.000000e+00	0.000000e+00
5	0	9	1	1	3	0.000000e+00	0.000000e+00	0.000000e+00
5	0	10	1	1	3	0.000000e+00	0.000000e+00	0.000000e+00
5	0	11	1	1	3	0.000000e+00	0.000000e+00	0.000000e+00
5	0	12	1	1	3	0.000000e+00	0.000000e+00	0.000000e+00
5	0	13	1	1	3	0.000000e+00	0.000000e+00	0.000000e+00
5	0	14	1	1	3	0.000000e+00	0.000000e+00	0.000000e+00
5	0	15	1	1	3	0.000000e+00	0.000000e+00	0.000000e+00
5	0	16	1	1	3	0.000000e+00	0.000000e+00	0.000000e+00
5	0	17	1	1	3	0.000000e+00	0.000000e+00	0.000000e+00
5	0	18	1	1	3	0.000000e+00	0.000000e+00	0.000000e+00
5	0	19	1	1	3	0.000000e+00	0.000000e+00	0.000000e+00
5	0	20	1	1	3	0.000000e+00	0.000000e+00	0.000000e+00
5	0	21	1	1	3	0.000000e+00	0.000000e+00	0.000000e+00
5	0	22	1	1	3	0.000000e+00	0.000000e+00	0.000000e+00
5	0	23	1	1	3	0.000000e+00	0.000000e+00	0.000000e+00
5	0	24	1	1	3	0.000000e+00	0.000000e+00	0.000000e+00
5	0	25	1	1	3	0.000000e+00	0.000000e+00	0.000000e+00
5	0	26	1	1	3	0.000000e+00	0.000000e+00	0.000000e+00
5	0	27	1	1	3	0.000000e+00	0.000000e+00	0.000000e+00
5	0	28	1	1	3	0.000000e+00	0.000000e+00	0.000000e+00
5	0	29	1	1	3	0.000000e+00	0.000000e+00	0.000000e+00
5	0	30	1	1	3	0.000000e+00	0.000000e+00	0.000000e+00
5	0	31	1	1	3	0.000000e+00	0.000000e+00	0.000000e+00
5	0	32	1	1	3	0.000000e+00	0.000000e+00	0.000000e+00
5	0	33	1	1	3	0.000000e+00	0.000000e+00	0.000000e+00
#T1
7	0	0	0	1	3	0.5394561852067825	0.018798438020412256	0.1583628178221379
#CVC
8	0	0	0	1	3	14.999999997332822	-2.5361407097923556	7.221992961897026
8	0	1	0	1	3	4.9445815204376915	-0.4239476649226148	3.2603640105871126
8	0	2	0	1	3	5.027672465389724	-0.4474803506080285	3.1613687430713915
8	0	3	0	1	3	7.154981119193873	-1.0205672062073976	3.9765520725947576
8	0	4	0	1	3	5.2217509989037865	-0.6734178766053631	3.027466412594194
8	0	5	0	1	3	6.561754968207279	-0.965328845484926	3.6126931754058162
8	0	6	0	1	3	6.588881845651657	-0.910882690968907	3.8133281757833846
8	0	7	0	1	3	7.776887896788858	-0.8996526083935503	4.659657926702492
8	0	0	1	1	3	5.922017099828831	-0.5046183953256307	3.9575994545317847
8	0	1	1	1	3	5.523034437061298	-0.49347537294505983	3.7240685807273826
8	0	2	1	1	3	5.719722800687383	-0.6084439223593527	3.570798147348742
8	0	3	1	1	3	6.177406469125455	-0.7643598444178945	3.66010369614305
8	0	4	1	1	3	6.4508047057111835	-0.8568938688712349	3.542128370509495
8	0	5	1	1	3	6.376990005978923	-0.9706846214887639	3.5081075103409907
8	0	6	1	1	3	6.850107804100752	-0.9793964443836964	3.8502293242397236
8	0	7	1	1	3	6.123290813340688	-0.5802992632098318	4.12646574486886
#COBO
11	0	0	0	0	3	0.000000e+00	0.000000e+00	0.000000e+00
11	0	1	0	0	3	0.000000e+00	0.000000e+00	0.000000e+00
11	0	2	0	0	3	0.000000e+00	0.000000e+00	0.000000e+00
11	0	3	0	0	3	0.000000e+00	0.000000e+00	0.000000e+00
11	0	4	0	0	3	0.000000e+00	0.000000e+00	0.000000e+00
11	0	5	0	0	3	0.000000e+00	0.000000e+00	0.000000e+00
11	0	6	0	0	3	0.000000e+00	0.000000e+00	0.000000e+00
11	0	7	0	0	3	0.000000e+00	0.000000e+00	0.000000e+00
