#CId	PlId	SegId	UorD	Type	nParam	p0	p1	p2
#BHT
1	0	0	0	1	3	9.697382596521852	-0.6559175386406882	5.731869512072214
1	0	1	0	1	3	9.697382596521852	-0.6559175386406882	5.731869512072214
1	0	2	0	1	3	9.697382596521852	-0.6559175386406882	5.731869512072214
1	0	3	0	1	3	9.697382596521852	-0.6559175386406882	5.731869512072214
1	0	4	0	1	3	9.697382596521852	-0.6559175386406882	5.731869512072214
1	0	5	0	1	3	9.697382596521852	-0.6559175386406882	5.731869512072214
1	0	6	0	1	3	9.697382596521852	-0.6559175386406882	5.731869512072214
1	0	7	0	1	3	9.697382596521852	-0.6559175386406882	5.731869512072214
1	0	8	0	1	3	9.697382596521852	-0.6559175386406882	5.731869512072214
1	0	9	0	1	3	9.697382596521852	-0.6559175386406882	5.731869512072214
1	0	10	0	1	3	9.697382596521852	-0.6559175386406882	5.731869512072214
1	0	11	0	1	3	9.697382596521852	-0.6559175386406882	5.731869512072214
1	0	12	0	1	3	9.697382596521852	-0.6559175386406882	5.731869512072214
1	0	13	0	1	3	9.697382596521852	-0.6559175386406882	5.731869512072214
1	0	14	0	1	3	9.697382596521852	-0.6559175386406882	5.731869512072214
1	0	15	0	1	3	2.942332374126958	0.1506297671899981	1.8558750184285846
1	0	16	0	1	3	8.378246234381045	-0.553084362549793	5.348186327878643
1	0	17	0	1	3	6.55381264377969	-0.3534411626644598	4.244320589657644
1	0	18	0	1	3	5.954605493713486	-0.23195536740761113	3.9471751189962303
1	0	19	0	1	3	1.763156753028398	0.28500426814020674	0.6600495850084227
1	0	20	0	1	3	13.624898284648847	-1.0357545385290514	8.116451026005867
1	0	21	0	1	3	14.537360525404466	-1.337596952636137	8.064326943839832
1	0	22	0	1	3	10.562191433335801	-0.7283378017244191	6.612132183731704
1	0	23	0	1	3	9.55335097529875	-0.5842197848001556	6.196128571848467
1	0	24	0	1	3	9.187944801576414	-0.5828902276042474	5.843300639669132
1	0	25	0	1	3	14.699932996582424	-1.0017927359840524	8.952274252204877
1	0	26	0	1	3	7.613681547026829	-0.39171967057673385	5.02432482133562
1	0	27	0	1	3	4.278310819823121	0.0093976025558824	2.8854497975416757
1	0	28	0	1	3	2.42886222514256	0.4185858180456554	1.7340422141218101
1	0	29	0	1	3	14.739689746910406	-1.385586315601624	8.083388195936957
1	0	30	0	1	3	11.03247513875683	-0.6910217652743862	7.054101220821986
1	0	31	0	1	3	14.912297544517504	-1.1064878227443296	8.880861276112437
1	0	32	0	1	3	8.587783345759243	-0.5204213488246019	5.534099978996791
1	0	33	0	1	3	14.996624593422762	-1.2317213612212572	8.619037414144556
1	0	34	0	1	3	14.999999937195675	-1.2550700328331952	8.574270898616106
1	0	35	0	1	3	7.430465250117258	-0.36470005475267175	4.936217761240861
1	0	36	0	1	3	6.180326476221485	-0.24902222593671564	4.0750923470515765
1	0	37	0	1	3	14.99929235323198	-1.3566830981882476	8.351902744664155
1	0	38	0	1	3	14.963227468256216	-1.2589125296661963	8.543139099900522
1	0	39	0	1	3	2.8681484624107454	0.20751656418790088	1.7940287667147063
1	0	40	0	1	3	14.974563433544736	-1.3269258710730387	8.409377724118752
1	0	41	0	1	3	14.99999985160629	-1.3422715394029177	8.442419445031698
1	0	42	0	1	3	14.974802252143485	-1.3307131280296796	8.378075415424842
1	0	43	0	1	3	2.2758884843681106	0.22269940439575997	1.1861911661235789
1	0	44	0	1	3	14.71489575530494	-1.2605353442561196	8.373470871305445
1	0	45	0	1	3	14.87928443727416	-1.2945612323976645	8.414117344900781
1	0	46	0	1	3	14.999999801893853	-1.3911404431669379	8.309482091874349
1	0	47	0	1	3	1.61199015964837	0.27890436959589504	0.5093127980711407
1	0	48	0	1	3	2.5564488758205672	0.049763589117403306	1.2609176310677066
1	0	49	0	1	3	5.631500401991418	-0.4130485178065477	3.4018916401400237
1	0	50	0	1	3	9.697382596521852	-0.6559175386406882	5.731869512072214
1	0	51	0	1	3	9.697382596521852	-0.6559175386406882	5.731869512072214
1	0	52	0	1	3	9.697382596521852	-0.6559175386406882	5.731869512072214
1	0	53	0	1	3	9.697382596521852	-0.6559175386406882	5.731869512072214
1	0	54	0	1	3	9.697382596521852	-0.6559175386406882	5.731869512072214
1	0	55	0	1	3	9.697382596521852	-0.6559175386406882	5.731869512072214
1	0	56	0	1	3	9.697382596521852	-0.6559175386406882	5.731869512072214
1	0	57	0	1	3	9.697382596521852	-0.6559175386406882	5.731869512072214
1	0	58	0	1	3	9.697382596521852	-0.6559175386406882	5.731869512072214
1	0	59	0	1	3	9.697382596521852	-0.6559175386406882	5.731869512072214
1	0	60	0	1	3	9.697382596521852	-0.6559175386406882	5.731869512072214
1	0	61	0	1	3	9.697382596521852	-0.6559175386406882	5.731869512072214
1	0	62	0	1	3	9.697382596521852	-0.6559175386406882	5.731869512072214
1	0	0	1	1	3	10.838183590026693	-0.737061128613517	6.510782284671451
1	0	1	1	1	3	10.838183590026693	-0.737061128613517	6.510782284671451
1	0	2	1	1	3	10.838183590026693	-0.737061128613517	6.510782284671451
1	0	3	1	1	3	10.838183590026693	-0.737061128613517	6.510782284671451
1	0	4	1	1	3	10.838183590026693	-0.737061128613517	6.510782284671451
1	0	5	1	1	3	10.838183590026693	-0.737061128613517	6.510782284671451
1	0	6	1	1	3	10.838183590026693	-0.737061128613517	6.510782284671451
1	0	7	1	1	3	10.838183590026693	-0.737061128613517	6.510782284671451
1	0	8	1	1	3	10.838183590026693	-0.737061128613517	6.510782284671451
1	0	9	1	1	3	10.838183590026693	-0.737061128613517	6.510782284671451
1	0	10	1	1	3	10.838183590026693	-0.737061128613517	6.510782284671451
1	0	11	1	1	3	10.838183590026693	-0.737061128613517	6.510782284671451
1	0	12	1	1	3	10.838183590026693	-0.737061128613517	6.510782284671451
1	0	13	1	1	3	10.838183590026693	-0.737061128613517	6.510782284671451
1	0	14	1	1	3	10.838183590026693	-0.737061128613517	6.510782284671451
1	0	15	1	1	3	1.7815908740641988	0.2987508230668521	0.8532615658309706
1	0	16	1	1	3	14.999998982983776	-1.0641299697538753	9.071156923641688
1	0	17	1	1	3	1.7387293357837392	0.49074355172396533	1.0345410356149305
1	0	18	1	1	3	5.0021036270478625	-0.1041000163476955	3.3138830469009495
1	0	19	1	1	3	14.74105727911216	-1.2799966082939593	8.331199407317005
1	0	20	1	1	3	14.999999813241512	-1.3111959775862538	8.433347515021454
1	0	21	1	1	3	6.420561332460736	-0.19106321688657868	4.428708307474598
1	0	22	1	1	3	14.800982892824365	-1.2323876630470294	8.442294473024948
1	0	23	1	1	3	11.751162886556907	-0.7851826722269157	7.360649283426115
1	0	24	1	1	3	9.331730289002495	-0.6477883620775033	5.804715358604063
1	0	25	1	1	3	11.755001971339984	-0.9139566844527058	7.021322007332094
1	0	26	1	1	3	6.214828861898962	-0.22539050822698936	4.176706680172686
1	0	27	1	1	3	7.38098027499271	-0.3643034680785071	4.850930339038044
1	0	28	1	1	3	14.920193488909343	-1.1277916217922512	8.768682977861078
1	0	29	1	1	3	14.926633477000468	-1.1463836287926776	8.723520485898751
1	0	30	1	1	3	9.012197585975287	-0.526657283908972	5.841105297176249
1	0	31	1	1	3	11.026513916822779	-0.5838301976902693	7.326690167044282
1	0	32	1	1	3	8.194343638806732	-0.5094581667361355	5.20916854756333
1	0	33	1	1	3	14.999927988659643	-1.106606830670401	8.888607810964485
1	0	34	1	1	3	10.204988543735922	-0.7360280359243934	6.294994749748529
1	0	35	1	1	3	4.880228149444007	0.06330328046217026	3.61129997590725
1	0	36	1	1	3	9.241827879876746	-0.6443999938292375	5.749924282589911
1	0	37	1	1	3	14.999814977607647	-1.0345898972796208	9.108699264204422
1	0	38	1	1	3	14.746121843975248	-1.213959126595865	8.464330655849391
1	0	39	1	1	3	14.823439981155321	-1.1016831124881854	8.787446945726558
1	0	40	1	1	3	10.713403825909866	-0.8440988146221722	6.460738597691897
1	0	41	1	1	3	14.999999995244584	-1.171900107814384	8.777239546636737
1	0	42	1	1	3	9.710250027906127	-0.7021756840342555	5.974773870215163
1	0	43	1	1	3	14.993168522277216	-1.085583175735516	8.957963604533354
1	0	44	1	1	3	14.989452424186927	-1.2773203868290728	8.518720111965402
1	0	45	1	1	3	14.998994453593136	-1.1433528106891409	8.825697523435517
1	0	46	1	1	3	14.52783106444585	-1.233079396805596	8.312195862853912
1	0	47	1	1	3	14.902570331780083	-1.2558078465916154	8.495956739250676
1	0	48	1	1	3	2.546694693319497	0.08741611436628371	1.2824878014502072
1	0	49	1	1	3	4.059100418992452	-0.17315200528459318	2.374419201534121
1	0	50	1	1	3	10.838183590026693	-0.737061128613517	6.510782284671451
1	0	51	1	1	3	10.838183590026693	-0.737061128613517	6.510782284671451
1	0	52	1	1	3	10.838183590026693	-0.737061128613517	6.510782284671451
1	0	53	1	1	3	10.838183590026693	-0.737061128613517	6.510782284671451
1	0	54	1	1	3	10.838183590026693	-0.737061128613517	6.510782284671451
1	0	55	1	1	3	10.838183590026693	-0.737061128613517	6.510782284671451
1	0	56	1	1	3	10.838183590026693	-0.737061128613517	6.510782284671451
1	0	57	1	1	3	10.838183590026693	-0.737061128613517	6.510782284671451
1	0	58	1	1	3	10.838183590026693	-0.737061128613517	6.510782284671451
1	0	59	1	1	3	10.838183590026693	-0.737061128613517	6.510782284671451
1	0	60	1	1	3	10.838183590026693	-0.737061128613517	6.510782284671451
1	0	61	1	1	3	10.838183590026693	-0.737061128613517	6.510782284671451
1	0	62	1	1	3	10.838183590026693	-0.737061128613517	6.510782284671451
#BH2
3	0	0	0	1	3	6.088218946331791	-2.292276708110359	1.7613193875019242
3	0	1	0	1	3	6.088218946331791	-2.292276708110359	1.7613193875019242
3	0	2	0	1	3	8.555875577907607	-4.999999261927184	2.186999338745192
3	0	3	0	1	3	2.7970234834186325	-0.8226378984682325	0.6711577174615551
3	0	4	0	1	3	3.756338753074521	-1.1926428235078212	1.1045271127387704
3	0	5	0	1	3	2.9855680643445326	-0.7680597308913368	0.850701839280819
3	0	6	0	1	3	14.001398321363705	-4.756462371979911	4.373153101098319
3	0	7	0	1	3	3.048892691162814	-0.9031794088574614	0.8031650643570314
3	0	8	0	1	3	10.36338272713832	-3.8069123144183767	3.2873515611645994
3	0	9	0	1	3	3.197271952244196	-1.0883198548325477	0.8134993651691071
3	0	10	0	1	3	6.088218946331791	-2.292276708110359	1.7613193875019242
3	0	11	0	1	3	6.088218946331791	-2.292276708110359	1.7613193875019242
3	0	12	0	1	3	6.088218946331791	-2.292276708110359	1.7613193875019242
3	0	13	0	1	3	6.088218946331791	-2.292276708110359	1.7613193875019242
3	0	14	0	1	3	6.088218946331791	-2.292276708110359	1.7613193875019242
3	0	0	1	1	3	4.4747535263951805	-1.724853297345815	1.2692928089693236
3	0	1	1	1	3	4.4747535263951805	-1.724853297345815	1.2692928089693236
3	0	2	1	1	3	3.9918243291198596	-2.3105673011562495	0.9372468194439718
3	0	3	1	1	3	3.303693229417926	-1.0374028348434932	0.919006066023121
3	0	4	1	1	3	5.765429091231745	-2.1670483707259276	1.797367277020852
3	0	5	1	1	3	2.6225898701204837	-0.6790523792078345	0.6294974287759223
3	0	6	1	1	3	5.352170051898636	-2.1624247903134517	1.547236775620616
3	0	7	1	1	3	3.057868974981208	-1.081452403024945	0.7396929196460174
3	0	8	1	1	3	8.008190963787795	-2.9904168861785942	2.578927812523411
3	0	9	1	1	3	3.6962617006037926	-1.3704614133160251	1.0053673727006776
3	0	10	1	1	3	4.4747535263951805	-1.724853297345815	1.2692928089693236
3	0	11	1	1	3	4.4747535263951805	-1.724853297345815	1.2692928089693236
3	0	12	1	1	3	4.4747535263951805	-1.724853297345815	1.2692928089693236
3	0	13	1	1	3	4.4747535263951805	-1.724853297345815	1.2692928089693236
3	0	14	1	1	3	4.4747535263951805	-1.724853297345815	1.2692928089693236
#HTOF
5	0	0	0	1	3	0.000000e+00	0.000000e+00	0.000000e+00
5	0	1	0	1	3	0.000000e+00	0.000000e+00	0.000000e+00
5	0	2	0	1	3	0.000000e+00	0.000000e+00	0.000000e+00
5	0	3	0	1	3	0.000000e+00	0.000000e+00	0.000000e+00
5	0	4	0	1	3	0.000000e+00	0.000000e+00	0.000000e+00
5	0	5	0	1	3	0.000000e+00	0.000000e+00	0.000000e+00
5	0	6	0	1	3	0.000000e+00	0.000000e+00	0.000000e+00
5	0	7	0	1	3	0.000000e+00	0.000000e+00	0.000000e+00
5	0	8	0	1	3	0.000000e+00	0.000000e+00	0.000000e+00
5	0	9	0	1	3	0.000000e+00	0.000000e+00	0.000000e+00
5	0	10	0	1	3	0.000000e+00	0.000000e+00	0.000000e+00
5	0	11	0	1	3	0.000000e+00	0.000000e+00	0.000000e+00
5	0	12	0	1	3	0.000000e+00	0.000000e+00	0.000000e+00
5	0	13	0	1	3	0.000000e+00	0.000000e+00	0.000000e+00
5	0	14	0	1	3	0.000000e+00	0.000000e+00	0.000000e+00
5	0	15	0	1	3	0.000000e+00	0.000000e+00	0.000000e+00
5	0	16	0	1	3	0.000000e+00	0.000000e+00	0.000000e+00
5	0	17	0	1	3	0.000000e+00	0.000000e+00	0.000000e+00
5	0	18	0	1	3	0.000000e+00	0.000000e+00	0.000000e+00
5	0	19	0	1	3	0.000000e+00	0.000000e+00	0.000000e+00
5	0	20	0	1	3	0.000000e+00	0.000000e+00	0.000000e+00
5	0	21	0	1	3	0.000000e+00	0.000000e+00	0.000000e+00
5	0	22	0	1	3	0.000000e+00	0.000000e+00	0.000000e+00
5	0	23	0	1	3	0.000000e+00	0.000000e+00	0.000000e+00
5	0	24	0	1	3	0.000000e+00	0.000000e+00	0.000000e+00
5	0	25	0	1	3	0.000000e+00	0.000000e+00	0.000000e+00
5	0	26	0	1	3	0.000000e+00	0.000000e+00	0.000000e+00
5	0	27	0	1	3	0.000000e+00	0.000000e+00	0.000000e+00
5	0	28	0	1	3	0.000000e+00	0.000000e+00	0.000000e+00
5	0	29	0	1	3	0.000000e+00	0.000000e+00	0.000000e+00
5	0	30	0	1	3	0.000000e+00	0.000000e+00	0.000000e+00
5	0	31	0	1	3	0.000000e+00	0.000000e+00	0.000000e+00
5	0	32	0	1	3	0.000000e+00	0.000000e+00	0.000000e+00
5	0	33	0	1	3	0.000000e+00	0.000000e+00	0.000000e+00
5	0	0	1	1	3	0.000000e+00	0.000000e+00	0.000000e+00
5	0	1	1	1	3	0.000000e+00	0.000000e+00	0.000000e+00
5	0	2	1	1	3	0.000000e+00	0.000000e+00	0.000000e+00
5	0	3	1	1	3	0.000000e+00	0.000000e+00	0.000000e+00
5	0	4	1	1	3	0.000000e+00	0.000000e+00	0.000000e+00
5	0	5	1	1	3	0.000000e+00	0.000000e+00	0.000000e+00
5	0	6	1	1	3	0.000000e+00	0.000000e+00	0.000000e+00
5	0	7	1	1	3	0.000000e+00	0.000000e+00	0.000000e+00
5	0	8	1	1	3	0.000000e+00	0.000000e+00	0.000000e+00
5	0	9	1	1	3	0.000000e+00	0.000000e+00	0.000000e+00
5	0	10	1	1	3	0.000000e+00	0.000000e+00	0.000000e+00
5	0	11	1	1	3	0.000000e+00	0.000000e+00	0.000000e+00
5	0	12	1	1	3	0.000000e+00	0.000000e+00	0.000000e+00
5	0	13	1	1	3	0.000000e+00	0.000000e+00	0.000000e+00
5	0	14	1	1	3	0.000000e+00	0.000000e+00	0.000000e+00
5	0	15	1	1	3	0.000000e+00	0.000000e+00	0.000000e+00
5	0	16	1	1	3	0.000000e+00	0.000000e+00	0.000000e+00
5	0	17	1	1	3	0.000000e+00	0.000000e+00	0.000000e+00
5	0	18	1	1	3	0.000000e+00	0.000000e+00	0.000000e+00
5	0	19	1	1	3	0.000000e+00	0.000000e+00	0.000000e+00
5	0	20	1	1	3	0.000000e+00	0.000000e+00	0.000000e+00
5	0	21	1	1	3	0.000000e+00	0.000000e+00	0.000000e+00
5	0	22	1	1	3	0.000000e+00	0.000000e+00	0.000000e+00
5	0	23	1	1	3	0.000000e+00	0.000000e+00	0.000000e+00
5	0	24	1	1	3	0.000000e+00	0.000000e+00	0.000000e+00
5	0	25	1	1	3	0.000000e+00	0.000000e+00	0.000000e+00
5	0	26	1	1	3	0.000000e+00	0.000000e+00	0.000000e+00
5	0	27	1	1	3	0.000000e+00	0.000000e+00	0.000000e+00
5	0	28	1	1	3	0.000000e+00	0.000000e+00	0.000000e+00
5	0	29	1	1	3	0.000000e+00	0.000000e+00	0.000000e+00
5	0	30	1	1	3	0.000000e+00	0.000000e+00	0.000000e+00
5	0	31	1	1	3	0.000000e+00	0.000000e+00	0.000000e+00
5	0	32	1	1	3	0.000000e+00	0.000000e+00	0.000000e+00
5	0	33	1	1	3	0.000000e+00	0.000000e+00	0.000000e+00
#T1
7	0	0	0	1	3	14.99999999877323	-4.905165382654947	4.850696578656873
#CVC
8	0	0	0	1	3	0.000000e+00	0.000000e+00	0.000000e+00
8	0	1	0	1	3	0.000000e+00	0.000000e+00	0.000000e+00
8	0	2	0	1	3	0.000000e+00	0.000000e+00	0.000000e+00
8	0	3	0	1	3	0.000000e+00	0.000000e+00	0.000000e+00
8	0	4	0	1	3	0.000000e+00	0.000000e+00	0.000000e+00
8	0	5	0	1	3	0.000000e+00	0.000000e+00	0.000000e+00
8	0	6	0	1	3	0.000000e+00	0.000000e+00	0.000000e+00
8	0	7	0	1	3	0.000000e+00	0.000000e+00	0.000000e+00
8	0	0	1	1	3	0.000000e+00	0.000000e+00	0.000000e+00
8	0	1	1	1	3	0.000000e+00	0.000000e+00	0.000000e+00
8	0	2	1	1	3	0.000000e+00	0.000000e+00	0.000000e+00
8	0	3	1	1	3	0.000000e+00	0.000000e+00	0.000000e+00
8	0	4	1	1	3	0.000000e+00	0.000000e+00	0.000000e+00
8	0	5	1	1	3	0.000000e+00	0.000000e+00	0.000000e+00
8	0	6	1	1	3	0.000000e+00	0.000000e+00	0.000000e+00
8	0	7	1	1	3	0.000000e+00	0.000000e+00	0.000000e+00
#COBO
11	0	0	0	0	3	0.000000e+00	0.000000e+00	0.000000e+00
11	0	1	0	0	3	0.000000e+00	0.000000e+00	0.000000e+00
11	0	2	0	0	3	0.000000e+00	0.000000e+00	0.000000e+00
11	0	3	0	0	3	0.000000e+00	0.000000e+00	0.000000e+00
11	0	4	0	0	3	0.000000e+00	0.000000e+00	0.000000e+00
11	0	5	0	0	3	0.000000e+00	0.000000e+00	0.000000e+00
11	0	6	0	0	3	0.000000e+00	0.000000e+00	0.000000e+00
11	0	7	0	0	3	0.000000e+00	0.000000e+00	0.000000e+00
