#CId	PlId	SegId	UorD	Type	nParam	p0	p1	p2
#BHT
1	0	0	0	1	3	9.358741318918918	-0.6424353488625437	6.6226980243119264
1	0	1	0	1	3	9.358741318918918	-0.6424353488625437	6.6226980243119264
1	0	2	0	1	3	9.358741318918918	-0.6424353488625437	6.6226980243119264
1	0	3	0	1	3	9.358741318918918	-0.6424353488625437	6.6226980243119264
1	0	4	0	1	3	9.358741318918918	-0.6424353488625437	6.6226980243119264
1	0	5	0	1	3	9.358741318918918	-0.6424353488625437	6.6226980243119264
1	0	6	0	1	3	9.358741318918918	-0.6424353488625437	6.6226980243119264
1	0	7	0	1	3	9.358741318918918	-0.6424353488625437	6.6226980243119264
1	0	8	0	1	3	9.358741318918918	-0.6424353488625437	6.6226980243119264
1	0	9	0	1	3	9.358741318918918	-0.6424353488625437	6.6226980243119264
1	0	10	0	1	3	9.358741318918918	-0.6424353488625437	6.6226980243119264
1	0	11	0	1	3	9.358741318918918	-0.6424353488625437	6.6226980243119264
1	0	12	0	1	3	9.358741318918918	-0.6424353488625437	6.6226980243119264
1	0	13	0	1	3	9.358741318918918	-0.6424353488625437	6.6226980243119264
1	0	14	0	1	3	9.358741318918918	-0.6424353488625437	6.6226980243119264
1	0	15	0	1	3	0.2383992048704764	0.624999999727871	0.08112102630053775
1	0	16	0	1	3	1.7098257645453656	0.38718288473472207	1.9658797686307339
1	0	17	0	1	3	13.789968965155992	-0.8354210322756357	9.999996226826987
1	0	18	0	1	3	14.999935940701958	-2.1395587833815393	8.273931539018186
1	0	19	0	1	3	3.7605092027358777	0.19302440595086967	3.9879150714039895
1	0	20	0	1	3	14.999999811264953	-1.260529061567928	9.80751367827381
1	0	21	0	1	3	5.261333608651295	0.025025031452404534	5.095335713689904
1	0	22	0	1	3	14.734360684411593	-1.1139363499752828	9.99999999926487
1	0	23	0	1	3	5.78214316143852	-0.07042205783313804	5.495582865099613
1	0	24	0	1	3	14.999999221719992	-1.1925866346912768	9.999991194397166
1	0	25	0	1	3	1.5566261916920805	0.2579881544645044	1.656805597220139
1	0	26	0	1	3	13.382864367676897	-0.7154782968624689	9.999996168176027
1	0	27	0	1	3	2.7243031673963096	0.2534196540303677	2.9924777378627145
1	0	28	0	1	3	3.326443494617177	-0.4597158721812198	2.293619748187875
1	0	29	0	1	3	5.049447096322199	-0.1580969576821012	4.474361441977779
1	0	30	0	1	3	2.248332618607322	0.4072495751497147	2.717561329468601
1	0	31	0	1	3	14.728077902842148	-1.303919551106461	9.526691387786997
1	0	32	0	1	3	14.999999997420868	-1.3186250080977513	9.64602652522757
1	0	33	0	1	3	14.9490863376107	-1.4516566400764686	9.395211904908363
1	0	34	0	1	3	7.575646016924217	-0.4784293630638947	6.063842265153202
1	0	35	0	1	3	7.279487672849448	-0.29462262900888714	6.2041306614176515
1	0	36	0	1	3	9.913180928123053	-0.7323929909459821	7.322455745860161
1	0	37	0	1	3	14.838706100442469	-1.2502356285125877	9.71624502572087
1	0	38	0	1	3	14.99999984738781	-1.2835337921019998	9.753129649653827
1	0	39	0	1	3	3.276090649925197	0.1373725691950014	3.3242151097430046
1	0	40	0	1	3	14.999999639519777	-1.2601748519855076	9.806071342480305
1	0	41	0	1	3	14.998812381619606	-1.4154300428010003	9.53460492874148
1	0	42	0	1	3	9.84707350877264	-0.8004746376260536	7.166113385644332
1	0	43	0	1	3	3.676734160971472	0.002089297553055758	3.5149415976789307
1	0	44	0	1	3	14.99999953008578	-1.3156446908273693	9.719192376620295
1	0	45	0	1	3	14.021529697802412	-1.3311442315261175	9.040016522700416
1	0	46	0	1	3	14.9772836610817	-1.470706436883627	9.398411459183482
1	0	47	0	1	3	1.899279289988727	0.26110501264353125	2.0752643891200973
1	0	48	0	1	3	3.232859049042107	-0.05446941701630692	3.028106457405606
1	0	49	0	1	3	2.9529315616074285	-0.04404719053765316	2.7841622293328645
1	0	50	0	1	3	14.542159366141485	-1.1230478358892366	9.999999473274155
1	0	51	0	1	3	14.999998998032943	-1.445264508358664	9.17890535608875
1	0	52	0	1	3	9.358741318918918	-0.6424353488625437	6.6226980243119264
1	0	53	0	1	3	9.358741318918918	-0.6424353488625437	6.6226980243119264
1	0	54	0	1	3	9.358741318918918	-0.6424353488625437	6.6226980243119264
1	0	55	0	1	3	9.358741318918918	-0.6424353488625437	6.6226980243119264
1	0	56	0	1	3	9.358741318918918	-0.6424353488625437	6.6226980243119264
1	0	57	0	1	3	9.358741318918918	-0.6424353488625437	6.6226980243119264
1	0	58	0	1	3	9.358741318918918	-0.6424353488625437	6.6226980243119264
1	0	59	0	1	3	9.358741318918918	-0.6424353488625437	6.6226980243119264
1	0	60	0	1	3	9.358741318918918	-0.6424353488625437	6.6226980243119264
1	0	61	0	1	3	9.358741318918918	-0.6424353488625437	6.6226980243119264
1	0	62	0	1	3	9.358741318918918	-0.6424353488625437	6.6226980243119264
1	0	0	1	1	3	8.521123472073986	-0.5160689819865395	6.31026371409035
1	0	1	1	1	3	8.521123472073986	-0.5160689819865395	6.31026371409035
1	0	2	1	1	3	8.521123472073986	-0.5160689819865395	6.31026371409035
1	0	3	1	1	3	8.521123472073986	-0.5160689819865395	6.31026371409035
1	0	4	1	1	3	8.521123472073986	-0.5160689819865395	6.31026371409035
1	0	5	1	1	3	8.521123472073986	-0.5160689819865395	6.31026371409035
1	0	6	1	1	3	8.521123472073986	-0.5160689819865395	6.31026371409035
1	0	7	1	1	3	8.521123472073986	-0.5160689819865395	6.31026371409035
1	0	8	1	1	3	8.521123472073986	-0.5160689819865395	6.31026371409035
1	0	9	1	1	3	8.521123472073986	-0.5160689819865395	6.31026371409035
1	0	10	1	1	3	8.521123472073986	-0.5160689819865395	6.31026371409035
1	0	11	1	1	3	8.521123472073986	-0.5160689819865395	6.31026371409035
1	0	12	1	1	3	8.521123472073986	-0.5160689819865395	6.31026371409035
1	0	13	1	1	3	8.521123472073986	-0.5160689819865395	6.31026371409035
1	0	14	1	1	3	8.521123472073986	-0.5160689819865395	6.31026371409035
1	0	15	1	1	3	13.378894628589487	-2.0557401036586245	7.356384457946607
1	0	16	1	1	3	1.8083931388048953	0.47196377100365705	2.4818809862535103
1	0	17	1	1	3	0.6462977989610822	0.6735502834023492	0.9675117322075768
1	0	18	1	1	3	14.83243328380695	-1.125062919571532	9.99998239779698
1	0	19	1	1	3	14.993923835349594	-1.2968034806491016	9.71495293855298
1	0	20	1	1	3	14.062581746447487	-0.9171445730001127	9.999997767545509
1	0	21	1	1	3	3.1889910700610438	0.3122038466175798	3.626114697551418
1	0	22	1	1	3	6.75315345627519	-0.3178883001462047	5.7473239378781305
1	0	23	1	1	3	14.930622138493524	-1.3645752467282937	9.590030074319797
1	0	24	1	1	3	4.702955850407062	-0.20595678775318582	4.167224830754419
1	0	25	1	1	3	6.141204954387924	-0.02608296120931186	5.889158487297
1	0	26	1	1	3	7.958404671839928	-0.47805986458545835	6.35000875546965
1	0	27	1	1	3	2.7861953307544978	0.13061565203661285	2.813498659564666
1	0	28	1	1	3	14.320259693919722	-0.9880133522003023	9.999999699787029
1	0	29	1	1	3	14.952316522485726	-1.2927341239400838	9.673243744139711
1	0	30	1	1	3	1.5983628408944788	0.5199297627779469	2.1006645671765525
1	0	31	1	1	3	13.721334207187095	-0.8198397069763326	9.99999659265787
1	0	32	1	1	3	3.756107935224064	0.08931490835161693	3.735804676104318
1	0	33	1	1	3	9.96750429924316	-0.7704191683715917	7.342357200054121
1	0	34	1	1	3	1.4521337840928938	0.44204119384089857	1.7688536478032155
1	0	35	1	1	3	7.625160201672207	-0.10524504009264035	7.098774238993675
1	0	36	1	1	3	3.4524498234424787	0.024403666656730216	3.298548061491875
1	0	37	1	1	3	12.319897893036984	-0.8287394160864503	8.97088944506769
1	0	38	1	1	3	8.474271421198573	-0.5948181135315194	6.529890430997265
1	0	39	1	1	3	3.6941732083052155	0.023165310441620512	3.5497668202618806
1	0	40	1	1	3	8.85184153152496	-0.7071014525128101	6.585912892612847
1	0	41	1	1	3	14.994994281893185	-1.296105948987933	9.752659796387114
1	0	42	1	1	3	4.807331190235213	-0.12222482306793303	4.341188888520745
1	0	43	1	1	3	14.108480046082661	-1.1512956082418704	9.439652598115421
1	0	44	1	1	3	14.965153127200388	-1.3395601835095374	9.641548874699069
1	0	45	1	1	3	7.567429426939065	-0.3981349353814103	6.239423110800223
1	0	46	1	1	3	6.79920413680426	-0.3669622329763689	5.668571921108753
1	0	47	1	1	3	3.6975336229239044	-0.009974621564365016	3.526987059950267
1	0	48	1	1	3	12.353796287558634	-1.7175210713851166	7.350296096201344
1	0	49	1	1	3	1.1043723291991194	0.4739785127973226	1.4008048686748782
1	0	50	1	1	3	14.99999964089408	-1.2213699034120356	9.936506037457185
1	0	51	1	1	3	9.513409110600765	-0.7383453018881694	6.823346429141666
1	0	52	1	1	3	8.521123472073986	-0.5160689819865395	6.31026371409035
1	0	53	1	1	3	8.521123472073986	-0.5160689819865395	6.31026371409035
1	0	54	1	1	3	8.521123472073986	-0.5160689819865395	6.31026371409035
1	0	55	1	1	3	8.521123472073986	-0.5160689819865395	6.31026371409035
1	0	56	1	1	3	8.521123472073986	-0.5160689819865395	6.31026371409035
1	0	57	1	1	3	8.521123472073986	-0.5160689819865395	6.31026371409035
1	0	58	1	1	3	8.521123472073986	-0.5160689819865395	6.31026371409035
1	0	59	1	1	3	8.521123472073986	-0.5160689819865395	6.31026371409035
1	0	60	1	1	3	8.521123472073986	-0.5160689819865395	6.31026371409035
1	0	61	1	1	3	8.521123472073986	-0.5160689819865395	6.31026371409035
1	0	62	1	1	3	8.521123472073986	-0.5160689819865395	6.31026371409035
#BH2
3	0	0	0	1	3	1.8457782976296306	-0.16334516378230934	1.4234990072606895
3	0	1	0	1	3	1.8457782976296306	-0.16334516378230934	1.4234990072606895
3	0	2	0	1	3	1.8457782976296306	-0.16334516378230934	1.4234990072606895
3	0	3	0	1	3	1.8955946299778328	-0.20197896614856248	1.4774119542763207
3	0	4	0	1	3	2.2251350779297585	-0.2788657106459711	1.6912664269507567
3	0	5	0	1	3	2.075921372270524	-0.26001968511086293	1.586223588242225
3	0	6	0	1	3	2.0228078509149436	-0.065047789914777	1.6233770374240253
3	0	7	0	1	3	1.8854728281019346	-0.16233173050620575	1.4493729204374675
3	0	8	0	1	3	1.9497892657574607	-0.20123502740625732	1.4591121252620431
3	0	9	0	1	3	1.9191586280094752	-0.16446719538633836	1.497764566815015
3	0	10	0	1	3	0.7923467280751151	0.027184794860500183	0.6034634386776618
3	0	11	0	1	3	1.8457782976296306	-0.16334516378230934	1.4234990072606895
3	0	12	0	1	3	1.8457782976296306	-0.16334516378230934	1.4234990072606895
3	0	13	0	1	3	1.8457782976296306	-0.16334516378230934	1.4234990072606895
3	0	14	0	1	3	1.8457782976296306	-0.16334516378230934	1.4234990072606895
3	0	0	1	1	3	1.6813316758445567	-0.1011373952020681	1.3362991211087383
3	0	1	1	1	3	1.6813316758445567	-0.1011373952020681	1.3362991211087383
3	0	2	1	1	3	1.6813316758445567	-0.1011373952020681	1.3362991211087383
3	0	3	1	1	3	1.6802359501812631	-0.13054617873817165	1.3390135192606136
3	0	4	1	1	3	1.9095848885296953	-0.17759004376970733	1.4851044560575435
3	0	5	1	1	3	1.7967204508915093	-0.11070420252381297	1.4385392880903471
3	0	6	1	1	3	1.9092220365708172	-0.1807184221792575	1.4337243659326577
3	0	7	1	1	3	1.4563963941254374	-0.030988705423943053	1.149752494750793
3	0	8	1	1	3	2.0077587510795496	-0.15055495736311908	1.5280663319831311
3	0	9	1	1	3	1.6345936588636099	-0.060111275250624985	1.3762320203037532
3	0	10	1	1	3	1.0561412765145712	0.03211462363209172	0.9399604924910672
3	0	11	1	1	3	1.6813316758445567	-0.1011373952020681	1.3362991211087383
3	0	12	1	1	3	1.6813316758445567	-0.1011373952020681	1.3362991211087383
3	0	13	1	1	3	1.6813316758445567	-0.1011373952020681	1.3362991211087383
3	0	14	1	1	3	1.6813316758445567	-0.1011373952020681	1.3362991211087383
#HTOF
5	0	0	0	1	3	0.000000e+00	0.000000e+00	0.000000e+00
5	0	1	0	1	3	0.000000e+00	0.000000e+00	0.000000e+00
5	0	2	0	1	3	0.000000e+00	0.000000e+00	0.000000e+00
5	0	3	0	1	3	0.000000e+00	0.000000e+00	0.000000e+00
5	0	4	0	1	3	0.000000e+00	0.000000e+00	0.000000e+00
5	0	5	0	1	3	0.000000e+00	0.000000e+00	0.000000e+00
5	0	6	0	1	3	0.000000e+00	0.000000e+00	0.000000e+00
5	0	7	0	1	3	0.000000e+00	0.000000e+00	0.000000e+00
5	0	8	0	1	3	0.000000e+00	0.000000e+00	0.000000e+00
5	0	9	0	1	3	0.000000e+00	0.000000e+00	0.000000e+00
5	0	10	0	1	3	0.000000e+00	0.000000e+00	0.000000e+00
5	0	11	0	1	3	0.000000e+00	0.000000e+00	0.000000e+00
5	0	12	0	1	3	0.000000e+00	0.000000e+00	0.000000e+00
5	0	13	0	1	3	0.000000e+00	0.000000e+00	0.000000e+00
5	0	14	0	1	3	0.000000e+00	0.000000e+00	0.000000e+00
5	0	15	0	1	3	0.000000e+00	0.000000e+00	0.000000e+00
5	0	16	0	1	3	0.000000e+00	0.000000e+00	0.000000e+00
5	0	17	0	1	3	0.000000e+00	0.000000e+00	0.000000e+00
5	0	18	0	1	3	0.000000e+00	0.000000e+00	0.000000e+00
5	0	19	0	1	3	0.000000e+00	0.000000e+00	0.000000e+00
5	0	20	0	1	3	0.000000e+00	0.000000e+00	0.000000e+00
5	0	21	0	1	3	0.000000e+00	0.000000e+00	0.000000e+00
5	0	22	0	1	3	0.000000e+00	0.000000e+00	0.000000e+00
5	0	23	0	1	3	0.000000e+00	0.000000e+00	0.000000e+00
5	0	24	0	1	3	0.000000e+00	0.000000e+00	0.000000e+00
5	0	25	0	1	3	0.000000e+00	0.000000e+00	0.000000e+00
5	0	26	0	1	3	0.000000e+00	0.000000e+00	0.000000e+00
5	0	27	0	1	3	0.000000e+00	0.000000e+00	0.000000e+00
5	0	28	0	1	3	0.000000e+00	0.000000e+00	0.000000e+00
5	0	29	0	1	3	0.000000e+00	0.000000e+00	0.000000e+00
5	0	30	0	1	3	0.000000e+00	0.000000e+00	0.000000e+00
5	0	31	0	1	3	0.000000e+00	0.000000e+00	0.000000e+00
5	0	32	0	1	3	0.000000e+00	0.000000e+00	0.000000e+00
5	0	33	0	1	3	0.000000e+00	0.000000e+00	0.000000e+00
5	0	0	1	1	3	0.000000e+00	0.000000e+00	0.000000e+00
5	0	1	1	1	3	0.000000e+00	0.000000e+00	0.000000e+00
5	0	2	1	1	3	0.000000e+00	0.000000e+00	0.000000e+00
5	0	3	1	1	3	0.000000e+00	0.000000e+00	0.000000e+00
5	0	4	1	1	3	0.000000e+00	0.000000e+00	0.000000e+00
5	0	5	1	1	3	0.000000e+00	0.000000e+00	0.000000e+00
5	0	6	1	1	3	0.000000e+00	0.000000e+00	0.000000e+00
5	0	7	1	1	3	0.000000e+00	0.000000e+00	0.000000e+00
5	0	8	1	1	3	0.000000e+00	0.000000e+00	0.000000e+00
5	0	9	1	1	3	0.000000e+00	0.000000e+00	0.000000e+00
5	0	10	1	1	3	0.000000e+00	0.000000e+00	0.000000e+00
5	0	11	1	1	3	0.000000e+00	0.000000e+00	0.000000e+00
5	0	12	1	1	3	0.000000e+00	0.000000e+00	0.000000e+00
5	0	13	1	1	3	0.000000e+00	0.000000e+00	0.000000e+00
5	0	14	1	1	3	0.000000e+00	0.000000e+00	0.000000e+00
5	0	15	1	1	3	0.000000e+00	0.000000e+00	0.000000e+00
5	0	16	1	1	3	0.000000e+00	0.000000e+00	0.000000e+00
5	0	17	1	1	3	0.000000e+00	0.000000e+00	0.000000e+00
5	0	18	1	1	3	0.000000e+00	0.000000e+00	0.000000e+00
5	0	19	1	1	3	0.000000e+00	0.000000e+00	0.000000e+00
5	0	20	1	1	3	0.000000e+00	0.000000e+00	0.000000e+00
5	0	21	1	1	3	0.000000e+00	0.000000e+00	0.000000e+00
5	0	22	1	1	3	0.000000e+00	0.000000e+00	0.000000e+00
5	0	23	1	1	3	0.000000e+00	0.000000e+00	0.000000e+00
5	0	24	1	1	3	0.000000e+00	0.000000e+00	0.000000e+00
5	0	25	1	1	3	0.000000e+00	0.000000e+00	0.000000e+00
5	0	26	1	1	3	0.000000e+00	0.000000e+00	0.000000e+00
5	0	27	1	1	3	0.000000e+00	0.000000e+00	0.000000e+00
5	0	28	1	1	3	0.000000e+00	0.000000e+00	0.000000e+00
5	0	29	1	1	3	0.000000e+00	0.000000e+00	0.000000e+00
5	0	30	1	1	3	0.000000e+00	0.000000e+00	0.000000e+00
5	0	31	1	1	3	0.000000e+00	0.000000e+00	0.000000e+00
5	0	32	1	1	3	0.000000e+00	0.000000e+00	0.000000e+00
5	0	33	1	1	3	0.000000e+00	0.000000e+00	0.000000e+00
#T1
7	0	0	0	1	3	2.2692266687035425	-0.2096240113059542	1.9675539617273068
#CVC
8	0	0	0	1	3	0.000000e+00	0.000000e+00	0.000000e+00
8	0	1	0	1	3	0.000000e+00	0.000000e+00	0.000000e+00
8	0	2	0	1	3	0.000000e+00	0.000000e+00	0.000000e+00
8	0	3	0	1	3	0.000000e+00	0.000000e+00	0.000000e+00
8	0	4	0	1	3	0.000000e+00	0.000000e+00	0.000000e+00
8	0	5	0	1	3	0.000000e+00	0.000000e+00	0.000000e+00
8	0	6	0	1	3	0.000000e+00	0.000000e+00	0.000000e+00
8	0	7	0	1	3	0.000000e+00	0.000000e+00	0.000000e+00
8	0	0	1	1	3	0.000000e+00	0.000000e+00	0.000000e+00
8	0	1	1	1	3	0.000000e+00	0.000000e+00	0.000000e+00
8	0	2	1	1	3	0.000000e+00	0.000000e+00	0.000000e+00
8	0	3	1	1	3	0.000000e+00	0.000000e+00	0.000000e+00
8	0	4	1	1	3	0.000000e+00	0.000000e+00	0.000000e+00
8	0	5	1	1	3	0.000000e+00	0.000000e+00	0.000000e+00
8	0	6	1	1	3	0.000000e+00	0.000000e+00	0.000000e+00
8	0	7	1	1	3	0.000000e+00	0.000000e+00	0.000000e+00
#COBO
11	0	0	0	0	3	0.000000e+00	0.000000e+00	0.000000e+00
11	0	1	0	0	3	0.000000e+00	0.000000e+00	0.000000e+00
11	0	2	0	0	3	0.000000e+00	0.000000e+00	0.000000e+00
11	0	3	0	0	3	0.000000e+00	0.000000e+00	0.000000e+00
11	0	4	0	0	3	0.000000e+00	0.000000e+00	0.000000e+00
11	0	5	0	0	3	0.000000e+00	0.000000e+00	0.000000e+00
11	0	6	0	0	3	0.000000e+00	0.000000e+00	0.000000e+00
11	0	7	0	0	3	0.000000e+00	0.000000e+00	0.000000e+00
