#CId	PlId	SegId	UorD	Type	nParam	p0	p1	p2
#BHT
1	0	0	0	1	3	7.1461471783553785	-0.3400443005051429	5.584254357353587
1	0	1	0	1	3	7.1461471783553785	-0.3400443005051429	5.584254357353587
1	0	2	0	1	3	7.1461471783553785	-0.3400443005051429	5.584254357353587
1	0	3	0	1	3	7.1461471783553785	-0.3400443005051429	5.584254357353587
1	0	4	0	1	3	7.1461471783553785	-0.3400443005051429	5.584254357353587
1	0	5	0	1	3	7.1461471783553785	-0.3400443005051429	5.584254357353587
1	0	6	0	1	3	7.1461471783553785	-0.3400443005051429	5.584254357353587
1	0	7	0	1	3	7.1461471783553785	-0.3400443005051429	5.584254357353587
1	0	8	0	1	3	7.1461471783553785	-0.3400443005051429	5.584254357353587
1	0	9	0	1	3	7.1461471783553785	-0.3400443005051429	5.584254357353587
1	0	10	0	1	3	7.1461471783553785	-0.3400443005051429	5.584254357353587
1	0	11	0	1	3	7.1461471783553785	-0.3400443005051429	5.584254357353587
1	0	12	0	1	3	7.1461471783553785	-0.3400443005051429	5.584254357353587
1	0	13	0	1	3	7.1461471783553785	-0.3400443005051429	5.584254357353587
1	0	14	0	1	3	7.1461471783553785	-0.3400443005051429	5.584254357353587
1	0	15	0	1	3	2.378074585837532	0.22190588244820386	2.6217238819355897
1	0	16	0	1	3	14.63785573853879	-1.147024812230184	9.999998910699496
1	0	17	0	1	3	14.779924377428358	-1.183457115847573	9.998891435859445
1	0	18	0	1	3	5.306635056879315	-0.17462504532760015	4.9062790578668345
1	0	19	0	1	3	14.999998063331848	-1.6440186064774198	9.206783729133356
1	0	20	0	1	3	0.9730545823843346	0.6437618600225354	1.6162949216349256
1	0	21	0	1	3	0.7961736733257713	0.6964018307535884	1.422537045939964
1	0	22	0	1	3	14.855727161340052	-1.19397332013915	9.999999964485896
1	0	23	0	1	3	4.020168815460808	0.03354885274319663	4.083614566651303
1	0	24	0	1	3	6.376450274499141	-0.26469105435119467	5.647704012634198
1	0	25	0	1	3	4.597100757559934	-0.13579296329487445	4.276273122327438
1	0	26	0	1	3	7.265349309398963	-0.3687468676211916	6.15328195635929
1	0	27	0	1	3	2.6862093496057846	0.20236527328766662	2.9796215748979913
1	0	28	0	1	3	1.8355519545951944	0.5131762987001807	2.5717027258828415
1	0	29	0	1	3	2.6457181936722085	0.3332260666894493	3.1672283266304335
1	0	30	0	1	3	14.759822879261566	-1.1574512530081442	9.999877555410551
1	0	31	0	1	3	5.936667298920869	-0.19844703903424232	5.397204644246748
1	0	32	0	1	3	12.842543739279318	-0.9975268461311284	9.0371903968176
1	0	33	0	1	3	1.5843457883639929	0.5424954945892067	2.32691411370871
1	0	34	0	1	3	13.0648274412366	-1.0128047313381137	9.178174497040647
1	0	35	0	1	3	2.9471971309807588	0.20877426725877068	3.2642923611713623
1	0	36	0	1	3	3.5207889423339043	0.08665600847760047	3.6181435673397653
1	0	37	0	1	3	14.99999998358713	-1.2412545952702776	9.979549414301921
1	0	38	0	1	3	14.431391257457326	-1.0739408485927755	9.999999959912735
1	0	39	0	1	3	4.0439095757436805	0.003967309569285149	3.9989455836758037
1	0	40	0	1	3	1.7999104732989324	0.21430786331351914	1.992969618480426
1	0	41	0	1	3	14.999999765149708	-1.361359619152661	9.779073123093987
1	0	42	0	1	3	8.360561157947325	-0.5076351546317337	6.77490927650414
1	0	43	0	1	3	1.1181119096231216	0.42020921204014616	1.4492802679415795
1	0	44	0	1	3	8.896132017669522	-0.6984644455459241	6.812512351207296
1	0	45	0	1	3	11.176805842601222	-0.9966936541367586	7.887706929555932
1	0	46	0	1	3	3.637768297803711	0.14850814852873473	3.918540991426391
1	0	47	0	1	3	1.5922579163292145	0.2711902467681586	1.8407288680703555
1	0	48	0	1	3	3.7166933874273216	-0.08348493532676748	3.5389087707988756
1	0	49	0	1	3	5.2300232005950065	-0.3912534961645555	4.368561010631862
1	0	50	0	1	3	10.447548521325368	-0.9494430297531178	7.217738330453464
1	0	51	0	1	3	7.1461471783553785	-0.3400443005051429	5.584254357353587
1	0	52	0	1	3	7.1461471783553785	-0.3400443005051429	5.584254357353587
1	0	53	0	1	3	7.1461471783553785	-0.3400443005051429	5.584254357353587
1	0	54	0	1	3	7.1461471783553785	-0.3400443005051429	5.584254357353587
1	0	55	0	1	3	7.1461471783553785	-0.3400443005051429	5.584254357353587
1	0	56	0	1	3	7.1461471783553785	-0.3400443005051429	5.584254357353587
1	0	57	0	1	3	7.1461471783553785	-0.3400443005051429	5.584254357353587
1	0	58	0	1	3	7.1461471783553785	-0.3400443005051429	5.584254357353587
1	0	59	0	1	3	7.1461471783553785	-0.3400443005051429	5.584254357353587
1	0	60	0	1	3	7.1461471783553785	-0.3400443005051429	5.584254357353587
1	0	61	0	1	3	7.1461471783553785	-0.3400443005051429	5.584254357353587
1	0	62	0	1	3	7.1461471783553785	-0.3400443005051429	5.584254357353587
1	0	0	1	1	3	9.10293535532452	-0.5459091997379499	6.961740948743082
1	0	1	1	1	3	9.10293535532452	-0.5459091997379499	6.961740948743082
1	0	2	1	1	3	9.10293535532452	-0.5459091997379499	6.961740948743082
1	0	3	1	1	3	9.10293535532452	-0.5459091997379499	6.961740948743082
1	0	4	1	1	3	9.10293535532452	-0.5459091997379499	6.961740948743082
1	0	5	1	1	3	9.10293535532452	-0.5459091997379499	6.961740948743082
1	0	6	1	1	3	9.10293535532452	-0.5459091997379499	6.961740948743082
1	0	7	1	1	3	9.10293535532452	-0.5459091997379499	6.961740948743082
1	0	8	1	1	3	9.10293535532452	-0.5459091997379499	6.961740948743082
1	0	9	1	1	3	9.10293535532452	-0.5459091997379499	6.961740948743082
1	0	10	1	1	3	9.10293535532452	-0.5459091997379499	6.961740948743082
1	0	11	1	1	3	9.10293535532452	-0.5459091997379499	6.961740948743082
1	0	12	1	1	3	9.10293535532452	-0.5459091997379499	6.961740948743082
1	0	13	1	1	3	9.10293535532452	-0.5459091997379499	6.961740948743082
1	0	14	1	1	3	9.10293535532452	-0.5459091997379499	6.961740948743082
1	0	15	1	1	3	12.813840317657226	-0.65084297988518	9.999999975048112
1	0	16	1	1	3	14.999999465857382	-1.8998595854360634	8.806917616859439
1	0	17	1	1	3	14.780552991312168	-1.3039663241835728	9.71856947563398
1	0	18	1	1	3	2.913270020456022	0.26929490585005134	3.405213486737436
1	0	19	1	1	3	2.622308076793158	0.36212775555991694	3.2641522529436946
1	0	20	1	1	3	8.38238160851209	-0.5684068973672014	6.666669314672663
1	0	21	1	1	3	2.0849136098851635	0.4359842522182982	2.7291864890787867
1	0	22	1	1	3	1.4535560338509623	0.5969084637904754	2.2330498228578497
1	0	23	1	1	3	13.843093208993759	-0.9038881767006144	9.999999685241132
1	0	24	1	1	3	8.62989418963387	-0.549747023628397	6.897677778666969
1	0	25	1	1	3	4.719219599813827	-0.04281174801542775	4.569405171025375
1	0	26	1	1	3	5.163536346985006	0.007780819783907766	5.125934307316678
1	0	27	1	1	3	4.949940645770078	-0.1083976549355885	4.645210411100701
1	0	28	1	1	3	12.858909616333763	-0.9002387236492675	9.27595682779387
1	0	29	1	1	3	9.207561405804164	-0.5036249666735744	7.452793398924822
1	0	30	1	1	3	6.522673269346312	-0.30625248847847875	5.644974149268924
1	0	31	1	1	3	9.466441093318835	-0.5709559325797908	7.515052443204487
1	0	32	1	1	3	5.638546036312377	-0.1977335348724356	5.1019934483136655
1	0	33	1	1	3	14.228371883196646	-1.0122706880498669	9.999999786256343
1	0	34	1	1	3	8.25872260605084	-0.6012404034891103	6.494012619291897
1	0	35	1	1	3	12.606311850478184	-0.8558403147558717	9.233125472390354
1	0	36	1	1	3	5.203353211950423	-0.16584541841285105	4.7644273207896966
1	0	37	1	1	3	14.116441778980702	-0.9926077325227771	9.999999996276388
1	0	38	1	1	3	7.9942329620011146	-0.4632160471789497	6.571127020863219
1	0	39	1	1	3	11.658258674344564	-0.8210320537784375	8.597393188998078
1	0	40	1	1	3	8.431985528229129	-0.564687704796059	6.711836515007528
1	0	41	1	1	3	13.544113567325931	-0.8443275505684342	9.999999999142618
1	0	42	1	1	3	7.305670716428659	-0.42216327121552055	6.072754779499134
1	0	43	1	1	3	8.155214910136305	-0.46799564013784245	6.7092783188956755
1	0	44	1	1	3	14.999999998419948	-1.2585716071892676	9.980144936784644
1	0	45	1	1	3	14.95796031232881	-1.2321916589508453	9.999999997463114
1	0	46	1	1	3	14.977245466541488	-1.2528978476902326	9.957237058497808
1	0	47	1	1	3	8.994660423104119	-0.6208880441197469	7.023117441951932
1	0	48	1	1	3	4.734296392699601	-0.33319913337756013	4.060448801094663
1	0	49	1	1	3	1.488195299437053	0.4012038578614927	1.8403424137000775
1	0	50	1	1	3	14.999999673393049	-1.3103300929913733	9.554672433159205
1	0	51	1	1	3	9.10293535532452	-0.5459091997379499	6.961740948743082
1	0	52	1	1	3	9.10293535532452	-0.5459091997379499	6.961740948743082
1	0	53	1	1	3	9.10293535532452	-0.5459091997379499	6.961740948743082
1	0	54	1	1	3	9.10293535532452	-0.5459091997379499	6.961740948743082
1	0	55	1	1	3	9.10293535532452	-0.5459091997379499	6.961740948743082
1	0	56	1	1	3	9.10293535532452	-0.5459091997379499	6.961740948743082
1	0	57	1	1	3	9.10293535532452	-0.5459091997379499	6.961740948743082
1	0	58	1	1	3	9.10293535532452	-0.5459091997379499	6.961740948743082
1	0	59	1	1	3	9.10293535532452	-0.5459091997379499	6.961740948743082
1	0	60	1	1	3	9.10293535532452	-0.5459091997379499	6.961740948743082
1	0	61	1	1	3	9.10293535532452	-0.5459091997379499	6.961740948743082
1	0	62	1	1	3	9.10293535532452	-0.5459091997379499	6.961740948743082
#BH2
3	0	0	0	1	3	3.334861729163675	-0.7907975217595268	2.2331527927173016
3	0	1	0	1	3	3.334861729163675	-0.7907975217595268	2.2331527927173016
3	0	2	0	1	3	2.4269916431542624	-0.6286124844726508	1.795733188495956
3	0	3	0	1	3	1.9619948917928123	-0.19882562195222686	1.667316328970982
3	0	4	0	1	3	4.642276721079713	-1.2349429320252812	2.927302914897803
3	0	5	0	1	3	2.27939589805913	-0.30803308272376917	1.852395644344199
3	0	6	0	1	3	4.8001686940986446	-1.1396310559517646	3.0320370828049894
3	0	7	0	1	3	2.3367731885105854	-0.3093551182077494	1.9058285183665946
3	0	8	0	1	3	2.85399947767189	-0.5726567743478315	2.062180082482105
3	0	9	0	1	3	2.259453756086437	-0.2805593526428787	1.8072894043820256
3	0	10	0	1	3	6.4527012920196	-2.444561273511589	3.048291969711059
3	0	11	0	1	3	3.334861729163675	-0.7907975217595268	2.2331527927173016
3	0	12	0	1	3	3.334861729163675	-0.7907975217595268	2.2331527927173016
3	0	13	0	1	3	3.334861729163675	-0.7907975217595268	2.2331527927173016
3	0	14	0	1	3	3.334861729163675	-0.7907975217595268	2.2331527927173016
3	0	0	1	1	3	2.7724144528162866	-0.5616214603683645	1.9685174761392572
3	0	1	1	1	3	2.7724144528162866	-0.5616214603683645	1.9685174761392572
3	0	2	1	1	3	5.431843092995465	-1.3506540687196371	3.4744782792956004
3	0	3	1	1	3	2.0456582679874695	-0.21895031589240777	1.727242262957024
3	0	4	1	1	3	4.189491384676971	-1.135377457384057	2.6781262552701963
3	0	5	1	1	3	1.9711020626915374	-0.18190367588205802	1.6757363899079043
3	0	6	1	1	3	2.767990750024072	-0.6103725213558864	1.9698044308373817
3	0	7	1	1	3	1.7901380434746041	-0.24219518627227643	1.4963779338224246
3	0	8	1	1	3	2.631338734325509	-0.3828327942415015	2.020426289145326
3	0	9	1	1	3	3.241539906177623	-0.7378649356370399	2.269937756581747
3	0	10	1	1	3	0.8826278329933307	-0.19444218793041657	0.40452768743571
3	0	11	1	1	3	2.7724144528162866	-0.5616214603683645	1.9685174761392572
3	0	12	1	1	3	2.7724144528162866	-0.5616214603683645	1.9685174761392572
3	0	13	1	1	3	2.7724144528162866	-0.5616214603683645	1.9685174761392572
3	0	14	1	1	3	2.7724144528162866	-0.5616214603683645	1.9685174761392572
#HTOF
5	0	0	0	1	3	0.000000e+00	0.000000e+00	0.000000e+00
5	0	1	0	1	3	0.000000e+00	0.000000e+00	0.000000e+00
5	0	2	0	1	3	0.000000e+00	0.000000e+00	0.000000e+00
5	0	3	0	1	3	0.000000e+00	0.000000e+00	0.000000e+00
5	0	4	0	1	3	0.000000e+00	0.000000e+00	0.000000e+00
5	0	5	0	1	3	0.000000e+00	0.000000e+00	0.000000e+00
5	0	6	0	1	3	0.000000e+00	0.000000e+00	0.000000e+00
5	0	7	0	1	3	0.000000e+00	0.000000e+00	0.000000e+00
5	0	8	0	1	3	0.000000e+00	0.000000e+00	0.000000e+00
5	0	9	0	1	3	0.000000e+00	0.000000e+00	0.000000e+00
5	0	10	0	1	3	0.000000e+00	0.000000e+00	0.000000e+00
5	0	11	0	1	3	0.000000e+00	0.000000e+00	0.000000e+00
5	0	12	0	1	3	0.000000e+00	0.000000e+00	0.000000e+00
5	0	13	0	1	3	0.000000e+00	0.000000e+00	0.000000e+00
5	0	14	0	1	3	0.000000e+00	0.000000e+00	0.000000e+00
5	0	15	0	1	3	0.000000e+00	0.000000e+00	0.000000e+00
5	0	16	0	1	3	0.000000e+00	0.000000e+00	0.000000e+00
5	0	17	0	1	3	0.000000e+00	0.000000e+00	0.000000e+00
5	0	18	0	1	3	0.000000e+00	0.000000e+00	0.000000e+00
5	0	19	0	1	3	0.000000e+00	0.000000e+00	0.000000e+00
5	0	20	0	1	3	0.000000e+00	0.000000e+00	0.000000e+00
5	0	21	0	1	3	0.000000e+00	0.000000e+00	0.000000e+00
5	0	22	0	1	3	0.000000e+00	0.000000e+00	0.000000e+00
5	0	23	0	1	3	0.000000e+00	0.000000e+00	0.000000e+00
5	0	24	0	1	3	0.000000e+00	0.000000e+00	0.000000e+00
5	0	25	0	1	3	0.000000e+00	0.000000e+00	0.000000e+00
5	0	26	0	1	3	0.000000e+00	0.000000e+00	0.000000e+00
5	0	27	0	1	3	0.000000e+00	0.000000e+00	0.000000e+00
5	0	28	0	1	3	0.000000e+00	0.000000e+00	0.000000e+00
5	0	29	0	1	3	0.000000e+00	0.000000e+00	0.000000e+00
5	0	30	0	1	3	0.000000e+00	0.000000e+00	0.000000e+00
5	0	31	0	1	3	0.000000e+00	0.000000e+00	0.000000e+00
5	0	32	0	1	3	0.000000e+00	0.000000e+00	0.000000e+00
5	0	33	0	1	3	0.000000e+00	0.000000e+00	0.000000e+00
5	0	0	1	1	3	0.000000e+00	0.000000e+00	0.000000e+00
5	0	1	1	1	3	0.000000e+00	0.000000e+00	0.000000e+00
5	0	2	1	1	3	0.000000e+00	0.000000e+00	0.000000e+00
5	0	3	1	1	3	0.000000e+00	0.000000e+00	0.000000e+00
5	0	4	1	1	3	0.000000e+00	0.000000e+00	0.000000e+00
5	0	5	1	1	3	0.000000e+00	0.000000e+00	0.000000e+00
5	0	6	1	1	3	0.000000e+00	0.000000e+00	0.000000e+00
5	0	7	1	1	3	0.000000e+00	0.000000e+00	0.000000e+00
5	0	8	1	1	3	0.000000e+00	0.000000e+00	0.000000e+00
5	0	9	1	1	3	0.000000e+00	0.000000e+00	0.000000e+00
5	0	10	1	1	3	0.000000e+00	0.000000e+00	0.000000e+00
5	0	11	1	1	3	0.000000e+00	0.000000e+00	0.000000e+00
5	0	12	1	1	3	0.000000e+00	0.000000e+00	0.000000e+00
5	0	13	1	1	3	0.000000e+00	0.000000e+00	0.000000e+00
5	0	14	1	1	3	0.000000e+00	0.000000e+00	0.000000e+00
5	0	15	1	1	3	0.000000e+00	0.000000e+00	0.000000e+00
5	0	16	1	1	3	0.000000e+00	0.000000e+00	0.000000e+00
5	0	17	1	1	3	0.000000e+00	0.000000e+00	0.000000e+00
5	0	18	1	1	3	0.000000e+00	0.000000e+00	0.000000e+00
5	0	19	1	1	3	0.000000e+00	0.000000e+00	0.000000e+00
5	0	20	1	1	3	0.000000e+00	0.000000e+00	0.000000e+00
5	0	21	1	1	3	0.000000e+00	0.000000e+00	0.000000e+00
5	0	22	1	1	3	0.000000e+00	0.000000e+00	0.000000e+00
5	0	23	1	1	3	0.000000e+00	0.000000e+00	0.000000e+00
5	0	24	1	1	3	0.000000e+00	0.000000e+00	0.000000e+00
5	0	25	1	1	3	0.000000e+00	0.000000e+00	0.000000e+00
5	0	26	1	1	3	0.000000e+00	0.000000e+00	0.000000e+00
5	0	27	1	1	3	0.000000e+00	0.000000e+00	0.000000e+00
5	0	28	1	1	3	0.000000e+00	0.000000e+00	0.000000e+00
5	0	29	1	1	3	0.000000e+00	0.000000e+00	0.000000e+00
5	0	30	1	1	3	0.000000e+00	0.000000e+00	0.000000e+00
5	0	31	1	1	3	0.000000e+00	0.000000e+00	0.000000e+00
5	0	32	1	1	3	0.000000e+00	0.000000e+00	0.000000e+00
5	0	33	1	1	3	0.000000e+00	0.000000e+00	0.000000e+00
#T1
7	0	0	0	1	3	5.2217960585899394	-1.776964641753926	2.9623203662636692
#CVC
8	0	0	0	1	3	0.000000e+00	0.000000e+00	0.000000e+00
8	0	1	0	1	3	0.000000e+00	0.000000e+00	0.000000e+00
8	0	2	0	1	3	0.000000e+00	0.000000e+00	0.000000e+00
8	0	3	0	1	3	0.000000e+00	0.000000e+00	0.000000e+00
8	0	4	0	1	3	0.000000e+00	0.000000e+00	0.000000e+00
8	0	5	0	1	3	0.000000e+00	0.000000e+00	0.000000e+00
8	0	6	0	1	3	0.000000e+00	0.000000e+00	0.000000e+00
8	0	7	0	1	3	0.000000e+00	0.000000e+00	0.000000e+00
8	0	0	1	1	3	0.000000e+00	0.000000e+00	0.000000e+00
8	0	1	1	1	3	0.000000e+00	0.000000e+00	0.000000e+00
8	0	2	1	1	3	0.000000e+00	0.000000e+00	0.000000e+00
8	0	3	1	1	3	0.000000e+00	0.000000e+00	0.000000e+00
8	0	4	1	1	3	0.000000e+00	0.000000e+00	0.000000e+00
8	0	5	1	1	3	0.000000e+00	0.000000e+00	0.000000e+00
8	0	6	1	1	3	0.000000e+00	0.000000e+00	0.000000e+00
8	0	7	1	1	3	0.000000e+00	0.000000e+00	0.000000e+00
#COBO
11	0	0	0	0	3	0.000000e+00	0.000000e+00	0.000000e+00
11	0	1	0	0	3	0.000000e+00	0.000000e+00	0.000000e+00
11	0	2	0	0	3	0.000000e+00	0.000000e+00	0.000000e+00
11	0	3	0	0	3	0.000000e+00	0.000000e+00	0.000000e+00
11	0	4	0	0	3	0.000000e+00	0.000000e+00	0.000000e+00
11	0	5	0	0	3	0.000000e+00	0.000000e+00	0.000000e+00
11	0	6	0	0	3	0.000000e+00	0.000000e+00	0.000000e+00
11	0	7	0	0	3	0.000000e+00	0.000000e+00	0.000000e+00
