#CId	PlId	SegId	UorD	Type	nParam	p0	p1	p2
#BHT
1	0	0	0	1	3	9.337584031890682	-0.6801657425641772	6.542134558692468
1	0	1	0	1	3	9.337584031890682	-0.6801657425641772	6.542134558692468
1	0	2	0	1	3	9.337584031890682	-0.6801657425641772	6.542134558692468
1	0	3	0	1	3	9.337584031890682	-0.6801657425641772	6.542134558692468
1	0	4	0	1	3	9.337584031890682	-0.6801657425641772	6.542134558692468
1	0	5	0	1	3	9.337584031890682	-0.6801657425641772	6.542134558692468
1	0	6	0	1	3	9.337584031890682	-0.6801657425641772	6.542134558692468
1	0	7	0	1	3	9.337584031890682	-0.6801657425641772	6.542134558692468
1	0	8	0	1	3	9.337584031890682	-0.6801657425641772	6.542134558692468
1	0	9	0	1	3	9.337584031890682	-0.6801657425641772	6.542134558692468
1	0	10	0	1	3	9.337584031890682	-0.6801657425641772	6.542134558692468
1	0	11	0	1	3	9.337584031890682	-0.6801657425641772	6.542134558692468
1	0	12	0	1	3	9.337584031890682	-0.6801657425641772	6.542134558692468
1	0	13	0	1	3	9.337584031890682	-0.6801657425641772	6.542134558692468
1	0	14	0	1	3	9.337584031890682	-0.6801657425641772	6.542134558692468
1	0	15	0	1	3	9.337584031890682	-0.6801657425641772	6.542134558692468
1	0	16	0	1	3	14.999999932558229	-2.6325984291680906	7.740498257212714
1	0	17	0	1	3	14.99999844465175	-1.5851344432702636	9.138661049963948
1	0	18	0	1	3	14.999999972015875	-1.220541215052683	9.946131283210539
1	0	19	0	1	3	3.8824477923394904	0.05566423645664553	3.7955584847331396
1	0	20	0	1	3	14.402951935209622	-1.0095622654225513	9.999999998117817
1	0	21	0	1	3	14.74232429592543	-1.294585041777101	9.510338858655528
1	0	22	0	1	3	14.997036068093488	-1.5983281864442018	9.106073859636822
1	0	23	0	1	3	3.7179022021865316	0.14478099882286433	3.8210530836334
1	0	24	0	1	3	14.999969625796767	-1.2643558286336982	9.76611250551792
1	0	25	0	1	3	14.184630813542768	-0.9296058809219545	9.999999969205389
1	0	26	0	1	3	2.738639287737498	0.3187403459194753	3.122502330393658
1	0	27	0	1	3	2.5500349800022066	0.21764845901666074	2.7006193391839206
1	0	28	0	1	3	14.478832747148925	-1.0156475777003866	9.999999603080894
1	0	29	0	1	3	0.6206528317749351	0.6854347957308349	0.8987623933640307
1	0	30	0	1	3	14.999999911793218	-1.353235619623966	9.585776364260987
1	0	31	0	1	3	2.3016570204074895	0.3129048954854712	2.59446732393293
1	0	32	0	1	3	0.993586026821204	0.608658140546587	1.3884505837279866
1	0	33	0	1	3	14.216200661764962	-0.9616960103807379	9.999999635679421
1	0	34	0	1	3	14.797724712958491	-1.1171558491516866	9.999999765421464
1	0	35	0	1	3	2.9438585669143613	0.20660624380193138	3.102460214499069
1	0	36	0	1	3	14.999999962261663	-1.2246616135930415	9.83419068776392
1	0	37	0	1	3	3.9915650014879427	-0.0050091716618716475	3.8141769067634055
1	0	38	0	1	3	6.327085703399149	-0.529899434305932	4.947211957153551
1	0	39	0	1	3	3.70923896658004	0.06640533222597433	3.623657621218488
1	0	40	0	1	3	14.999999031150995	-1.4251548179176612	9.487996947069401
1	0	41	0	1	3	9.626263275977138	-0.9946897504542473	6.691134348070403
1	0	42	0	1	3	14.999999944673501	-1.3649882701556924	9.58220596676482
1	0	43	0	1	3	2.5154542918234997	0.19236953495451026	2.6263743679015246
1	0	44	0	1	3	14.999994712289045	-1.217099348624524	9.930490608794376
1	0	45	0	1	3	4.339054787533558	-0.1561449110030333	3.8800507983245307
1	0	46	0	1	3	8.681730966713598	-0.9896048236873725	6.023414945214151
1	0	47	0	1	3	3.425255641978407	-0.0546010092449114	3.1989639651841157
1	0	48	0	1	3	7.866057909761778	-0.699180122804135	5.915761612898514
1	0	49	0	1	3	4.951721637925324	-0.3834871125778614	4.087171086721103
1	0	50	0	1	3	14.813571452974962	-1.5880472391295508	9.114442830962492
1	0	51	0	1	3	9.337584031890682	-0.6801657425641772	6.542134558692468
1	0	52	0	1	3	9.337584031890682	-0.6801657425641772	6.542134558692468
1	0	53	0	1	3	9.337584031890682	-0.6801657425641772	6.542134558692468
1	0	54	0	1	3	9.337584031890682	-0.6801657425641772	6.542134558692468
1	0	55	0	1	3	9.337584031890682	-0.6801657425641772	6.542134558692468
1	0	56	0	1	3	9.337584031890682	-0.6801657425641772	6.542134558692468
1	0	57	0	1	3	9.337584031890682	-0.6801657425641772	6.542134558692468
1	0	58	0	1	3	9.337584031890682	-0.6801657425641772	6.542134558692468
1	0	59	0	1	3	9.337584031890682	-0.6801657425641772	6.542134558692468
1	0	60	0	1	3	9.337584031890682	-0.6801657425641772	6.542134558692468
1	0	61	0	1	3	9.337584031890682	-0.6801657425641772	6.542134558692468
1	0	62	0	1	3	9.337584031890682	-0.6801657425641772	6.542134558692468
1	0	0	1	1	3	5.475577290845973	-0.17979056634035628	4.355339284846437
1	0	1	1	1	3	5.475577290845973	-0.17979056634035628	4.355339284846437
1	0	2	1	1	3	5.475577290845973	-0.17979056634035628	4.355339284846437
1	0	3	1	1	3	5.475577290845973	-0.17979056634035628	4.355339284846437
1	0	4	1	1	3	5.475577290845973	-0.17979056634035628	4.355339284846437
1	0	5	1	1	3	5.475577290845973	-0.17979056634035628	4.355339284846437
1	0	6	1	1	3	5.475577290845973	-0.17979056634035628	4.355339284846437
1	0	7	1	1	3	5.475577290845973	-0.17979056634035628	4.355339284846437
1	0	8	1	1	3	5.475577290845973	-0.17979056634035628	4.355339284846437
1	0	9	1	1	3	5.475577290845973	-0.17979056634035628	4.355339284846437
1	0	10	1	1	3	5.475577290845973	-0.17979056634035628	4.355339284846437
1	0	11	1	1	3	5.475577290845973	-0.17979056634035628	4.355339284846437
1	0	12	1	1	3	5.475577290845973	-0.17979056634035628	4.355339284846437
1	0	13	1	1	3	5.475577290845973	-0.17979056634035628	4.355339284846437
1	0	14	1	1	3	5.475577290845973	-0.17979056634035628	4.355339284846437
1	0	15	1	1	3	5.475577290845973	-0.17979056634035628	4.355339284846437
1	0	16	1	1	3	2.267725615929096	0.46840794735238056	2.908292676113077
1	0	17	1	1	3	14.999992611944727	-1.5919820905267001	9.168822327914532
1	0	18	1	1	3	0.6133823204767919	0.6562221442455218	0.885569259090381
1	0	19	1	1	3	2.6957399685454178	0.30943254380111274	3.0760669641150358
1	0	20	1	1	3	5.094251293923885	-0.01571218279872255	4.881138486921128
1	0	21	1	1	3	14.99999953429272	-1.6951310099238035	8.934656065173947
1	0	22	1	1	3	14.602863848474852	-1.0455557558457653	9.999999483187343
1	0	23	1	1	3	10.233717890140163	-0.7924617429771219	7.427182124967235
1	0	24	1	1	3	2.5457646970571686	0.20893048174557016	2.6843182013541114
1	0	25	1	1	3	2.6509545559147827	0.17545685058419735	2.7631369238885704
1	0	26	1	1	3	1.736047502674423	0.32435814089841486	1.9521047570554018
1	0	27	1	1	3	2.7497242535448847	0.2212892495343315	2.940457965021446
1	0	28	1	1	3	2.4473908733886147	0.15743007340048187	2.4834462535366786
1	0	29	1	1	3	1.8376098089495072	0.3009602924565069	2.019155268195834
1	0	30	1	1	3	2.9868355245081792	0.1262435911895432	2.9946694967741694
1	0	31	1	1	3	14.999999858143465	-2.0985166258210186	8.375523808871684
1	0	32	1	1	3	4.591136838840448	-0.1640216395694063	4.050434359359003
1	0	33	1	1	3	3.111282606645528	0.17057552574662438	3.2451783169113906
1	0	34	1	1	3	1.091246257907272	0.5733158230242692	1.5040928197923056
1	0	35	1	1	3	5.4307333506345925	-0.2000029566703203	4.751962251757867
1	0	36	1	1	3	1.3589405883828745	0.3049791435214688	1.4246737272424408
1	0	37	1	1	3	13.021538565595012	-1.1808501567925895	8.670778964006326
1	0	38	1	1	3	1.5057106739112256	0.47197636642065977	1.8598780080095194
1	0	39	1	1	3	3.7659073643261496	-0.008632678548458728	3.5520557467154212
1	0	40	1	1	3	4.209940266481863	-0.1899365845922727	3.7065956727054123
1	0	41	1	1	3	4.081862311344168	0.09537744656125202	4.100507157879387
1	0	42	1	1	3	3.546644695279827	0.0101354991789524	3.399906649240485
1	0	43	1	1	3	14.976945546025764	-1.2487277050158294	9.829382703373888
1	0	44	1	1	3	5.748360473227021	-0.3063596535403681	4.8571874391539565
1	0	45	1	1	3	12.876417217451452	-1.0368716975806933	8.874390968095268
1	0	46	1	1	3	2.8619278488011037	0.1254493011358182	2.8828338358873236
1	0	47	1	1	3	2.7683050093171127	0.1488766527563543	2.8364126426727494
1	0	48	1	1	3	2.0323212813789238	0.2037306748037775	2.129754175382261
1	0	49	1	1	3	2.3874503919660413	0.19529941536210327	2.5109733635579716
1	0	50	1	1	3	4.816533734184011	0.03364549457125943	4.755336105701745
1	0	51	1	1	3	5.475577290845973	-0.17979056634035628	4.355339284846437
1	0	52	1	1	3	5.475577290845973	-0.17979056634035628	4.355339284846437
1	0	53	1	1	3	5.475577290845973	-0.17979056634035628	4.355339284846437
1	0	54	1	1	3	5.475577290845973	-0.17979056634035628	4.355339284846437
1	0	55	1	1	3	5.475577290845973	-0.17979056634035628	4.355339284846437
1	0	56	1	1	3	5.475577290845973	-0.17979056634035628	4.355339284846437
1	0	57	1	1	3	5.475577290845973	-0.17979056634035628	4.355339284846437
1	0	58	1	1	3	5.475577290845973	-0.17979056634035628	4.355339284846437
1	0	59	1	1	3	5.475577290845973	-0.17979056634035628	4.355339284846437
1	0	60	1	1	3	5.475577290845973	-0.17979056634035628	4.355339284846437
1	0	61	1	1	3	5.475577290845973	-0.17979056634035628	4.355339284846437
1	0	62	1	1	3	5.475577290845973	-0.17979056634035628	4.355339284846437
#BH2
3	0	0	0	1	3	2.761243187944632	-0.45937794400394855	2.0692932052156996
3	0	1	0	1	3	2.761243187944632	-0.45937794400394855	2.0692932052156996
3	0	2	0	1	3	2.761243187944632	-0.45937794400394855	2.0692932052156996
3	0	3	0	1	3	1.6960276618718275	-0.10412459024384813	1.5212601459722048
3	0	4	0	1	3	3.3019447808438955	-0.7359630234314167	2.3893840125828314
3	0	5	0	1	3	1.9664498782787398	-0.1690782518251357	1.6929176870999298
3	0	6	0	1	3	5.526497523932509	-1.3407152790753147	3.382596586366784
3	0	7	0	1	3	2.21037226819186	-0.23438192460498541	1.8476461315767834
3	0	8	0	1	3	2.7578411576114377	-0.494102981381233	2.0933261503760594
3	0	9	0	1	3	1.8695690448821571	-0.13727955746570597	1.557921722535303
3	0	10	0	1	3	2.761243187944632	-0.45937794400394855	2.0692932052156996
3	0	11	0	1	3	2.761243187944632	-0.45937794400394855	2.0692932052156996
3	0	12	0	1	3	2.761243187944632	-0.45937794400394855	2.0692932052156996
3	0	13	0	1	3	2.761243187944632	-0.45937794400394855	2.0692932052156996
3	0	14	0	1	3	2.761243187944632	-0.45937794400394855	2.0692932052156996
3	0	0	1	1	3	1.762917959006787	-0.1103506568474865	1.5323110804827265
3	0	1	1	1	3	1.762917959006787	-0.1103506568474865	1.5323110804827265
3	0	2	1	1	3	1.762917959006787	-0.1103506568474865	1.5323110804827265
3	0	3	1	1	3	1.663920101121199	-0.10789722478120556	1.4906529850976757
3	0	4	1	1	3	1.743716782251018	-0.11280067722782494	1.5374006640554985
3	0	5	1	1	3	1.7860954980335197	-0.08383181629629277	1.5913069960882789
3	0	6	1	1	3	2.144543064019764	-0.28275079179348417	1.686412509705221
3	0	7	1	1	3	1.4445910228266885	-0.033382314331197094	1.3621767016248034
3	0	8	1	1	3	1.9080829783127282	-0.10632513662293697	1.6443200221428045
3	0	9	1	1	3	1.6494762664825917	-0.04546663687946406	1.413907684664804
3	0	10	1	1	3	1.762917959006787	-0.1103506568474865	1.5323110804827265
3	0	11	1	1	3	1.762917959006787	-0.1103506568474865	1.5323110804827265
3	0	12	1	1	3	1.762917959006787	-0.1103506568474865	1.5323110804827265
3	0	13	1	1	3	1.762917959006787	-0.1103506568474865	1.5323110804827265
3	0	14	1	1	3	1.762917959006787	-0.1103506568474865	1.5323110804827265
#HTOF
5	0	0	0	1	3	0.000000e+00	0.000000e+00	0.000000e+00
5	0	1	0	1	3	0.000000e+00	0.000000e+00	0.000000e+00
5	0	2	0	1	3	0.000000e+00	0.000000e+00	0.000000e+00
5	0	3	0	1	3	0.000000e+00	0.000000e+00	0.000000e+00
5	0	4	0	1	3	0.000000e+00	0.000000e+00	0.000000e+00
5	0	5	0	1	3	0.000000e+00	0.000000e+00	0.000000e+00
5	0	6	0	1	3	0.000000e+00	0.000000e+00	0.000000e+00
5	0	7	0	1	3	0.000000e+00	0.000000e+00	0.000000e+00
5	0	8	0	1	3	0.000000e+00	0.000000e+00	0.000000e+00
5	0	9	0	1	3	0.000000e+00	0.000000e+00	0.000000e+00
5	0	10	0	1	3	0.000000e+00	0.000000e+00	0.000000e+00
5	0	11	0	1	3	0.000000e+00	0.000000e+00	0.000000e+00
5	0	12	0	1	3	0.000000e+00	0.000000e+00	0.000000e+00
5	0	13	0	1	3	0.000000e+00	0.000000e+00	0.000000e+00
5	0	14	0	1	3	0.000000e+00	0.000000e+00	0.000000e+00
5	0	15	0	1	3	0.000000e+00	0.000000e+00	0.000000e+00
5	0	16	0	1	3	0.000000e+00	0.000000e+00	0.000000e+00
5	0	17	0	1	3	0.000000e+00	0.000000e+00	0.000000e+00
5	0	18	0	1	3	0.000000e+00	0.000000e+00	0.000000e+00
5	0	19	0	1	3	0.000000e+00	0.000000e+00	0.000000e+00
5	0	20	0	1	3	0.000000e+00	0.000000e+00	0.000000e+00
5	0	21	0	1	3	0.000000e+00	0.000000e+00	0.000000e+00
5	0	22	0	1	3	0.000000e+00	0.000000e+00	0.000000e+00
5	0	23	0	1	3	0.000000e+00	0.000000e+00	0.000000e+00
5	0	24	0	1	3	0.000000e+00	0.000000e+00	0.000000e+00
5	0	25	0	1	3	0.000000e+00	0.000000e+00	0.000000e+00
5	0	26	0	1	3	0.000000e+00	0.000000e+00	0.000000e+00
5	0	27	0	1	3	0.000000e+00	0.000000e+00	0.000000e+00
5	0	28	0	1	3	0.000000e+00	0.000000e+00	0.000000e+00
5	0	29	0	1	3	0.000000e+00	0.000000e+00	0.000000e+00
5	0	30	0	1	3	0.000000e+00	0.000000e+00	0.000000e+00
5	0	31	0	1	3	0.000000e+00	0.000000e+00	0.000000e+00
5	0	32	0	1	3	0.000000e+00	0.000000e+00	0.000000e+00
5	0	33	0	1	3	0.000000e+00	0.000000e+00	0.000000e+00
5	0	0	1	1	3	0.000000e+00	0.000000e+00	0.000000e+00
5	0	1	1	1	3	0.000000e+00	0.000000e+00	0.000000e+00
5	0	2	1	1	3	0.000000e+00	0.000000e+00	0.000000e+00
5	0	3	1	1	3	0.000000e+00	0.000000e+00	0.000000e+00
5	0	4	1	1	3	0.000000e+00	0.000000e+00	0.000000e+00
5	0	5	1	1	3	0.000000e+00	0.000000e+00	0.000000e+00
5	0	6	1	1	3	0.000000e+00	0.000000e+00	0.000000e+00
5	0	7	1	1	3	0.000000e+00	0.000000e+00	0.000000e+00
5	0	8	1	1	3	0.000000e+00	0.000000e+00	0.000000e+00
5	0	9	1	1	3	0.000000e+00	0.000000e+00	0.000000e+00
5	0	10	1	1	3	0.000000e+00	0.000000e+00	0.000000e+00
5	0	11	1	1	3	0.000000e+00	0.000000e+00	0.000000e+00
5	0	12	1	1	3	0.000000e+00	0.000000e+00	0.000000e+00
5	0	13	1	1	3	0.000000e+00	0.000000e+00	0.000000e+00
5	0	14	1	1	3	0.000000e+00	0.000000e+00	0.000000e+00
5	0	15	1	1	3	0.000000e+00	0.000000e+00	0.000000e+00
5	0	16	1	1	3	0.000000e+00	0.000000e+00	0.000000e+00
5	0	17	1	1	3	0.000000e+00	0.000000e+00	0.000000e+00
5	0	18	1	1	3	0.000000e+00	0.000000e+00	0.000000e+00
5	0	19	1	1	3	0.000000e+00	0.000000e+00	0.000000e+00
5	0	20	1	1	3	0.000000e+00	0.000000e+00	0.000000e+00
5	0	21	1	1	3	0.000000e+00	0.000000e+00	0.000000e+00
5	0	22	1	1	3	0.000000e+00	0.000000e+00	0.000000e+00
5	0	23	1	1	3	0.000000e+00	0.000000e+00	0.000000e+00
5	0	24	1	1	3	0.000000e+00	0.000000e+00	0.000000e+00
5	0	25	1	1	3	0.000000e+00	0.000000e+00	0.000000e+00
5	0	26	1	1	3	0.000000e+00	0.000000e+00	0.000000e+00
5	0	27	1	1	3	0.000000e+00	0.000000e+00	0.000000e+00
5	0	28	1	1	3	0.000000e+00	0.000000e+00	0.000000e+00
5	0	29	1	1	3	0.000000e+00	0.000000e+00	0.000000e+00
5	0	30	1	1	3	0.000000e+00	0.000000e+00	0.000000e+00
5	0	31	1	1	3	0.000000e+00	0.000000e+00	0.000000e+00
5	0	32	1	1	3	0.000000e+00	0.000000e+00	0.000000e+00
5	0	33	1	1	3	0.000000e+00	0.000000e+00	0.000000e+00
#T1
7	0	0	0	1	3	2.668246450974703	-0.03240351969352062	2.496418316912365
#CVC
8	0	0	0	1	3	0.000000e+00	0.000000e+00	0.000000e+00
8	0	1	0	1	3	0.000000e+00	0.000000e+00	0.000000e+00
8	0	2	0	1	3	0.000000e+00	0.000000e+00	0.000000e+00
8	0	3	0	1	3	0.000000e+00	0.000000e+00	0.000000e+00
8	0	4	0	1	3	0.000000e+00	0.000000e+00	0.000000e+00
8	0	5	0	1	3	0.000000e+00	0.000000e+00	0.000000e+00
8	0	6	0	1	3	0.000000e+00	0.000000e+00	0.000000e+00
8	0	7	0	1	3	0.000000e+00	0.000000e+00	0.000000e+00
8	0	0	1	1	3	0.000000e+00	0.000000e+00	0.000000e+00
8	0	1	1	1	3	0.000000e+00	0.000000e+00	0.000000e+00
8	0	2	1	1	3	0.000000e+00	0.000000e+00	0.000000e+00
8	0	3	1	1	3	0.000000e+00	0.000000e+00	0.000000e+00
8	0	4	1	1	3	0.000000e+00	0.000000e+00	0.000000e+00
8	0	5	1	1	3	0.000000e+00	0.000000e+00	0.000000e+00
8	0	6	1	1	3	0.000000e+00	0.000000e+00	0.000000e+00
8	0	7	1	1	3	0.000000e+00	0.000000e+00	0.000000e+00
#COBO
11	0	0	0	0	3	0.000000e+00	0.000000e+00	0.000000e+00
11	0	1	0	0	3	0.000000e+00	0.000000e+00	0.000000e+00
11	0	2	0	0	3	0.000000e+00	0.000000e+00	0.000000e+00
11	0	3	0	0	3	0.000000e+00	0.000000e+00	0.000000e+00
11	0	4	0	0	3	0.000000e+00	0.000000e+00	0.000000e+00
11	0	5	0	0	3	0.000000e+00	0.000000e+00	0.000000e+00
11	0	6	0	0	3	0.000000e+00	0.000000e+00	0.000000e+00
11	0	7	0	0	3	0.000000e+00	0.000000e+00	0.000000e+00
