##
#  file: DCGeomParam_e72_20260106
#
# Name Explaination (use DCGeomRecord as refference):
#             X:      x [mm]
#             Y:      y [mm] (same as L)
#             Z:      z [mm]
#             TA:     tilt angle [deg]
#             RA1:    rotation angle along x-axis [deg]
#             RA2:    rotation angle along y-axis [deg]
#             L:      local length from VI or VO [mm]
#             Res:    resolution [mm]
#             W0:     central wire # (0-origin)
#             dXdW:   sense wire pitch [mm]
#             Ofs:    offset [mm] (to be tuned by analysis)
#
#__________________________________________________________________________________________________
#
# Id	Name	X	Y	Z	TA	RA1	RA2	L	Res	W0	dXdW	Ofs
#
### BLC1a
1	BLC1a-U1	0.50	0.50	-180.0	-44.89	0.0	0.0	-180.0	0.195536	15.5	-8.0	1.950246738957
2	BLC1a-UP1	0.50	0.50	-175.0	-44.89	0.0	0.0	-175.0	0.195536	16.0	-8.0	1.750142157902013
3	BLC1a-V1	0.50	0.50	-170.0	45.11	0.0	0.0	-170.0	0.195536	15.5	8.0	-1.7424230588618894
4	BLC1a-VP1	0.50	0.50	-165.0	45.11	0.0	0.0	-165.0	0.195536	16.0	8.0	-1.6283020586372876
5	BLC1a-U2	0.50	0.50	-135.0	-44.89	0.0	0.0	-135.0	0.195536	15.5	-8.0	1.7679686053412633
6	BLC1a-UP2	0.50	0.50	-130.0	-44.89	0.0	0.0	-130.0	0.195536	16.0	-8.0	1.819944235672922
7	BLC1a-V2	0.50	0.50	-125.0	45.11	0.0	0.0	-125.0	0.195536	15.5	8.0	-1.243342744634855
8	BLC1a-VP2	0.50	0.50	-120.0	45.11	0.0	0.0	-120.0	0.195536	16.0	8.0	-1.25028339995253
### BLC1b
9	BLC1b-U1	1.50	1.00	120.0	-45.0	0.0	0.0	120.0	0.195536	15.5	-8.0	1.9208538180168306
10	BLC1b-UP1	1.50	1.00	125.0	-45.0	0.0	0.0	125.0	0.195536	16.0	-8.0	1.9584477707559036
11	BLC1b-V1	1.50	1.00	130.0	45.0	0.0	0.0	130.0	0.195536	15.5	8.0	-0.06558738147531024
12	BLC1b-VP1	1.50	1.00	135.0	45.0	0.0	0.0	135.0	0.195536	16.0	8.0	0.010786475853108064
13	BLC1b-U2	1.50	1.00	165.0	-45.0	0.0	0.0	165.0	0.195536	15.5	-8.0	1.7871208893539592
14	BLC1b-UP2	1.50	1.00	170.0	-45.0	0.0	0.0	170.0	0.195536	16.0	-8.0	1.7961370271775958
15	BLC1b-V2	1.50	1.00	175.0	45.0	0.0	0.0	175.0	0.195536	15.5	8.0	0.318042918006309
16	BLC1b-VP2	1.50	1.00	180.0	45.0	0.0	0.0	180.0	0.195536	16.0	8.0	0.3570359953368968

########## BcOutTracking
# Reference point is FF
# Id	Name	X	Y	Z	TA	RA1	RA2	L	Res	W0	dXdW	Ofs
### BLC2a
1001	BLC2a-U1	0.0	-0.5	-1456.615	-45.0	0.0	0.0	-1456.615	0.220914	16.0	-5.0	0.353553390593
1002	BLC2a-UP1	0.0	-0.5	-1451.615	-45.0	0.0	0.0	-1451.615	0.220914	15.5	-5.0	0.3863883851336734
1003	BLC2a-V1	0.0	-0.5	-1446.615	45.0	0.0	0.0	-1446.615	0.220914	16.0	-5.0	-0.2894032831095857
1004	BLC2a-VP1	0.0	-0.5	-1441.615	45.0	0.0	0.0	-1441.615	0.220914	15.5	-5.0	-0.3147568745179211
1005	BLC2a-U2	0.0	-0.5	-1436.615	-45.0	0.0	0.0	-1436.615	0.220914	16.0	-5.0	0.3882023389509994
1006	BLC2a-UP2	0.0	-0.5	-1431.615	-45.0	0.0	0.0	-1431.615	0.220914	15.5	-5.0	0.3794837335833797
1007	BLC2a-V2	0.0	-0.5	-1426.615	45.0	0.0	0.0	-1426.615	0.220914	16.0	-5.0	-0.3522139617108572
1008	BLC2a-VP2	0.0	-0.5	-1421.615	45.0	0.0	0.0	-1421.615	0.220914	15.5	-5.0	-0.3421293138338652
### BLC2b
1009	BLC2b-U1	0.0	0.5	-1178.005	-45.0	0.0	0.0	-1178.005	0.220914	15.5	5.0	-0.27785105888336303
1010	BLC2b-UP1	0.0	0.5	-1173.005	-45.0	0.0	0.0	-1173.005	0.220914	16.0	5.0	-0.26153112536305834
1011	BLC2b-V1	0.0	0.5	-1168.005	45.0	0.0	0.0	-1168.005	0.220914	15.5	5.0	0.3555413350330373
1012	BLC2b-VP1	0.0	0.5	-1163.005	45.0	0.0	0.0	-1163.005	0.220914	16.0	5.0	0.3260003031089564
1013	BLC2b-U2	0.0	0.5	-1158.005	-45.0	0.0	0.0	-1158.005	0.220914	15.5	5.0	-0.3305417064437985
1014	BLC2b-UP2	0.0	0.5	-1153.005	-45.0	0.0	0.0	-1153.005	0.220914	16.0	5.0	-0.4012391721989598
1015	BLC2b-V2	0.0	0.5	-1148.005	45.0	0.0	0.0	-1148.005	0.220914	15.5	5.0	0.4384352708241624
1016	BLC2b-VP2	0.0	0.5	-1143.005	45.0	0.0	0.0	-1143.005	0.220914	16.0	5.0	0.39201804342118746

### Counters
3001	BHT	0.00	0.00	0.00	0.0	0.0	0.0	0.00	0.00	0.0	0.0	0.00
3002	T0	0.00	0.00	-1100.0	0.0	0.0	0.0	0.00	0.00	0.0	0.0	0.00
3003	BH2	0.00	0.00	-745.7	0.0	0.0	0.0	0.00	0.00	0.0	0.0	0.00
3004	BAC	-17.3	0.00	-648.4	0.0	0.0	0.0	0.00	0.00	0.0	0.0	0.00
3005	HTOF	0.00	0.00	0.00	0.0	0.0	0.0	0.00	0.00	0.0	0.0	0.00
3006	KVC	0.00	0.00	460.48	0.0	0.0	0.0	0.00	0.00	0.0	0.0	0.00
3007	T1	1.50	1.50	549.2	0.0	0.0	0.0	0.00	0.00	0.0	0.0	0.00
3008	CVC	12.7	0.00	13918.5	0.0	0.0	0.0	0.00	0.00	0.0	0.0	0.00
3009	SAC3	0.00	0.00	14197.4	0.0	0.0	0.0	0.00	0.00	0.0	0.0	0.00
3010	SFV	0.00	0.00	14309.9	0.0	0.0	0.0	0.00	0.00	0.0	0.0	0.00

### TPC
4001	HypTPC	0.00	0.00	-150.1	0.0	0.0	0.0	0.00	0.00	0.0	0.0	0.00
4002	Target	0.00	0.00	-293.1	0.0	0.0	0.0	0.00	0.00	0.0	0.0	0.00
